time,u_000,u_001,u_002,u_003,u_004,u_005,u_006,u_007,u_008,u_009,u_010,u_011,u_012,u_013,u_014,u_015,u_016,u_017,u_018,u_019,u_020,u_021,u_022,u_023,u_024,u_025,u_026,u_027,u_028,u_029,u_030,u_031
0.0,0.30495622476315504,0.5552191084659659,0.6644227216416722,0.8015913629142113,0.9814174569824305,0.9455160003845208,1.1452730238563298,1.2737615111930851,1.2912098301228911,1.3080987958053314,1.3527756186794488,1.4651281826263416,1.3726803327436359,1.5079995435919122,1.497877731880262,1.6481650194754196,1.466271016028901,1.4229572979245466,1.270580102887916,1.4666827918022813,1.3491300194247573,1.254790308116254,1.0174448345675475,0.8220511716803822,0.986548231726309,0.8789516194543715,0.6034338609928638,0.4249593101009749,0.2947635393205164,0.23436171397290986,-0.019400782055506036,0.040439646515117667
0.009999999999999787,0.23319830279267792,0.49349525293471413,0.7386305768006092,0.710932304849773,0.9374042032059003,1.0341237291609344,1.0777629735010479,1.2288309775962014,1.2660611835393714,1.4022576105636693,1.4240924855938237,1.4583306852156919,1.5454726636814518,1.4825405053421266,1.3797192393555342,1.6021568222040854,1.4117788508582616,1.484776348777243,1.3296277466696675,1.4360157059588876,1.3759979852341675,1.3077365860671717,1.21979075419281,0.9575537311657877,0.8935824948685491,0.8290867572582552,0.5845500182261397,0.4739220412808033,0.3502925265315587,0.1299588366101501,-0.10936578747328629,0.024195858344144203
0.019999999999999574,0.3529764469614646,0.5179294305001657,0.63774508756148,0.8046818506862979,0.9611867477778911,1.0575784690001,1.2083147479417198,1.2431186451641008,1.1570476618954995,1.2380254854658677,1.2944761592696727,1.572078824585925,1.4908897126031087,1.4265427117342901,1.39480948537318,1.6482516278651036,1.4280850736844348,1.4421824454222991,1.3722589771490408,1.3795691676087314,1.3533476737944437,1.3266345448132353,1.1115600048711274,0.9126505204706231,0.9422276123869997,0.8320836264042806,0.6504762348865774,0.5036863910173123,0.35583977619459956,0.2909739802206636,0.09087105103998253,0.11948183843518234
0.02999999999999936,0.19791610023600836,0.42897534025764017,0.6591742736378259,0.8023445636619024,0.8765413890008142,0.972709168415191,1.159391844769797,1.3088337927633307,1.2452480014387906,1.3567155400242001,1.3531485598146804,1.4481267843809182,1.468560173800252,1.5552633886986957,1.4427869251957066,1.5554975042455388,1.4004968705349834,1.4609683854308968,1.2918563038834046,1.4139036307235435,1.2489665705650799,1.1980319034838007,1.0330373265970811,0.8833022376548413,0.9320171813216779,0.842421307037814,0.6012518570549724,0.559222471200143,0.25478948343485447,0.11581548648760448,-0.07648587876027182,0.09424401841467087
0.03999999999999915,0.3388332609724787,0.5358913978727387,0.7399914004140419,0.8456487088903837,1.0380183859034022,1.0513400519375333,1.144159573125865,1.3130309504465902,1.271962173430985,1.2903343973546173,1.3480412570096525,1.5292730003028965,1.4872689283917337,1.4978001454770404,1.538572185585953,1.5376613290585812,1.4212333696939135,1.461188226066818,1.3097778279481926,1.4180561459234744,1.3105012888315222,1.1795594326950953,1.0829265730999689,0.9335016850540208,0.9754465449662175,0.7307733728506083,0.6637956910484799,0.5504073695634295,0.3316092036579948,0.11208220217562197,-0.055153070335525495,0.0746493045976413
0.05000000000000071,0.32560163467756803,0.4542469050979733,0.5977084431785071,0.7328820039651157,1.0033295960667503,1.0492896630526358,1.1935734643343145,1.2309849969014506,1.22981889385811,1.3506070526197291,1.393019453343149,1.527881091329608,1.5101614782462462,1.4419186694659412,1.5005409543694073,1.576990498520778,1.446959634696555,1.4515377203459299,1.3643986696414656,1.4650100966590787,1.4023881229374624,1.2717906971158048,1.0586870263543544,0.8194830727052955,0.9289790893912968,0.773864111378339,0.5533417304140255,0.46108057029553057,0.2884586645148416,0.14797876199390178,0.05012590370032946,0.06065215172039479
0.0600000000000005,0.2593987527428432,0.5351615052468175,0.7580783051793037,0.8391666435971392,0.9209113896716755,0.9531902150871343,1.136901113581346,1.19895189356479,1.1404215079703786,1.3317151140438808,1.4547242085377639,1.5335826222918088,1.5271396833073498,1.4376426212738014,1.442241085511361,1.5344361521301928,1.4307029070217914,1.4890385650125018,1.2728689543543341,1.3710240115203127,1.1686544171347444,1.2478200846771315,1.0926219457961266,0.9903953779721791,1.0222557967686832,0.7848581756645497,0.5243863589752623,0.40037873088986975,0.32446598634926443,0.31332595339894614,0.0827199614714426,0.03131590553957442
0.07000000000000028,0.2615266110086919,0.4423342665146513,0.6883241184479272,0.8499109090719521,1.0544306767512734,1.0044675396923677,1.2214583376093293,1.1972337541121076,1.1902908311980358,1.3053784250501008,1.3323398097836388,1.4342984487839587,1.417059772352453,1.479271919063363,1.4287959624006625,1.6381482774859313,1.407458173022948,1.445654861877609,1.2620731243534835,1.4197856730220886,1.357044477153761,1.1755273866384761,1.0831304310221972,0.8589173167118263,0.8758965405170649,0.7885195365672969,0.6278621419702272,0.4646747782366945,0.325244273572332,0.16758773209791397,-0.0025803438649290925,0.058911972345377706
0.08000000000000007,0.27259740569342833,0.47156680681546737,0.6602889879912471,0.9162033872657385,0.952759641787654,1.0336320218576651,1.106280829096685,1.2560827974696998,1.279217673023499,1.3476043459026557,1.4045757625458177,1.4010972558976695,1.4018109204377749,1.4173984407655453,1.4412002992631756,1.5489120378283268,1.444490057548321,1.3660064282619555,1.358181595381151,1.4797105487063653,1.466661485651511,1.4063432253588777,1.0942096733982876,0.9023984265791648,0.9263939119267413,0.8452278463491372,0.5945250800930353,0.46888644431141874,0.218615850548584,0.2396789046593241,0.01187541089311783,0.04152698058832872
0.08999999999999986,0.25670544415884516,0.5108711515866241,0.6680198389854775,0.840016373788228,0.9838490436225669,0.9006689790928393,1.0496645424115902,1.2082966885644253,1.1968405247725522,1.2782903250741542,1.3646173423500931,1.4749282770920793,1.5621549009440536,1.4062123316692792,1.4320156619590378,1.7314262791802217,1.3869901616637195,1.4536052656158749,1.2896173396844364,1.3339448237969447,1.360469379315083,1.195606040812463,1.0208761843306589,1.0310678110612708,1.1055282993679407,0.8351515425792004,0.5789534565842702,0.3648606262659437,0.35327997673935124,0.15485399413783454,0.0016951036721682957,-0.022119119725631114
0.09999999999999964,0.3391847129146527,0.47333576779661657,0.6937220895637723,0.8063768206290195,0.9180330983552522,1.1153659687230955,1.126873997982808,1.1897576084183457,1.2459509412135452,1.3992506418027515,1.3527992152920263,1.4789843424057691,1.512541978314461,1.6004837545205857,1.4284037604683337,1.4617648344238452,1.4221847896964277,1.3533213239885742,1.3408442021475946,1.4294468457237766,1.3988072749293683,1.3182940357542778,1.1620354757394835,0.9848320854041048,0.9514258004253683,0.8007867493104425,0.5109583090481692,0.36574748507097027,0.3666242294804016,0.20576564798343763,0.022516112139095754,-0.056332527130517285
0.10999999999999943,0.2805643764351853,0.41596995512235047,0.5994967744305206,0.8837763491931689,1.0149178571600124,1.0155786336493124,1.1375970679661984,1.2152259896665076,1.0178886606723272,1.1642420656232553,1.2446132628903535,1.3273373095216527,1.5032536270315606,1.6516404884858704,1.4603610493411168,1.618161658892055,1.3491578717442723,1.3481860955963918,1.2474110047063358,1.3241877090079328,1.3252938354003023,1.3643171002285102,1.0303040626229463,0.9970360775213194,0.9761347385645677,0.6766359847311658,0.6416302898583601,0.5157273974758797,0.24890902571634918,0.15592934484754287,-0.0006753645115250115,0.051221322646819986
0.11999999999999922,0.2663953498803854,0.4041545571018428,0.6774456771411987,0.7551555551876372,0.9439443147084888,0.957123842072457,1.1712629181200698,1.227373574477309,1.177644741073641,1.3111888099163767,1.2383418814664344,1.350950703488956,1.4844028085577008,1.4802392543447855,1.3844629586616424,1.6325402293620632,1.4870016255262883,1.3801852547704283,1.362521161559177,1.5039861670198407,1.3593066253504262,1.284642183273158,1.1220809850617466,1.0007979990801263,0.8639105235368422,0.7666944093762544,0.5918598780373612,0.41043141918322873,0.28224205127011825,0.14681400377035533,-0.004972763677065705,0.11953785318230495
0.13000000000000078,0.326485467544938,0.4602546134767542,0.6444958172608057,0.8210650143348749,0.9028903810958986,0.9563135146772798,1.134482875398869,1.2307563833368436,1.143875883378615,1.24551274061791,1.3687136798024513,1.4208606752748112,1.5637927493541188,1.482775620028082,1.5010122952255929,1.5080525839148087,1.4243332494248608,1.5632063993217393,1.2723378225130313,1.3502346600355926,1.332781981001636,1.2333418614400429,1.092627299116678,1.0009272226734278,0.9793324031010356,0.7829194216339496,0.5965104586896358,0.507482803956572,0.3276659601113992,0.25572785839561796,0.035128596792023445,0.015818059364869266
0.14000000000000057,0.2813517605710984,0.4323751721089826,0.7645768026931713,0.9424533531819692,1.0387468930860912,0.9542338130372343,1.1168533212751677,1.1332592982182093,1.2129930257190598,1.3030607563720749,1.2903769543056602,1.343718778596288,1.6076192991819271,1.4474442283027609,1.4149350799362133,1.5014147130307154,1.3844476837400006,1.4834312052912804,1.2950923706120774,1.4142239271390402,1.349420572980047,1.2219260319264413,1.0638311814435872,1.0344234963406693,0.9708994538349408,0.7972155768583463,0.6114416377439282,0.4297684055745229,0.3365360655918457,0.2627186450237511,0.04487419715139747,0.025388023993007262
0.15000000000000036,0.19326241484951553,0.45077193257350096,0.7048421239105636,0.8130985755823212,0.9329427741245975,0.9808560218886163,1.1104100036131939,1.1316731850359771,1.1614026882688273,1.2149653961860463,1.2742599827189403,1.4510314790302954,1.5378932209659815,1.534670054155602,1.5691235443409914,1.5597260820326704,1.4263200798763513,1.5658669040316353,1.2602025163611508,1.3275321771406994,1.4079040435029737,1.3627105198743679,1.2192432686100239,1.0750081626940484,0.952409966182192,0.6377731778833121,0.5756049878552429,0.4680175132927969,0.33333612151908903,0.22193286166254106,-0.04686857163878676,0.022246503238183307
0.16000000000000014,0.334604143254133,0.5084701626485828,0.6631031726983129,0.8440213829643298,0.9705412532264591,1.1415265246350272,1.192493805683836,1.1993818164452292,1.2719092982281353,1.3495634961221283,1.3695022004665338,1.4162364113453954,1.439045011471883,1.5490796178029929,1.49924218386001,1.5418215069151973,1.393822170964198,1.525859255745416,1.3222250387969163,1.401519725476631,1.3381683683482675,1.2212864608441585,1.0873029138406651,0.9551222248690205,0.922027574622224,0.6996955906338415,0.647467941736548,0.4989245597737205,0.3079617845087634,0.22357604789440028,0.04816483098781814,0.052133931295636704
0.16999999999999993,0.26731681848675537,0.46321564362153717,0.5876221019726624,0.7801123416005511,0.9035450588709174,0.9842355075009265,1.1695912877921095,1.1678761957738133,1.1225995738628118,1.215279760898479,1.2579866197983653,1.4990844745584062,1.516851246736432,1.4354352218255595,1.4410648282458707,1.5074866033552257,1.370978835481665,1.4492934493464857,1.3736187959634119,1.3918334440966393,1.4122407635669034,1.3312277405810857,1.2106117895245327,1.0310965866621569,0.9492379851790462,0.7490432351251602,0.5679379237837789,0.3915972941279284,0.3494168492780809,0.2043454765339257,0.028913775800122714,0.08403984720900554
0.17999999999999972,0.3297805511505661,0.49845741186626374,0.724938582743398,0.8034702896849907,0.9418170492662152,1.196324989976175,1.1490933119939946,1.054327290384559,1.176511145457127,1.4125822942808817,1.3571469150165991,1.426283173288897,1.400598309886158,1.3409493615779264,1.3890082210439483,1.5706248518226638,1.36131987381877,1.4671446172562905,1.3570260018744227,1.3662188565079914,1.428346112603775,1.3824511527092365,1.106349968484473,1.0238328715301288,0.9136319427554032,0.7771455387495885,0.5865737882998627,0.446291887560849,0.2719083527579319,0.1526833795325326,0.009868676124247314,0.053931023707348355
0.1899999999999995,0.23860927857507305,0.48049380951536097,0.671569054165276,0.8985754178007404,1.0904627229355772,0.9742109165451357,1.2316660266023833,1.2555049713884152,1.186808555820896,1.265714915902936,1.3209199295581795,1.4387983214855198,1.446900307063088,1.4713999026510118,1.3661245962519626,1.515451768962846,1.3561427144109675,1.506488220935929,1.3568036973308186,1.508886648871925,1.3932919403699116,1.244597617005634,1.0973871187420752,1.0460340577850389,1.023196681870445,0.6332151864163453,0.4735924121482471,0.4360981883073147,0.3116437661290779,0.11707415063071046,-0.023948777152282462,0.016400771106543224
0.1999999999999993,0.35094578014214073,0.5005273253162299,0.6012032216662803,0.7498047811098622,0.8821205337189335,0.9525362577501612,1.0592717954914477,1.165801232987162,1.2163776757303382,1.3278888521965149,1.3562703778547864,1.4681601281296708,1.4675974173369093,1.3997716010517594,1.4764307115753452,1.4579043679983719,1.3811981724868967,1.5765864248131705,1.3637955571295515,1.4117552451804125,1.350000272244429,1.26272307904315,1.1617421138246402,1.1009333138605712,0.9468647728499922,0.6776540784714262,0.5279681826217848,0.41832423134473484,0.31739508451753795,0.20580583292684657,0.08409593723854394,0.08130602115949909
0.21000000000000085,0.22845058057966136,0.4147933050097615,0.6667920060131216,0.6266967077084811,0.910944360161968,0.9202269587049221,0.9971896838626922,1.1134963307749328,1.200566914972161,1.2636907943386269,1.4075806632815924,1.4615777869772193,1.4489105475180413,1.3709460484331486,1.354845777819572,1.565313183432313,1.4397778510464423,1.493341586404352,1.3583807455380341,1.3781543503719804,1.4580079971586761,1.371110519576657,1.1765788966064807,1.0533732921173913,0.957055884213518,0.8025017402893295,0.6079405566621773,0.45571182912023045,0.3755363862728185,0.28300278804109946,0.050091667257776765,-0.00852147535329622
0.22000000000000064,0.28295457086640874,0.3697950572472492,0.588446556602332,0.7685337877225404,0.9530162899961887,0.9728453351478108,1.225582736803061,1.2055453082906924,1.192279920912255,1.241202845205274,1.3829928821898787,1.4278334553902041,1.5750441133591793,1.4197904941661592,1.406398277001852,1.5151752879253082,1.3953338852306547,1.4570928286646447,1.4522578658404768,1.371268721403839,1.4545672477131628,1.3255475595044768,1.1302466133309805,1.1124941452158592,1.018878231083114,0.761254965153409,0.5819838054635355,0.3855822628356017,0.3020030537185128,0.24007313529810226,0.01629645255561652,-0.04483503948228615
0.23000000000000043,0.22789925397246272,0.45397915916889486,0.6383481612491281,0.8533061787715813,0.9266180569089457,0.960388786582214,1.1426649183021529,1.247049897934745,1.181045003483959,1.2697465510177262,1.2452448760244397,1.3380375038135692,1.4940049457375388,1.5054025445729693,1.4282138478704252,1.3863866574100776,1.3357756643941023,1.5004203905882274,1.3769123537950834,1.4307870939405671,1.4780759307186955,1.297540506447454,1.103709825163442,0.9940389821511404,0.9696284627826122,0.7581594686217956,0.7184357959339706,0.3963700046653659,0.33308988158648634,0.232101440933423,0.07556343011361859,0.042498958531616886
0.2400000000000002,0.2208553663898432,0.4544527698423749,0.5950689509245488,0.7258680545738437,0.8989664449262005,1.0041604142519485,1.0809874953838876,1.1619667942289598,1.2360104846553215,1.3272282474143415,1.2979135798309525,1.4088629648166706,1.5316287921517948,1.4299722505738008,1.4370026424524707,1.5986310668571453,1.5039328981667186,1.5419022547147616,1.3716280078072165,1.433921476353649,1.4093014128573291,1.302826663743723,1.1352915765183906,1.1446485645399254,0.9742707398313296,0.7191030546389562,0.6598201022928146,0.4159035166966258,0.27370869393606767,0.27443755921584717,-0.04453302628087415,-0.02693061482607342
0.25,0.31398807107263527,0.5939248633254645,0.6916292307684326,0.8030113859186078,0.8818232625445722,0.9528815280953769,1.1981561731386212,1.226066670896261,1.175466546074592,1.2644880865780377,1.2835525736019167,1.4187348460261147,1.5995210347870663,1.4018402309477327,1.3578726331255113,1.4887395504628826,1.4365615876788687,1.5383185494365985,1.4260660609728049,1.5099457942757943,1.3401910690330483,1.235218928098407,1.211720161460701,1.0587196288364984,0.9872203946086952,0.7565275936964022,0.7407293269999952,0.4609591220011734,0.21378846541835497,0.19285114374191023,-0.06188940814953039,0.0681672333834843
0.2599999999999998,0.3350996916433065,0.4731541949393068,0.6576424326983984,0.8311818071601254,0.9178978691098194,1.0118971923949478,1.231553530398638,1.2046047265563897,1.1684978821448568,1.1922436251737245,1.3415351565795806,1.4500679137898433,1.5472408650960345,1.4383026896086726,1.466329235036004,1.6272152563620654,1.421752009986657,1.3981434138512774,1.3283763027646966,1.367361838546811,1.3662085998419158,1.3113097888534355,1.2417430410121038,1.1337255174106968,1.0794924804120092,0.8337174542664144,0.5622112028018262,0.4443941537991833,0.34423526699656154,0.2007000200177202,-0.01063798105012385,0.15523027792512237
0.2699999999999996,0.29412962835771356,0.3690126509800319,0.6498943397078311,0.8799978744008434,0.9286732183722385,0.9802701974466286,1.142058594556378,1.1026256319755932,1.2132804331040858,1.2685488370322997,1.3978034180469103,1.3976980176692297,1.5460930354612334,1.442815585357352,1.3916044264518328,1.5204291827531218,1.3800406478183047,1.496747641337417,1.3658962367399774,1.441935552428701,1.4025761105849128,1.3259080149527969,1.228961156599286,1.110628892949647,1.0483940535095122,0.7915990967740386,0.7239290014075538,0.44197179253101726,0.3826076875127186,0.3163914796592463,0.04234651027796338,0.10060108070430271
0.27999999999999936,0.3029082149015562,0.45653964572683103,0.6173884467972003,0.8278201219003233,0.9359910743464263,0.9333325184459758,1.176388179888937,1.222179627736438,1.1967311761235113,1.0957006283362865,1.3071275407877225,1.4908650171377327,1.632002374010625,1.4964065858511193,1.4384072214838721,1.556899119815922,1.381403177278185,1.5308885029989445,1.332915272279771,1.331937359186918,1.3568736198820603,1.2759764151783295,1.192215750644379,1.0712876461802732,1.052108817779984,0.6531058155266334,0.6304827682817529,0.31553880641366194,0.39677330649063236,0.2132039464947646,0.0679303852744144,-0.037740462790052706
0.28999999999999915,0.2806476151013925,0.4863376290443081,0.646314225123531,0.7604886561426578,0.8535254109324288,0.900340882234789,1.1243987315005741,1.0795264949331,1.16035042248643,1.2498209128781972,1.2128725610789812,1.4742627171778153,1.612063754757648,1.4010235778325915,1.3531249021730403,1.5194891039949,1.4600476306601804,1.5117027890075023,1.4166938289490667,1.4416350536607856,1.3767808780863158,1.2815488961554116,1.2056005543930983,1.1231848697426263,0.9628298276050975,0.7381563955196007,0.7515615825316747,0.42165808954085815,0.25506115626264975,0.23918898124318255,-0.033119811556088924,0.0496949011909917
0.3000000000000007,0.2472441686251776,0.4364071049230672,0.75682417629753,0.8966186135118875,0.8815454204943114,0.9712574832864591,1.1767554851597013,1.2057674685686492,1.2066418441610005,1.2122028728695031,1.2288695075926885,1.4601707541102686,1.5590782360759017,1.3937068456007213,1.308388067861689,1.5248898638265629,1.296764367158271,1.4699282557997662,1.3321467943026013,1.3357325016908992,1.3272595879542741,1.2682928626478844,1.2602661533847859,1.1160054563200243,0.9918611458296324,0.7037736545240513,0.6844122655353505,0.40875275785883886,0.247040462406462,0.27545430293929657,0.018195388957152663,-0.02507481925742577
0.3100000000000005,0.2666119929663614,0.44821605313293045,0.5783936971590133,0.7663651814655097,0.9194374565420745,1.0687575973716945,1.1518242910757834,1.2112547792111517,1.2956596260565452,1.323244928659407,1.268585361434907,1.415057602295191,1.4042842207027375,1.3988626533264452,1.5031361751016474,1.474678712096997,1.3133846974585817,1.5558928284817415,1.3548044909055048,1.3213947501859964,1.4224289143663864,1.2394917352217427,1.1896307093903407,0.9791258344515082,0.9379095501793585,0.7097920858197753,0.6327128994038226,0.5159045152271035,0.31860035382340984,0.21883478210130464,0.03811505063260385,-0.005624700634723263
0.3200000000000003,0.3286995082799171,0.48982174639490894,0.6047335250738417,0.8178286263546758,0.9728134381503647,0.9857919546278974,1.2021951071879469,1.2445507553030686,1.227830394519678,1.2831909332828002,1.3365929816512387,1.4253197324705382,1.5068800319787405,1.4594520289330535,1.4601476154962174,1.489329441007021,1.4049395740258963,1.5544973036666327,1.43534819168746,1.4088668540736684,1.4337815406129213,1.3599660467812493,1.3164978064386785,1.1718418590458017,0.9888026540699812,0.6851189357561901,0.5877897742258293,0.4465140834959636,0.34171870722927233,0.2337710770191259,-0.07020688842470053,0.003593199890042531
0.33000000000000007,0.3235411754424119,0.5270305665758649,0.6377855604415783,0.821549766285352,0.9460350800532238,0.9882897659539364,1.2149625733995657,1.2488066029540055,1.2099657790454603,1.2932360220346921,1.3168436748992207,1.4654761778622793,1.5316010552911594,1.3789086290503694,1.4896373941051004,1.4790664912950728,1.3597157286724935,1.4256447834639938,1.3080810712141608,1.337942209576685,1.4136310324062251,1.275709869328395,1.1816694541167418,1.0048731739752859,0.9198384140296603,0.7075840362542986,0.7128039268450627,0.40119435031344214,0.3409114335849963,0.13521222387329312,-0.03245010735731172,0.060077319112191024
0.33999999999999986,0.28925753352345007,0.4911884244196015,0.7603555404938487,0.9525727677533817,0.9444938381343068,1.0764063660505359,1.1789085281732157,1.2092115244283632,1.19261964950661,1.2199306036306339,1.237763329000356,1.4016790398350198,1.3571276064871085,1.3726816575550542,1.407579766432043,1.3780607224540131,1.3807340316917773,1.5656322888732277,1.3619210413344192,1.349406557359118,1.4378996998486673,1.2985430862872427,1.2492429371031974,1.1640410177567366,1.025597349790761,0.8184031519514084,0.663375564737017,0.5171900039770753,0.28535849791389856,0.2128678814391167,0.031352891842634616,0.06601303519328136
0.34999999999999964,0.267469432688501,0.5996645553683043,0.6550441777914461,0.8366590338548862,0.9761882842754009,0.9251170486509549,1.1393013902761921,1.182081181997175,1.2867739818589106,1.2279976875477128,1.2241377779906766,1.4509126970820152,1.578971020947159,1.4330873380161817,1.3927513751791945,1.2891592702041481,1.397967371461355,1.5972514184750257,1.4675152861994174,1.386998731585421,1.3800442032173144,1.3255428397012516,1.2533482874131252,1.1156498906469228,0.9920031295118282,0.7696776736637767,0.7474565729938911,0.5038751909528069,0.23096494483744423,0.2770472444373152,0.05768852096533887,0.1239304822861722
0.35999999999999943,0.23615095535558303,0.4487738003577478,0.7122569056529137,0.9731911013696367,0.9851580261752645,0.9974886761132558,1.1577248703136414,1.0557667133297919,1.2191190218083754,1.2868610271556198,1.291827122457676,1.3935567901161205,1.5907220495300756,1.4634464692707876,1.4441143237315597,1.4391986587403263,1.3134061385867857,1.5095477131415356,1.468007982510255,1.2874632110116353,1.343770140223443,1.3636724712898658,1.3040543387739105,1.064370510714063,0.9118336539814572,0.7628297878444927,0.7846084854463597,0.4936724949859971,0.33213444692563027,0.2896952603735541,0.06930152893088612,0.006040619794457195
0.3699999999999992,0.2680050368958932,0.580373585377355,0.6221154334762913,0.8242689467526979,0.8758722618383848,0.9811858811884655,1.123527522682721,1.1946953799220679,1.2209514047951449,1.2637789203589571,1.3237634259202473,1.3915285158103279,1.5532171634034921,1.5539179900951101,1.478872027397716,1.4623449327904305,1.3820889622642334,1.5333925456213735,1.3639812419864699,1.280632550617108,1.3698637539579324,1.3024643676253156,1.2920589513922718,1.129061096959646,0.8877947567083345,0.713047976394782,0.648573403621188,0.3554466068026384,0.2033621916488361,0.23055942806462426,0.000431131273749631,0.062181323384624496
0.3800000000000008,0.29933031144380384,0.601281759009183,0.6339947040074208,0.8081297658368848,0.8091734011999068,0.8655245547863566,1.1241669165074903,1.15358933594428,1.1856843461689277,1.2621306482337724,1.4213469056353676,1.4427381016309913,1.5109216090277666,1.462214789769138,1.3556295913928904,1.4658832356106506,1.3783883630495195,1.4217439966326633,1.35752810174714,1.2312925987760779,1.4257955399370017,1.2940632235392637,1.2086440428197867,1.1513478945528854,1.0571308045726606,0.855990114265074,0.8140061662251679,0.5328388621380781,0.2871363406795473,0.24672163569250613,0.07506029246111222,0.04021841846883148
0.39000000000000057,0.3223989134539646,0.5668740456612004,0.7250712028061949,0.846092958405225,0.9601600200313362,0.8531003655164083,1.0674585316488994,1.1524763749528115,1.1097988114224768,1.2875867090070579,1.3637660602227404,1.524143692975374,1.6154371731223471,1.47716260103738,1.4070044403319113,1.528843635477385,1.4074944870754853,1.4236400442096737,1.3846588049908464,1.2107477403893077,1.3306652659861729,1.2606912574234794,1.2305156751968425,1.1943982123117205,0.7959511004771985,0.5972229790726706,0.6210637015401022,0.46783234746524305,0.33719948192696286,0.3172355933459009,0.041668244008420764,-0.03709480725431528
0.40000000000000036,0.3295617166528788,0.5108468804926031,0.6967174377641411,0.8682008670984771,1.0543714512503344,1.048707816755038,1.2262661445982304,1.2113791317299407,1.221219128064921,1.1971751020835808,1.207094808336887,1.4533015263950255,1.504477797909343,1.4344043987806334,1.4104198678016222,1.4470811965147121,1.4609288206493134,1.5088717482715766,1.5078778918928006,1.353866988094073,1.3747684108518177,1.2632723058258253,1.2471750467433267,1.1569860555621394,1.0118138639721985,0.7599327341445216,0.7625141880649368,0.5138325420626437,0.3051761383890971,0.2161239801517882,0.06623581925023289,0.14552574484669456
0.41000000000000014,0.3738985888929856,0.5188329232336908,0.7191812828752314,0.8632701499268137,0.9134070646106279,0.9372109664746144,1.1916336002373067,1.1377227724923342,1.1295038073624424,1.2574597265294758,1.3311532963002437,1.346075372238984,1.4868943959834107,1.4992969582480788,1.4427442148036762,1.414894828904725,1.392400734207254,1.5113058910445987,1.5557022401275027,1.349532716710469,1.3272248295248965,1.3572569415665965,1.3621733302402617,1.1465991680970584,0.8960031707071223,0.7050533627730267,0.7119594699291479,0.5400033997048471,0.31624524363087186,0.1721432832841958,0.0175207779813686,-0.010318882803001507
0.41999999999999993,0.30942973446147937,0.5209726830200117,0.7038572007013614,0.7869642635051841,0.9746519828534506,1.028468833308771,1.1680555574910785,1.1241220043196587,1.1849918826025616,1.3068698572307307,1.3272554199162827,1.4479741050436266,1.543625932240381,1.4635304486955707,1.3894997719928188,1.3590875002701872,1.3290273973739095,1.4524696270058008,1.5355458893667544,1.4126926725438773,1.3288975343564793,1.2202961243796686,1.3013173578432047,1.1780976236275678,0.9007253937285437,0.7542232112029368,0.7650601279108116,0.5771923978197733,0.30974851577971485,0.18869669358469007,-0.027828269578339365,-0.05862307753074837
0.4299999999999997,0.3557008391015639,0.6146954367289569,0.7450542394107136,0.8204639855960024,1.0340874238959674,1.033060490953107,1.2413269090456638,1.1173730170709921,1.207935302928258,1.248998050409832,1.2944518725018028,1.5081110117089844,1.6117794206039693,1.4502470470344244,1.463014884602725,1.3539142204095151,1.313438293998743,1.4373953733476459,1.4459352529648752,1.3854312632526757,1.2435375897977134,1.2867085111666539,1.2496038204401978,1.1773900730930198,0.9097444576759188,0.7429446433254947,0.6719622843008088,0.47727314015558076,0.3276994346153603,0.3308691550266115,0.06587564557984447,-0.0276312831668682
0.4399999999999995,0.4487143427962961,0.5488506543178726,0.6759726937920365,0.872957646650603,1.05509938332305,1.0022089109476282,1.2429837554833154,1.1885732967149885,1.1892181281954897,1.198501588668709,1.252203061448956,1.4615077922490003,1.5300411037713757,1.52144790506203,1.4235944259303508,1.4255102003693871,1.3561709446089727,1.5345595734671225,1.5375248297924968,1.3319237482863686,1.3858995098933073,1.340972336442046,1.2728198545497282,1.144173791023877,0.8859979579543616,0.7732951347107493,0.7383566629780663,0.4419731227586392,0.2762388679083149,0.17363208888259074,0.08408649554026694,0.058150043217961654
0.4499999999999993,0.3337186225947052,0.5890400701084411,0.6388645384711356,0.8783606017059452,1.0385824734585274,0.9284139118069924,1.2002358722246762,1.2029982860136843,1.3298157330985079,1.2559979721371193,1.2257105703142455,1.388579193056396,1.5393063784376038,1.4968800452571567,1.3345731206907543,1.368750503164914,1.3285443034617328,1.4227115526684906,1.4721262655028649,1.281388976305874,1.357245159601289,1.1782826595631617,1.245704690781768,1.1642885281428024,0.9489188431451492,0.7428088042506064,0.6546218559310369,0.463603374597169,0.34565187556470284,0.23058602485437688,-0.10042829685834598,0.015805147447838733
0.46000000000000085,0.369380567618098,0.6421087589812363,0.6553512146299126,0.8466757279455266,1.0797187926759189,0.9475062789827198,1.2335189837618938,1.1644769005285036,1.2349015068810423,1.2357907375906887,1.287782404898038,1.3467315393297181,1.5521928584496156,1.2789759425040257,1.3360559095923312,1.3074781686017745,1.277944921497663,1.506749157148461,1.4729391940606384,1.3175063885267564,1.3863382398242958,1.2459912249073408,1.280780937535278,1.0963463008040906,0.9579690988508021,0.6987212244801999,0.6844167215863645,0.44934754705268143,0.24827497556742878,0.05701779094112039,-0.044619992896060404,0.08754405479891647
0.47000000000000064,0.3545643223819375,0.5995138955722901,0.6937242380257796,0.7777122609116124,0.8932980977881002,1.0372853001160331,1.1901153787376366,1.181286072942737,1.3047856264938211,1.2529947362654257,1.3185791202000476,1.4402525045307337,1.6271746670934333,1.3475125973976998,1.2437673774160272,1.4685768827833736,1.3912439565078538,1.4573738928246318,1.3945826404413115,1.1892286587597607,1.2320129588293984,1.2099309212417408,1.2042588327475627,1.143131793383525,0.9506623531417464,0.8270109909406398,0.6810333802162499,0.4123549180391854,0.3106672928046503,0.18929302408778897,0.00998756666346801,-0.027530977419853574
0.4800000000000004,0.34242357298286674,0.5573145620835788,0.737081993830071,0.8215018784650269,1.0327407356870106,0.9875317541591555,1.1816961403794277,1.2239947577206622,1.2068191233868526,1.2869321244844831,1.2820992179741755,1.3691037190357782,1.534839319828869,1.341008936467646,1.355220769183021,1.4451325635417398,1.4134473258442972,1.3944400878309284,1.467344434250838,1.3051049216385455,1.3438945728211087,1.32744157733151,1.2734444269192635,1.1329212008702512,0.9184459840943073,0.7102375640152363,0.7702208771344562,0.5214942636334567,0.34180831726968547,0.21439769974610143,-0.02519120287512808,0.01711914601206399
0.4900000000000002,0.28873783242473317,0.5650451919674069,0.7003953561036766,0.9373340223599663,0.9762575838821536,0.8775935927565243,1.1860232559880022,1.182711306632478,1.302461857535409,1.1739653032462591,1.1530153277447037,1.4735066796404732,1.5977609861597055,1.3601935278612782,1.369527675947352,1.3367632874625104,1.2634143227313777,1.5335938670771607,1.4717694435390758,1.2763675081781372,1.336553099249675,1.207977298475755,1.33048812697697,1.176965611030154,0.9471203244263676,0.8030471059047228,0.7204039784610353,0.5172538149760267,0.38289882423009375,0.2483906895236704,0.04190057320208832,-0.017486874805077726
0.5,0.434239816580614,0.5263127706390346,0.6385484611912079,0.9395232566205326,0.9181342163843865,0.9066733621653699,1.1692461967657122,1.201154890105374,1.263423803942031,1.227883670950144,1.3846756510246636,1.409092575211809,1.5299797565248272,1.3582061421932952,1.3638646397354088,1.3747198491413761,1.4659171409389455,1.546879543041903,1.5230756885149714,1.293466714713138,1.422219375271673,1.2114717436300004,1.2108191371769896,1.2768110732797002,0.9535746354671722,0.7419868471113122,0.7687484365643487,0.4714830880849218,0.32955776732316894,0.14864741243969323,0.13718983396624235,-0.0013199377302980028
0.5099999999999998,0.3488716564601577,0.6430197142537953,0.7203458043706017,0.7645573078528982,0.8718488118036174,0.9301518889072262,1.1907700653410673,1.1813108937378969,1.211437454117207,1.0743135327827218,1.235515510243396,1.2977261920589853,1.5282914842469755,1.375054443621662,1.2940731214383019,1.318781734038477,1.402721317684651,1.506686123944041,1.5675479546275344,1.316547014876646,1.2042584754923864,1.167253770927941,1.2182584988493204,1.130534333118837,0.8434654367226646,0.6840181830372368,0.7166859926241557,0.43492642377991203,0.19400936270508812,0.24198300272287712,0.04376407125055301,-0.04760594095740604
0.5199999999999996,0.38501327647064826,0.5021420119381141,0.6165121223393516,0.9044964355853711,1.0440895682662092,1.0174922978091865,1.1753877231037015,1.087597790120214,1.215779956415826,1.1962787076866115,1.2741522643047827,1.38455581556123,1.5451173782176957,1.3329237840240467,1.2571543025628087,1.2807240876670714,1.350975641080672,1.573174928198785,1.4692275822313512,1.3580415965377184,1.343264520584569,1.1730503405676058,1.2617988198762042,1.0961418809968584,0.8149227824409696,0.6945081987722661,0.7390834442185031,0.5498436116224916,0.32511200677319074,0.18235419307692574,-0.04507429467535527,-0.029591476614925546
0.5299999999999994,0.3927999652789327,0.6579605693012266,0.3439803878372092,0.8844192226365489,1.057030454993554,0.9658045282235568,1.1560158485842598,1.1086225595216193,1.251304622857116,1.251251740501988,1.2866978942053442,1.322145687435999,1.5757803576828229,1.3270315666238532,1.3448042546392565,1.414365347738685,1.409751747316282,1.6305692118900812,1.5896891605395131,1.3892373097845145,1.3192370634758857,1.2434595677651963,1.3392764959060108,1.2308907339528805,0.8113572463337457,0.6681014327049234,0.693672090587582,0.5817971785323013,0.37178181418263423,0.0972511599429456,-0.019155241742066162,-0.007791485416719188
0.5399999999999991,0.3257193282602849,0.537436667975123,0.6013816600145059,0.8578694767846292,0.8584105112957462,0.8913632251646277,1.116140976064161,1.1083309352168937,1.1717835023703507,1.1992618465158174,1.3523620402101741,1.3827503784489885,1.5771886314880708,1.4079216189073764,1.2969424887374081,1.3956361420818115,1.4360044818798186,1.4666701337857744,1.5975603484688623,1.328376817828539,1.2979266216449121,1.1852540224005041,1.1779261387099553,1.1904590435013567,0.9617812087449442,0.7585897148584813,0.79101443562583,0.5047290948446923,0.3061311338659451,0.17889299238427223,0.049169825544279656,-0.056187583001596264
0.5500000000000007,0.5084099195738659,0.612058589697969,0.6217284662923394,0.9047003551245733,0.9672055949851457,0.8984994679262105,1.2873996587174854,1.2138700665244233,1.266597825654056,1.272177071864637,1.2953741110309613,1.3109284832454857,1.4972009246916422,1.4018570351982536,1.3306889619949367,1.3518012983840302,1.3656845568224762,1.5769260747146692,1.368704599059729,1.2905372397442263,1.2614712810952555,1.2094285920094203,1.262804397370977,1.1674371266734402,0.9255755297371449,0.8660867339582682,0.7305470677555053,0.6306732828961541,0.32340355343192223,0.17637815239688603,0.02268798359501433,-0.024736223195784224
0.5600000000000005,0.3632668518422142,0.5869347556736753,0.6211183952320388,0.9370702261369436,0.9372042258963819,1.0299625350867307,1.1346090984981416,1.182090029169993,1.26768095600436,1.1884814663602332,1.2767246266544603,1.3047544945030551,1.53585550463411,1.3849073800665548,1.3502676890992782,1.3056719939100112,1.3135737593308596,1.5122275786915569,1.646033013373876,1.3415275900851003,1.2913856592666035,1.1837780053464906,1.164809834220221,1.1574465363003867,0.8605576323834565,0.725028733609424,0.7358295543702897,0.3656779066326227,0.3417018799448041,0.14384019736997458,0.08198102350643507,0.0005332159253513824
0.5700000000000003,0.32997293541739436,0.5793999345287761,0.6192929469983909,0.7885562272828315,1.025456004679348,0.9363010886954436,1.1501413514639438,1.0664706466560203,1.2176046512161927,1.1616914823051472,1.226046467033722,1.3036415735348719,1.472976642133434,1.3022251440656998,1.341529200803743,1.376058221128879,1.2740695802919435,1.4560175838045193,1.5209301189442819,1.3214724919312097,1.3126648911526404,1.215662050145415,1.1380300320229786,1.0710544810101834,0.8426514019822771,0.7067971799383808,0.595808318443374,0.5590125691600887,0.3359960362790131,0.20002772879047775,-0.025302443497753582,-0.06241028752124678
0.5800000000000001,0.46946257881973913,0.6388821853713587,0.6898861359745455,0.8293066377466152,0.9278689613159514,0.8896161191674068,1.1621047557209416,1.1172964018830234,1.1472861530622243,1.1658960766861997,1.1826999508631264,1.3255167292196695,1.5614087676433108,1.3946610283517342,1.344026657421051,1.440762048589717,1.3436588018167714,1.36696066685965,1.4743089549019435,1.2385550053658294,1.268682990443884,1.2254463534244362,1.2203002314562295,1.1293266967193765,0.9690439644405542,0.8706607795749839,0.8391325320555973,0.6295776133604861,0.37553430143561306,0.1305615885926166,-0.05129719129077974,-0.09930606304398099
0.5899999999999999,0.5174314815166228,0.6740359068773727,0.6187806947505123,0.8532764691955149,0.8598563994667082,0.9503321518314038,1.1732820061055194,1.137615721027463,1.3383167727803147,1.296849885236819,1.3182393952442084,1.3390323629970526,1.4993183241341466,1.3812745693965343,1.4556170063482552,1.37072808545756,1.2848836886607575,1.4330047245071784,1.6012637174248636,1.2618648898705391,1.1935101627642215,1.198955333621234,1.1498995739809355,1.050730386790644,0.8109049885595648,0.7503691033359244,0.7401955744987381,0.5307275641820344,0.3147484628847104,0.1453513745434875,-0.0587513244553099,-0.05310922980389739
0.5999999999999996,0.37970201595462055,0.5663548572268753,0.649803057526176,0.936865664113354,0.9289022754474495,0.9698162389366939,1.0527063338251106,1.0789961077626704,1.2075646651898215,1.2211324272161703,1.3817967808022922,1.2964469319811682,1.5028579120440124,1.4158418149379783,1.4123780812169786,1.3973474753413466,1.4134143625747613,1.4533606680598927,1.6098457410538822,1.2816727697185344,1.3791328484424181,1.2704721176734393,1.1278950530231353,1.0673321109069571,0.8717237334305907,0.7974843518910496,0.8070899106011392,0.5807714388152792,0.27794902791672776,0.2032079641517913,0.025063173027914214,-0.06753426562531441
0.6099999999999994,0.4472541341170387,0.5716256874355274,0.5210257376159028,0.7323154279947122,0.898526085574247,0.8526941083679517,1.0586453679983188,1.0725150112522752,1.1969480339058034,1.2508450213633935,1.2939716256150964,1.278549865952868,1.490405155871319,1.3888559390642878,1.4518537378186855,1.393223179726905,1.3561347773269106,1.5163532567640132,1.51160384797487,1.3450315492419946,1.357155213427974,1.1444602845034129,1.2164418463684736,1.1634136333175897,0.8371168566589808,0.6763703634812753,0.7576883535937973,0.5760971570118593,0.3751280868235009,0.14076751662372997,0.05051276343238959,0.02233315777107754
0.6199999999999992,0.4001404123672553,0.5108307978107745,0.613632303787095,0.8363673872920759,0.7900220479038382,0.9015423642000504,1.1481391800014946,1.0970215604157774,1.3220640626308526,1.2998219424543642,1.3582498362040303,1.339131660175742,1.5236999946858911,1.3713828820972414,1.4023471535123742,1.4881769956728121,1.349983286794453,1.4993698554203876,1.49680671090678,1.220493326606693,1.2521838890924255,1.1791367003260835,1.1661467727374453,1.232464719500394,0.8477758626778894,0.7439402609467495,0.8128938889859315,0.5963384921884841,0.3471994259115654,0.23502180011570298,0.08392256707553689,-0.0374176380116964
0.6300000000000008,0.38659140244309576,0.5013948595778631,0.6210436028236761,0.9240908464015085,0.9706549385839396,0.9396094028804423,1.132535132864788,1.0564787088665315,1.3092336863233283,1.2453209562900556,1.3156207501233073,1.3113383958614093,1.4918620845531614,1.3722377326369897,1.3791263071737345,1.3948087321920741,1.4887310702265675,1.6053918104403184,1.623385539482482,1.3150225589752111,1.201353161933049,1.1614482693455466,1.171265011458035,1.155358397939155,0.7995922096735142,0.8225885730008355,0.6663488446626598,0.5087952174707402,0.3159294467181784,0.21048155411080333,0.12487254520366406,0.011099304001637937
0.6400000000000006,0.31344134167777427,0.5454777639013899,0.5273818123525829,0.7645646898640759,0.9154892261360928,0.9263613570649029,1.0740125649640966,1.1594636273365684,1.2794235695099632,1.2504780993282636,1.4408796727512967,1.3826977310166813,1.5021286568281838,1.4067084672512502,1.3771617545972743,1.3240500563768778,1.3809589700102824,1.4309139757283753,1.5286499765176491,1.3440220757777832,1.2501842352383024,1.1168281568726837,1.228603405068175,1.1949347920210378,0.8845260015588463,0.7608037990680839,0.6657873620734964,0.4318386703260676,0.3384928270956555,0.1631162799668419,0.031776457351750165,0.04549137073350505
0.6500000000000004,0.4540342041666669,0.4741672232302131,0.5941058541387232,0.7189256066908,0.7573526095746245,0.8711809148466235,1.005063946472984,1.0406907815736604,1.2935965192151724,1.269772348913639,1.2884472040164137,1.3487050695302263,1.3961873580283959,1.2575420833452697,1.377920074415824,1.3617251839577145,1.4138796743032322,1.6605006904629038,1.549504203506388,1.2505745350962818,1.1558639246752038,1.2905955693204532,1.220721618704006,1.1166215929880416,0.7949493074323418,0.8613402170893386,0.7196699743772194,0.5642340636489761,0.36614009438796713,0.1370454416025929,0.07441733648835502,-0.02504518618088443
0.6600000000000001,0.40944210055451624,0.499461222743763,0.6053537878448655,0.7069923437791006,0.8579645424335653,0.9434153969230967,1.1046532155315032,1.0985853181780896,1.3315590325373776,1.2424175239124866,1.3468603359046776,1.384311484435067,1.5255490709860866,1.42898359457927,1.377316180882414,1.341172570328421,1.4032795908179827,1.4981745472735972,1.5482524979303227,1.216789150879923,1.2050929658461376,1.222382984320059,1.1413294069746907,1.124096012480186,0.8070025337397514,0.8691067481685453,0.7305518074570071,0.5010952689916353,0.3284211691995732,0.09615208609706995,0.04505428252365347,0.006919083374218808
0.6699999999999999,0.30155784358085586,0.505641388175703,0.5253092029210001,0.7720325329653076,0.8158613663679634,0.8581874030758613,1.0980891887718016,1.0874460007737907,1.2687179918957534,1.27101104116792,1.338853345219726,1.2331943834613994,1.4314608627544252,1.3941264190936198,1.3694708221573835,1.3875929098989237,1.4757478648090103,1.5033758094641132,1.64610599996729,1.375126848487034,1.3346619107425104,1.266263457620928,1.2127024165732565,1.0380736118979341,0.833485865334212,0.785092216028135,0.7711022682316787,0.6222397370144903,0.4577536534546974,0.15723860126188022,0.13752370955797205,-0.05053995956827102
0.6799999999999997,0.4353344230470104,0.6297277557359984,0.6336479917900026,0.7032056296884485,0.8659792297092931,1.0234991362100594,1.0308082896856305,1.0506866985850072,1.3589849665732223,1.3102113413822938,1.3145437455309399,1.3344904509386548,1.4735290677801365,1.3139154912820228,1.3629543583491777,1.4485355023629327,1.4621908038689932,1.5175575162859096,1.602548214100951,1.4275111493642259,1.2346905771656087,1.0809344603172955,1.1143696158866097,1.0948868482780694,0.8898798007940973,0.7358057653243528,0.677520128390144,0.643932997880139,0.4403759505204977,0.1691362409044006,0.05256547952824113,0.011014882388223991
0.6899999999999995,0.35764467482780665,0.6028540944018941,0.6070198440802542,0.7190033328934397,0.7509606995259621,0.884619450339654,1.0940856949087452,1.1306068452966085,1.357142936833836,1.2953130804946287,1.2641396704550791,1.2825318081947747,1.5428572378519252,1.4646900799548093,1.4042032262759057,1.4127948121272749,1.3727414047058626,1.4673816117292582,1.5303500435477544,1.309758779582324,1.1954234888863169,1.134750275309169,1.0721971319017158,1.0686544231013713,0.9884346801801789,0.827160158148672,0.7970845108661677,0.6630850857693951,0.436047366481731,0.1283799807992325,0.05998860548657845,-0.07760860999545852
0.6999999999999993,0.4177399406653061,0.5589831785175307,0.5065074580815692,0.7434651120325864,0.8756122162003905,0.8436979648105906,1.0042560860808734,1.0518245577326513,1.2699400721513037,1.2530875543272657,1.4321378799411746,1.3245491193869097,1.5085622734887845,1.2996073572073548,1.3519915883851958,1.4347353890665464,1.4485701383396177,1.532546933072109,1.6060205597436095,1.3269569619359887,1.2134724366778384,1.2011179248537176,1.1408902155280585,1.0060024136350096,0.7862028194086795,0.8049592988149591,0.7723846848279945,0.664059863522387,0.5002273257447745,0.14838502434991369,0.02119818041814444,0.007813785362548675
0.7100000000000009,0.3470261973237403,0.5738389244720511,0.5159817848732084,0.7627235228970083,0.8254976701078376,0.974032238925088,1.0909078535498085,1.1396223906097935,1.3795372169412574,1.3504485898045488,1.3923808243023466,1.3113894244804585,1.5487452172313774,1.3910723526601998,1.4213253595257975,1.315659629772909,1.4212039643808474,1.4380447128287162,1.5695282489446758,1.2621127615423713,1.2523656781326047,1.161226282775928,1.174477563580738,1.057266853908012,0.8868360987674567,0.8936461819872087,0.7848697649067167,0.6310101346847962,0.3082102632374587,0.20795689100995926,0.054708338133943574,-0.019040016595211942
0.7200000000000006,0.4436604938297356,0.6062687666566752,0.6460648041034208,0.8354285581364769,0.8699604806907206,0.8920279326040272,1.0849713821010538,1.1046380245190162,1.378665877757793,1.2192977192006227,1.3267547898299448,1.3621045286733438,1.4311187145770228,1.4021370927553416,1.5018038345203473,1.4581249988438467,1.4569071473797697,1.41561118698132,1.4859480677770713,1.4410102384882202,1.3065934484817059,1.1623547261580358,1.12247153243201,1.0560418024121867,0.8230495943114942,0.8630588165406518,0.769369719475421,0.5101380524323202,0.4059576171095309,0.1506457064458252,0.08884718214822838,0.07128876709488012
0.7300000000000004,0.2947505910771806,0.4617964460943321,0.5196254152207719,0.719345123550593,0.8185086277982825,1.0118602241161554,1.0721065801551164,1.239249285801253,1.3622203147695615,1.25370696259399,1.4187172998395579,1.383816290332886,1.5461137430490175,1.4380154473308926,1.5245389979826016,1.4838468194592922,1.4894246151607304,1.5209355690115227,1.5364073164106509,1.321750762891285,1.1751845215082493,1.330459409221862,1.150376574636079,0.9853160826085667,0.7930051349978371,0.7975025921060993,0.6682365469723326,0.6984830863815606,0.4165718482201869,0.14180928254302239,0.07017177048556272,-0.006156339571534823
0.7400000000000002,0.5066619078231606,0.5816351858555686,0.6618002837258531,0.6415162910954102,0.7888405910769769,1.0340865716918546,1.189608126069104,1.1523888951484957,1.2670708246959992,1.3901157905329258,1.4562380328023583,1.33912970551705,1.454474397489664,1.4528481584130801,1.4955894697642171,1.3995591700285697,1.5529368815099143,1.386986278833826,1.5509775637559342,1.2593407069621412,1.2052468377639296,1.1710220863829057,1.0529985364477112,1.0150752434207013,0.8656711175104164,0.7472612675373124,0.6516967520103912,0.6962801971630075,0.37697643298767186,0.016529175649522124,0.08216690221771955,0.0329225339748293
0.75,0.3351458530999996,0.5730937660039025,0.4529404717967579,0.6317797397778735,0.8007874731908428,0.9176402780050044,1.1928765609310223,1.1539729922817425,1.347075561531206,1.2960405535765744,1.3646394743872436,1.2964171492682115,1.4785476453700266,1.4264567814160152,1.4605911733332637,1.5154497626575834,1.6239633688947381,1.5187923729205206,1.6123762324651234,1.394214521658665,1.2367872927815937,1.2136087142890093,1.1449344376104236,1.0818091939680108,0.8635349595543974,0.7605236497434591,0.7160671820661064,0.5580279781299187,0.4054940565892789,0.17993046189237907,0.09908117006333265,0.03830397157080067
0.7599999999999998,0.3627793202105862,0.5109305876831977,0.6299284943869206,0.6117657929631344,0.7811577722214654,0.9703391254820573,1.0254672888215344,1.1520160014310032,1.450193572891499,1.5728559109567875,1.447802210469857,1.3011050452864543,1.4855340402517134,1.4199966280956409,1.46754531239081,1.3628994567427744,1.5299393242988315,1.4227773437012738,1.5387327329447422,1.2478283184767043,1.1748434731283148,1.2294995174721912,1.1031463008545963,1.0651927234692624,0.8479619703710048,0.8266286400934577,0.7785449269964559,0.6238452477483536,0.3499620077206861,0.2411273962409713,0.18217350684345454,0.09867821231299809
0.7699999999999996,0.3231084829537846,0.44392054869800124,0.5830577782908098,0.7502199562313653,0.8514869508607636,1.0128858732744077,1.0528254496134544,1.168031850246197,1.516578921209522,1.4399404916939564,1.4767065964554722,1.387280572260882,1.4600844908621453,1.4018536680640625,1.4401743358007413,1.5264257391745026,1.5165899007558652,1.423557082974201,1.4133038051043847,1.2625771061014894,1.115905487823681,1.1352110718827022,1.0530753504866008,1.0948656855775354,0.8042290408973181,0.8015087582533257,0.8132190861704908,0.6496023023181922,0.3759940477492382,0.10219181112967915,0.0361304198076442,0.035485302768085446
0.7799999999999994,0.3541428322470292,0.5206199238452713,0.6068399754564767,0.7056591977062927,0.8476202995455073,1.0000263343928686,1.0965819045314362,1.1546253954853394,1.4070554899043306,1.3698423505618096,1.4645523371768032,1.3643346636121534,1.4355555998076597,1.5379741263142492,1.5548479948468612,1.4573851564272764,1.5934952332480148,1.5091315084282964,1.5351454435126153,1.310403209690313,1.1606481838708727,1.0068901825651628,1.050190238578538,1.094329173894486,0.7747560165983752,0.8708952696090584,0.723529281809753,0.580557063089649,0.47017048068906164,0.16174309152231264,-0.04771808555424649,-0.08612897166238077
0.7900000000000009,0.28041317775620417,0.42269960602550904,0.5430717365808817,0.6169066637825839,0.8213271197308636,0.9044628782550782,1.1296554264915872,1.2181371630441273,1.3902014523309016,1.3029083692331418,1.5031973352988544,1.3186481914121153,1.4788989517706108,1.5270034218081852,1.4983361907167467,1.409768681999754,1.5058934061998754,1.474356441573243,1.4422946325930117,1.298243056968992,1.21522591607938,1.1958350527021544,1.018663421456802,1.0787269169179203,0.8701888967510785,0.8599377721463661,0.7515675209614163,0.6200072772465205,0.5031495452746907,0.08380529921503185,0.11134275628364183,0.01741334255827926
0.8000000000000007,0.42509873139373955,0.5065335960572123,0.6012751499883175,0.6868787090586315,0.8370247953030009,1.099115816517323,1.0451977820034404,1.0768702855664485,1.501293333975279,1.5085236252298808,1.3904104696444743,1.2759221571239237,1.4539458097950335,1.535773297376549,1.6620942232129257,1.4535434564394658,1.6468049870828372,1.4597521128905275,1.5020548085549137,1.3225199562347978,1.1881084837586104,1.1664363348705524,1.1076256784205631,1.078454948098238,0.8594693653800677,0.7593984692689626,0.5871665433859108,0.5218967442497139,0.34730356185335215,0.046700666536247055,0.12639744633248706,0.07501151347534735
0.8100000000000005,0.39805085069911433,0.5195006671374441,0.6127488272977129,0.7970764311438296,0.8463519545604166,0.9996482411928788,1.0018782051468336,1.1649852319385314,1.46511961146761,1.3748743297203394,1.4809441112666315,1.3593422299714109,1.54239887259509,1.536941313244858,1.4891043297154438,1.4333372744112207,1.4951196400339541,1.3912644302316033,1.4250943297324437,1.3452779894719957,1.186686911206907,1.2474848840366701,1.0381396146098687,0.9643927504205111,0.7950303029554966,0.8201469174832471,0.7327156911340343,0.5741750634877035,0.4266442130271233,0.19939506769252952,0.0766130969933764,0.03375436393882951
0.8200000000000003,0.3561323452011328,0.5067512665912879,0.585529975766793,0.6585802784903472,0.7472442278689417,0.9710375107161641,1.070592907242697,1.220132267346788,1.4141150319152131,1.4239882889882212,1.501019355591077,1.3884300447015616,1.5543611708681873,1.53994924530245,1.6177044231430675,1.4405399800427117,1.5991568064860318,1.3524279255169531,1.3235341284281912,1.3105258875940646,1.1234170307179787,1.011463436242844,1.0448014207567293,0.9255997331895652,0.824411136912644,0.8206264666016762,0.7598987580518968,0.5961417653093671,0.4611721841218404,0.1637674426897086,0.08692746045545371,0.055221837054499574
0.8300000000000001,0.34299005917943803,0.4720643127728486,0.5805815312745944,0.7634217367884029,0.9217039698189508,0.9440092435423855,0.9838813144934517,1.2241750365907513,1.5227598566740308,1.4106363893947669,1.5365364552353495,1.433324662799981,1.462242148474362,1.5611387482378436,1.5756882988602883,1.4978751570760829,1.5418485186752449,1.408241004909336,1.4509845525461176,1.2455889404870142,1.2097115852433835,1.1387920181068865,1.0871090702474333,1.0532892879613087,0.829020237367538,0.7650831061651705,0.6714655193346752,0.5547557153057472,0.4050158934441352,0.22531598752827897,0.12515628201641413,-0.04730432685678087
0.8399999999999999,0.43106799440912735,0.40907829731928136,0.5272380069807593,0.6733976168695127,0.8093908893422364,0.945831121987103,0.9852179355544469,1.151833781856553,1.4616155104955835,1.4670920321984775,1.5285176292939109,1.3912026340577923,1.39773262008969,1.5494996082882202,1.6661322325126204,1.4574844222441155,1.5996653690771614,1.4587223784244303,1.4616145286943336,1.3233827770094029,1.2107878101286678,1.1147738251161239,1.0837389182617685,0.9465103509570965,0.7772059472526707,0.71858704311405,0.6380764463956227,0.534579315173479,0.3673550013981535,0.11796797988848429,0.05808050117322798,0.0895689569991758
0.8499999999999996,0.4271130792974675,0.49890032990702354,0.6372328912421031,0.6749154380145654,0.8150599583730006,1.124922637636927,1.0136973770007365,1.1662624255486334,1.4585862182592837,1.4213919181277048,1.4749741114264587,1.329988034175122,1.4486039071771293,1.4555670829711282,1.5521645614138548,1.4034273727860997,1.6042865680302565,1.4276674588335774,1.477978990615675,1.3791261931518783,1.159746182527474,1.0077835690188024,0.999748912451579,0.9430235731821381,0.8857417980391723,0.8348506870958219,0.7116329201064937,0.5690648479233634,0.35580395965026645,0.053022379295798075,0.008618940484408316,0.08792784485235836
0.8599999999999994,0.3879934360141433,0.5057262799602178,0.5268237488124329,0.7337042125324971,0.9038449414075092,1.0837923691701836,0.9342556901253687,1.1884322991979148,1.5846037961393282,1.427171076421245,1.4966207498092532,1.3690645867107372,1.471972349791762,1.5908361608350223,1.6249136617099358,1.572291400884123,1.6855923564183186,1.4699731753752818,1.4355695077648027,1.269164890609967,1.0884386248343954,1.0384752888000455,0.9198692616220295,0.987995260246746,0.795581031475255,0.7574121150560424,0.5818016638822034,0.591077429323017,0.4166944504154918,0.12698763091662585,0.18404477332205865,0.029350743358633136
0.8699999999999992,0.3880413307666357,0.5059559439635328,0.6771980929214816,0.758519034954464,0.9158496177433425,1.121131697486771,1.0047610000883056,1.1873805563060016,1.4330789695151618,1.4417991088688127,1.5652350297059803,1.4399439612810747,1.3888400287065525,1.5286920898578131,1.5788664140794852,1.4992450333051472,1.6186080385820654,1.3521013889401743,1.3986598655206255,1.3555039345801472,1.1598892134578889,1.1084352557649562,1.0252970159946728,1.0103110526723407,0.8784124528202243,0.8299709081205758,0.7229486670220273,0.6037582456161752,0.35103994763829355,0.09207063334987531,0.07359927447020391,0.015517684526420189
0.8800000000000008,0.3311739964608914,0.4781782433036065,0.5719847281313346,0.6700564178104854,0.8289899239251939,1.0191276932402877,1.1007854199026792,1.2509748153593172,1.3721173236191484,1.512048344185479,1.5093646400516234,1.3932252195699164,1.4307378459689777,1.5304975125551925,1.648096029972593,1.4890420005911869,1.5236268124567036,1.3248424660020932,1.3205885523541618,1.2799245965954433,1.1900297044974197,1.1457746605342458,1.1135215256832873,0.9711037804091768,0.6879068071405756,0.7449279737652785,0.5521775904810281,0.5010051323101109,0.3009494635501263,0.0982125853523584,0.14149435733619234,0.026321345880852786
0.8900000000000006,0.445263098420994,0.5979955892186749,0.559943542457005,0.7482152501754347,0.8220532075081506,1.112802953570832,1.1132526912814154,1.266756011732336,1.6089491797293856,1.413623743314202,1.4880476590715175,1.4125371234175634,1.469091547778273,1.5182577101076495,1.5759113329498684,1.559057128246734,1.5822653321065365,1.3699572474423454,1.4569496047599402,1.3947797847821413,1.206469582235984,1.0317723720797574,0.9777685319265256,0.9662300315225083,0.8822731056457164,0.8668901983063254,0.5784648276125224,0.5926932560565531,0.5230421192118769,0.1506357997120284,0.033924907004176504,0.12383762809495762
0.9000000000000004,0.36646722634344825,0.4308483690252356,0.5001031645307743,0.6140685911216082,0.8372210828791367,1.034626761427076,1.070653716488399,1.1460700402724955,1.392493068582169,1.4686714495275501,1.5863465722654297,1.398979862526442,1.35527965476121,1.5114260027159026,1.6185192252608473,1.5782057823182107,1.622881331064154,1.469549095352676,1.3677944354732814,1.3913416972653168,1.1248440432559423,1.067387058587975,1.0291228994561619,0.9400436963513525,0.9418721462107694,0.9036693217937425,0.6118242286656375,0.5542110385294465,0.38943643817613127,0.060549049704975585,-0.0065062980173047355,0.04647252146382196
0.9100000000000001,0.30409054639823385,0.4929644510787392,0.567180538224575,0.6818246412383991,0.819151901717311,1.0056740533042838,0.9812537080297611,1.2404562527925995,1.4528989522958429,1.5113155161582077,1.5464820215618453,1.4396440164939799,1.4841126406094225,1.559282866444557,1.6985096125476895,1.5489858130711427,1.6967606832670292,1.3472853816876988,1.3813042979379613,1.3550360645781308,1.2074553877613405,1.0925268772192591,0.9933850739661975,0.9952181825322327,0.8214721288433214,0.8195239616506982,0.6287471699604583,0.5827955984615506,0.486573077281399,0.2290497964088248,0.06962658432425556,0.0013257123629769815
0.9199999999999999,0.23388219068067634,0.3902479620184359,0.609895108687732,0.7946700429377724,0.8520779861421273,1.015774339423692,1.0134040263761948,1.2827976670830457,1.536270610182177,1.4746862439580872,1.6075675907451041,1.5361950524159562,1.461926014463406,1.5784308660880877,1.5849688038198466,1.5224368034776796,1.6367608642746783,1.4830429034902415,1.4132684368912536,1.2373588662312804,1.2460212398098496,1.1530093181400354,1.013655311119802,0.938003693946942,0.9257552615715708,0.8415146770408175,0.6632113468038675,0.5647352786958244,0.4380829921614229,0.1352897693112024,0.0761974044718162,0.09258066960509613
0.9299999999999997,0.4350924756321092,0.5082534652766508,0.6048644443081015,0.7412736266734187,0.8613133465233741,1.0234532973169623,0.8677398900580483,1.225578640651636,1.4134328412296033,1.5859076441863909,1.6048022326618827,1.3532653664506962,1.3991242548120875,1.6040541504549661,1.6143047762863432,1.453278492698231,1.5450970620878253,1.3468324818923645,1.3739147975411783,1.3625598351838382,1.1610497483015187,1.067811236397793,1.033989130140858,0.8812674990898729,0.7832255574856195,0.6872733827221748,0.5829407765373635,0.6120814389885683,0.41466522887548907,0.23423788311501745,0.07932071529600873,0.07605118650318107
0.9399999999999995,0.32257776745903466,0.48638108485951115,0.545933539903221,0.7136698658336509,0.9640419506312747,1.042850260013242,1.0576451422460504,1.262211813329615,1.4593989682287123,1.4975980770194637,1.556513315056093,1.439102902986766,1.3467016276869006,1.5763763893408007,1.6583784082566664,1.4259132024040582,1.6147924419909032,1.2709884890527938,1.423247629160595,1.4086790206223072,1.1597257875203475,1.1763035194554297,1.104970359877911,0.9615710452281099,0.8793832222512585,0.8521624530795672,0.6403762487819742,0.5753493969642338,0.28229384659564855,0.11153099611376815,0.13701587436174228,0.03508071696931663
0.9499999999999993,0.4095024284108248,0.4960939693196683,0.6624116884688526,0.7645470362761724,0.8418806201371797,1.0847900578928622,0.9448797205487975,1.1566328762757423,1.3423776564215586,1.5150565839206604,1.5453294659150034,1.4153479602566903,1.399331458556135,1.6099943376156456,1.5865013261754188,1.4146853267024049,1.5177258940435239,1.2596099804885534,1.3313224708215947,1.308880721251237,1.201703614520076,1.1021013636716361,0.9694579414432971,0.8583386868521514,0.8456442563904616,0.8673280441481968,0.648120827988879,0.5350782386136903,0.4028164126756909,0.04086277578623366,0.043420304737751214,-0.035374995844947764
0.9600000000000009,0.37964552834018517,0.49350396029117305,0.5480699089280504,0.64753267145501,0.9027573479730324,1.1566804452298654,1.1374128292058054,1.3339286621808992,1.4657358408242525,1.5494205309168148,1.650893820886109,1.433634697689147,1.3544941790397478,1.547142577893747,1.6333599338931613,1.5250141338472876,1.6518049659709122,1.437670955551761,1.310853630362776,1.2504948794841544,1.230137310674868,1.0983445060833377,1.0161062266402374,0.9279295861396998,0.9023841733774505,0.8067514981743727,0.59466741570748,0.5332597670069977,0.38202720256529804,0.12192281511303411,0.10054832807928954,-0.0012273703745407025
0.9700000000000006,0.3894420844303752,0.39796177111884845,0.6184653453972468,0.6341274046655399,0.8109859921264659,1.0849537077633602,1.1432790113327724,1.3074260282071024,1.4012265514548548,1.495123040898918,1.5686376156440889,1.3346435778425794,1.3437846851693664,1.6279361392729441,1.6299456028033787,1.435410816585761,1.6235712732664318,1.313288807353093,1.3381103686377465,1.3133699215453014,1.2367384948054128,1.1101945924879926,1.004636064005146,0.8219949000564504,0.8394958895843962,0.8476197129689647,0.5732289815443766,0.5314687013461815,0.45676476273990174,0.12185637106196529,0.09823008678042731,0.11312282962210074
0.9800000000000004,0.26612572935497997,0.4701731765399617,0.49866357074818857,0.6518222713134489,0.9073197878128068,1.093732115879118,1.0731772588720554,1.194559026453315,1.3566658141905117,1.4050791772927675,1.5145333849862634,1.458658584657507,1.386287553865228,1.5908744960032544,1.6149533973474552,1.4577046705425762,1.6385813319874456,1.3780680394396307,1.3786309657139837,1.4173172616715468,1.289542106531447,1.1521177032484344,1.0392589400208316,0.9676771135000786,1.0745484698361953,0.9091500092665088,0.5096010202017934,0.5001440899570385,0.4194123541183017,0.2146865477323863,0.1452070207413191,0.033331674397105465
0.9900000000000002,0.31276772891216087,0.4678686627103759,0.6057473276495609,0.8093794188167285,0.882544419487224,1.1734058651814443,1.0607562616226487,1.2843543762098626,1.381749594663909,1.418897290132838,1.4852522989445573,1.4516697698875483,1.4074561912321208,1.5382497200340968,1.6131179379397609,1.5259962668539706,1.5617019069201945,1.3634924982490946,1.3808274876659725,1.3823550719626092,1.2563256162573817,1.1537198007573986,1.0689154295248509,0.9237570534439169,0.9693824876065245,0.8123627064498039,0.7046737133253943,0.5169341967763411,0.5252770502994476,0.10965648327621191,0.06892860806099657,0.06228990447594667
1.0,0.3113394215090826,0.4358093899857827,0.5790610653634136,0.7338302334072708,0.765488488769505,1.0896662736399034,1.1304107974169608,1.1917700768715629,1.4075791522886056,1.4508570474393032,1.5970527005350263,1.3631086280936444,1.2908074840614856,1.560322279019635,1.7008017660930452,1.4934846204902,1.5383061353888208,1.2631549903884398,1.3778327310637144,1.393716368947902,1.2859279765294684,1.1503623800428908,1.0995951611760784,0.9573124777418638,1.0072479636679534,0.8925171744850344,0.5576626558929325,0.4904110763199663,0.46869150874461374,0.1976200422567893,0.0690078321523224,0.050270940185899754
1.0099999999999998,0.3593965275371152,0.5343406439762343,0.64209579543182,0.7885113720425068,0.8683192380478996,0.9672155372114701,0.8778347061859331,1.2772066152114248,1.4242239755194421,1.3931687252552478,1.3850837484888985,1.4152565427853816,1.2684241936435519,1.568840719484779,1.5904507110824038,1.4619400022528806,1.5121244184423919,1.1270465629402067,1.2418821785985523,1.2646145975916392,1.295852229941948,1.1789977104619804,1.1066814647805134,0.9791697208947034,0.9705921176648393,0.8388291998211131,0.6731699951983817,0.6184571691998592,0.4370699502611681,0.17524624692092217,0.06360488552359721,0.16066540558326467
1.0199999999999996,0.21613913246595906,0.24165977215830942,0.5928737233882488,0.5791361795891187,0.8441528935433664,1.00690600951763,1.0944844969682164,1.2238619113557239,1.398818687655858,1.4751809152785809,1.5383301280722306,1.5056601104857723,1.488847701063182,1.5209370639790705,1.5729333185077636,1.475625850493709,1.6213854786926833,1.4149563547484618,1.288564652595404,1.3422341127644644,1.2750057676704525,1.0263062876751687,0.9559784027475654,0.8778885048362494,0.9452199552537354,0.8584503174374667,0.6333720204012179,0.4816844769353821,0.2894842002262693,0.10041493458772954,0.0885730508555906,0.09334467339812308
1.0299999999999994,0.3035725943269173,0.5032873104204051,0.657773822813057,0.6949054479758568,0.8927822084085059,1.1705558599301369,1.0994237496672559,1.2160865653806738,1.405137011579457,1.3833585621588393,1.5751921998980198,1.41685615052057,1.3229031665464444,1.573335090184559,1.6318369123996712,1.5146856744648314,1.6609914001986639,1.3410413891996409,1.3448314422368097,1.344810864799782,1.2183145972055816,1.0407549806126482,1.0373936653092077,0.9503510155456002,0.8385434991406083,0.7970102265799385,0.5998877868043732,0.4277879596103913,0.30993467694420174,0.11284372522514906,0.04370284468071395,0.07560827483600036
1.040000000000001,0.3559438162948373,0.4330835133848728,0.6582446512132532,0.658973418590057,0.8207453696730861,1.097413531585698,1.1174699153915524,1.3236595522641426,1.3723416523593335,1.415275386701697,1.5032918169094556,1.3377882090689985,1.3582479985599332,1.577321064661124,1.617854976724729,1.4019304939971184,1.4620921175510868,1.2858849355541375,1.3587621153471676,1.3925150877791865,1.249554644506063,1.1240779143709494,0.8850790588030499,0.9751002193400737,0.8949097111685478,0.7397864077631139,0.6069316002630608,0.487214349024861,0.32440574939695993,0.18322661667482135,0.02583694916934788,0.18300994245958363
1.0500000000000007,0.3099702028346064,0.48143668481728624,0.7272268503935153,0.7769112813746128,0.8700778831461231,1.0466602163523127,1.038830749422031,1.267606132854457,1.3728448288306605,1.4639787981498804,1.5352223216172547,1.4123548301086175,1.4040269768532483,1.4930566294330816,1.621381914824422,1.480032837993771,1.61760055605767,1.2558823102891918,1.287195744867259,1.2974632853372448,1.2725380729081648,1.147714735931393,1.085744958384418,0.9128686748183333,0.8488352313386138,0.8982359745852261,0.6276094319338732,0.4963969991145076,0.42066368556024175,0.1403123434273213,0.06958488706088173,-0.08337187508430167
1.0600000000000005,0.25074629635457524,0.46296086216984866,0.617214118217499,0.7456115341749772,0.8195584472560828,1.0878500668329192,1.1024376270434064,1.1993244741604154,1.3287816042614358,1.4432724702251916,1.590752554962024,1.3976687334979307,1.3095808996585532,1.6029470940947077,1.5833112838862868,1.4693153422481808,1.6281874822239264,1.3895591761220425,1.377496864780972,1.3605701943862143,1.3311922044130342,1.1745291212451279,1.0700618605666845,0.9397972399953152,1.0275895894477227,0.9100005164515036,0.593819152286214,0.5815742326945151,0.5616110228744385,0.20598385362911129,0.07660503045628007,0.10206566748639297
1.0700000000000003,0.2865216854064829,0.30054721297508763,0.5443950238884541,0.7003261594347603,0.8070120141537042,1.0171119403831757,1.0357141088765789,1.216765565339371,1.3956594361927526,1.4756437671275446,1.526006354864628,1.4200823712016042,1.3564384349315166,1.6779468293877589,1.609692255543014,1.4819397084170487,1.5130296382649415,1.3657107725164133,1.4106533059397808,1.3696182117605364,1.1850083462229932,0.9877947742069442,1.0947053329099172,0.9102357196915011,0.7849508863743477,0.8532973875268589,0.686665534446557,0.5932498973043947,0.3380064717473652,0.030458098886547623,0.08968374856765754,0.10399373949579908
1.08,0.2522127303226941,0.4393982529156141,0.6716577087731888,0.70553641907458,0.8721637333630613,1.0646326232586578,1.003015524964944,1.2983627911043079,1.3849729670701798,1.5034813601602,1.575188911458062,1.4736105678462776,1.2686029918836745,1.4604120950222175,1.6105883336379372,1.5351632303811529,1.5243449241770455,1.3630575892536383,1.387463395885725,1.3734131095971434,1.273075966835296,0.9979615745940622,1.0173590559553725,0.9996540989821129,0.7455944779813526,0.8258992930176396,0.6239155282049337,0.5334048540932833,0.40889338452841495,0.26664088484094206,0.05268683541381386,0.02769807435643076
1.0899999999999999,0.3099617014296645,0.4465708505865634,0.6037381419344344,0.613657933175722,0.7943902533807427,1.076210240406584,0.9979062192584869,1.2580353676210403,1.370380227788442,1.5412751861221976,1.5629744306641757,1.4924563259735046,1.3761862476094355,1.52972796663625,1.626466131505454,1.4931837485179917,1.5518242583199875,1.4116704250349486,1.3652436790416673,1.3357201825173697,1.3402616685833475,1.2105701631633672,1.1152253607492721,0.9095079221388191,0.969630517748712,0.839064913023917,0.5887997187085038,0.49110027787731125,0.37338794173676254,0.15964018899854052,-0.005463987965820639,0.2135998239199648
1.0999999999999996,0.28160922165195784,0.46784817078824814,0.6412286730884504,0.6888279310393268,0.8848205379220846,0.9379298153421339,1.0892903522422601,1.3410517739459435,1.3730130832860403,1.4916444149925792,1.5117172330066555,1.4081242464397223,1.3731943429878213,1.5555120635424784,1.5999670160835566,1.5976207363335804,1.437287834288218,1.3628627622949334,1.4083990751078217,1.363390569169622,1.3051520688274991,1.0272170349781429,0.9995483048024649,0.9364641280388623,1.0053866513676426,0.9708428666905082,0.6186245483177438,0.5159995351507215,0.3865399980680727,0.2339252698289504,0.09917907897627676,0.07393709165210342
1.1099999999999994,0.2808489957459108,0.5064377740031958,0.5572076786495248,0.702207844582126,0.8673311744061621,1.0885273166423373,1.0527591863171508,1.2705601224237013,1.29223854224433,1.5393079519888315,1.5845475834430618,1.4485785646078972,1.2975527298899592,1.5640919307273737,1.5772534949152952,1.5828446338698856,1.505535984824924,1.3670882255671333,1.3703460433008965,1.3931376556677313,1.2889683039198971,1.107575123834063,1.0609313183408244,0.990352715529888,1.0109392293330275,0.8983713117658035,0.6817771948778658,0.5440239400124219,0.4785733905374676,0.17022018299039227,0.08985514896145703,0.11681759465114247
1.1199999999999992,0.26991317012507365,0.39767270109759173,0.5991572026006726,0.6862831673708903,0.8715107733996783,1.0386691674932478,0.99603909237864,1.1401614787806575,1.2659846292671069,1.4423540005418243,1.5091222080576308,1.4627279151535646,1.3914020342466038,1.5222787094356869,1.5757105891633532,1.5955029023684486,1.6410980445260746,1.4027475534584495,1.3354039126686565,1.412833825741559,1.2924437729334035,1.2247860249771598,1.0400403184124813,0.8676881532740994,0.9411401040585496,0.8860880183772195,0.5667259665017815,0.5306355221044641,0.44452568546843574,0.34210909460210354,0.17183787998431185,0.1726917265981666
1.1300000000000008,0.3297354421983249,0.39880970958049766,0.6206393823981845,0.6923639469806877,0.9094284712656152,1.109761642196231,1.0734595711171566,1.2414492430698207,1.31615773111438,1.4149476651122375,1.4664830536351066,1.4812490645791638,1.3444935835088891,1.5742689627827195,1.5725738877322186,1.6086474413125214,1.512275890225075,1.3615078136631327,1.2936859253200321,1.4999732560931576,1.2465394439066142,1.178613186514124,1.0294890691653442,0.9967509858690193,1.0008452299658486,0.9173917901179648,0.7360743261887116,0.5109809967090226,0.4899415942749667,0.2626738868649171,0.0734948592205577,0.12271318839874118
1.1400000000000006,0.3522431418767892,0.4430590942601177,0.6252250394085431,0.7370169451071055,0.9716625558005557,0.9945836343692163,1.072833877930183,1.2045029661408413,1.367887895659085,1.462152823877783,1.499150711418611,1.5260915356090763,1.454365659115375,1.7359724327751624,1.6872260587308843,1.6093756128053882,1.4881173965836436,1.3465758601852007,1.2874547960626213,1.398810620406417,1.3636061337246486,1.0513992649241797,1.152767275844965,0.923471556504003,1.024004084589323,0.9666614005018466,0.6363639218722061,0.622191611224974,0.4467399092457977,0.23103173523567283,0.1779028153869103,0.12326210632653166
1.1500000000000004,0.27828177739251425,0.5047721768351993,0.6579312849170905,0.6322059864869208,0.8908594144459112,1.0549574596100462,1.1062028663704901,1.327247723633918,1.2612426353185742,1.4590391176617352,1.5194847651233534,1.4921174168694902,1.3460630544362686,1.6029094367264687,1.653614440263389,1.6912894454569583,1.6257443341403226,1.4806032211170157,1.434633690451447,1.4177751642760819,1.2753489007203926,1.1872649459595157,1.033238725602801,1.0023840790009204,0.9273812719215635,0.8365956791378569,0.5983608063992608,0.5678306042067552,0.38205365871543207,0.2802206669104676,0.14141528092536926,0.13066898737694235
1.1600000000000001,0.23549559624256755,0.36601466045359243,0.5690802501323912,0.7340018433196466,0.8682320844954472,1.0684949580299965,1.0827773388557942,1.2456317410243967,1.3270135555628026,1.4381713279018689,1.4531316837339858,1.4730118545371065,1.4375220727854345,1.6058989629529115,1.7112793750766269,1.7157044888837312,1.5134840125803803,1.4804747045010964,1.3959984627574902,1.515490547199851,1.311116707636688,1.2060077852220576,1.0519828333444492,1.0114636929672776,0.9217111198481664,0.8988594758818755,0.6187067757589825,0.5414080583249449,0.4828251957557183,0.19213805212395818,0.09858496897132513,0.09634348170758668
1.17,0.2551337286278666,0.36925687885948777,0.6195319676932581,0.5682057199450987,0.8724232928198044,1.031460799422643,1.0298507940363781,1.2657180084285629,1.2684098355319482,1.4767752936195944,1.449060611535813,1.3974893281461707,1.3573634313614527,1.6195146621232859,1.7050154504866906,1.5706119494330095,1.5642949813543994,1.5293777113037699,1.4287350854050762,1.5341791757802903,1.4113379610627825,1.2263294351523146,1.1871141181162153,1.0468452567738091,0.8963758354676954,0.8379826087786865,0.6242584183035796,0.56398743122774,0.44457546714624896,0.16301407935538087,0.07779811642752377,0.07081546882106542
1.1799999999999997,0.265037512215008,0.4370768222171765,0.6528422411679699,0.689121891349149,1.0062071242201682,1.0319256535834902,1.1336359957812756,1.2637117310920654,1.309389808798425,1.4377723456711518,1.4682759878086677,1.389955797497448,1.361532109382372,1.5927344719627006,1.5830170040990175,1.66492411768586,1.59786861357521,1.4199324283395456,1.276196228568646,1.4273664859152773,1.332490051193696,1.2368000306475826,1.0014804983008128,0.9418596186187069,0.989813216083794,0.8370972740900428,0.6180963359699647,0.5280148866722106,0.42398954623907253,0.22590353163390803,-0.06509417400550759,0.09568971752560268
1.1899999999999995,0.262025574855656,0.3985817540989325,0.6386091270763492,0.7633178372568422,0.8557816484808421,1.0935433825048522,1.102771171084549,1.4138739574359114,1.376873522424033,1.3719456618510504,1.4873941349737307,1.4967056379023038,1.430186925168431,1.6018345755461052,1.6432680369598236,1.728987151837986,1.6613001058718586,1.4352616454747478,1.3553094059531168,1.3557023130550205,1.3861824184079974,1.27826061243073,1.170127451208731,1.0524613290802425,0.9684685133533146,0.8694388928758556,0.7441366414433992,0.519767586270689,0.4580375545091594,0.25841047890311364,0.06271516046330272,0.1310045303557437
1.1999999999999993,0.36477064897858397,0.43471375812459234,0.6618396546716385,0.7794440482226564,0.8914649465149611,1.0151271969697755,1.0503995335791854,1.3071577771242413,1.191563553899547,1.3951757361600465,1.5211122348414516,1.4144150469267516,1.3338799467826108,1.4813972485584697,1.65133847775115,1.6529952965758623,1.5306687632841192,1.4867756146078248,1.3569833341657833,1.3861624800186896,1.3649939621876246,1.2600433528096529,1.1229407129830262,0.9358560012674907,1.0232393634553305,0.8569735517898194,0.621071387582362,0.47934225917354195,0.3364201473106902,0.23202389397593334,0.08118304200612965,0.15931372955673537
1.2100000000000009,0.20979560128037725,0.2932295686364012,0.5386675610478897,0.7468198325676021,0.8922839189253636,1.0949152787912868,1.1372398580099998,1.2480612281525454,1.3181677678732662,1.466019943959582,1.4449283843054117,1.5621373298268275,1.4048037810972638,1.4865058414878465,1.7061303464987352,1.692033340165028,1.4695834336960334,1.4001699659370044,1.3841937659830066,1.5240977574614183,1.4204566858269985,1.3038553231449796,1.1317549592530651,1.0148711161027468,1.0158057844232498,0.7656877048252924,0.5855148071509066,0.6980944789518642,0.35601029456169564,0.3653070143268014,-0.0016740902773678913,0.06408373897232673
1.2200000000000006,0.33459686070443534,0.4534880622471958,0.6580474485576948,0.7818604716723746,0.9138129025941982,1.1303869927582335,1.1061009146170453,1.2644303690510699,1.2799329131915869,1.4674260095654104,1.4896420829034565,1.4266790637356195,1.3366144674347882,1.5008219820479554,1.579200178342629,1.6829206384622666,1.530349699502978,1.447476420854753,1.4612604458314804,1.4481480316738398,1.4470987218289872,1.2713925667679007,1.059992043432078,1.0409905864316684,0.9215829278840386,0.8786770373643954,0.740888564474412,0.5580125945751898,0.42925315778013473,0.2290549667383402,0.08045637891120276,0.06740881556942374
1.2300000000000004,0.3218425074426171,0.41771011389027635,0.6205349345833762,0.6594471227941096,0.9621498284769704,1.1652163678209866,1.1707572369315613,1.2778197883804774,1.320369632332225,1.4859839121669558,1.50325316331266,1.4905360431085672,1.4117322557219008,1.6185010430559144,1.6961611292238004,1.669093575506199,1.55412327274066,1.5376131697627338,1.4023672897547703,1.5096423920304347,1.3477178239259384,1.2708274067505287,1.2323537754487175,1.077010513466824,1.0237687501747819,0.8210624875752381,0.7239707430002709,0.456547067266455,0.3505343236602438,0.25567823636103537,0.10082290818650023,0.0825543084854913
1.2400000000000002,0.28271061500842565,0.5207953046338006,0.7721043270158331,0.7474042894273061,0.9025498817250266,1.1786774295112257,1.2393977198988662,1.330050597142285,1.2587521872248897,1.2856982882435914,1.3991024990613663,1.4328729873653185,1.4011170044861923,1.5201133590294202,1.5190882166305302,1.6522652162796483,1.5133449888545492,1.5213731251592688,1.4239112578253843,1.4545343283056227,1.2919387079440585,1.1715374435429706,1.0630016718646598,1.0905355111947412,1.0214271764977019,0.8706994212364786,0.6797852266175796,0.4989749943836855,0.46201155411371175,0.2634281348609993,-0.05533506242070556,0.07186846636554459
1.25,0.20838176659673507,0.4636954498465551,0.7184539946495392,0.7475472627086379,0.8272271973593901,1.0369129755667703,1.0926620431823129,1.1522369061412658,1.2629262134967731,1.4371103687629432,1.478199447839642,1.505252982045317,1.3909657098326815,1.5855578393409595,1.696717402152253,1.6168030157394007,1.6311971038563158,1.505424031524068,1.350174152700162,1.5038306637422383,1.3893859968455469,1.2208100178279495,1.1119147672431335,0.874343147940905,0.9679472082164573,0.8505511918222437,0.6785566669047839,0.505578614971505,0.4036202411776418,0.17083889140651562,-0.029281435948041924,0.11616421229185106
1.2599999999999998,0.27466002282518204,0.4979246505809621,0.673180977743836,0.7189060229187137,0.8827644734814535,1.091583695168675,1.1756732695212602,1.230184993964478,1.2763880456640997,1.4807109249225998,1.4091919784276934,1.4169151215782607,1.5227210763898453,1.6101730850567728,1.6099736615170634,1.6224083398788027,1.5188087787843918,1.390602404163417,1.3362021900026797,1.4007760225512267,1.3896144717096919,1.2757253753794435,1.1885650395009775,0.9373384283641752,0.9085860569688254,0.8834870926410916,0.6555800017308461,0.5274930488232284,0.39596716774061935,0.1201814368775243,-0.13974415243914476,0.05050241742076562
1.2699999999999996,0.19765703148855918,0.3455445146469559,0.6484063551430301,0.7652432945020645,1.0010487213032835,1.2812607796368376,1.12930901069314,1.2743883173408976,1.3044229347404828,1.4782583529508815,1.526585467568704,1.5157233500905687,1.458396779190352,1.6835128790614444,1.521353091644642,1.572945575311724,1.4841002792690916,1.3385149916106909,1.4155613378041811,1.5421705921440212,1.4725304532582146,1.3204373283970599,1.0844425085471787,0.966945682735553,0.9940732005204054,0.8594618585095917,0.7094541144640814,0.5154950410597383,0.28790060959659386,0.1679906086357281,-0.005176251131507176,0.024070330117869774
1.2799999999999994,0.2531145006257281,0.4723425365246271,0.6486065245247047,0.6844077369220531,0.9525061840937472,1.060067436640623,1.081500005270095,1.324293999494268,1.2957441543026957,1.3695077576489905,1.401144216383864,1.4502292855034784,1.4901621758746564,1.518886800085379,1.6300995462962797,1.597515045306298,1.523860997864431,1.4250855724456044,1.3347319004221092,1.5103800153175568,1.3557267890644795,1.284959162317333,1.1618229132466784,1.0262419972132584,0.9486993367121641,0.7927628966399671,0.5995968411847271,0.5204226172365622,0.29983767132325495,0.12943640256610517,-0.07971317946946016,0.01321102179286391
1.290000000000001,0.22821604435518295,0.4833333764481871,0.678471456098272,0.6868494688103072,0.8095774310332446,0.9815302066225637,1.1434051061170245,1.2366018703309212,1.3572723466318188,1.4913037525287562,1.4806724175618593,1.4962026787222542,1.4232673185544678,1.6717613367052664,1.6511023686781128,1.6317232073927306,1.5553585019744205,1.4653264911746982,1.3764172773261683,1.4987177618269143,1.3890418557074955,1.2929072999293156,1.1927483560198093,1.0020214229955298,0.9235203694161956,0.9230364894867754,0.6963220120026667,0.5227294409755979,0.3921736766833861,0.18363127820253644,-0.08355508937778619,0.011506915274210492
1.3000000000000007,0.2712800837862111,0.335707354164291,0.6660274231139722,0.8073739834370695,0.8919905008829203,1.0206618234329996,1.1341410711813558,1.348627244008292,1.2601742693156404,1.3554073923181797,1.5051051259219141,1.4543063826557912,1.4748652697991176,1.6234176715417326,1.6587462396347674,1.6525170219232117,1.5863675335574894,1.5687080480402567,1.3441778632783827,1.4599886416284313,1.3664552363304219,1.3717602870597325,1.1521652875759871,1.1191813155730492,0.9521253855338438,0.7598963977248082,0.6521263313970447,0.48902195775166457,0.21932154245279542,0.17374407410495402,-0.06042497176301599,0.05371374182166159
1.3100000000000005,0.16796410632074443,0.3898548815563684,0.660371268144775,0.7101965719819031,0.9012755326500813,1.0441300325297818,1.0670103450925241,1.1987887604798206,1.3167068046573176,1.483364879153727,1.4643605496470835,1.5219589521027994,1.4351744502508628,1.5482283740829412,1.5317162790043402,1.6490488537445942,1.5821583385273827,1.466916573131879,1.3628823622767958,1.4426888167608765,1.2944371283112222,1.2617584240176953,1.1360719328493034,1.1088260535670609,0.9329078303066433,0.8109871125016828,0.6018281395211865,0.4704680815835563,0.3502352920750299,0.20691826886124406,0.03059959020596491,0.05519618223869454
1.3200000000000003,0.1548584637996723,0.49451607128247566,0.6329466847232978,0.7570788189921926,0.9042573825285254,1.1628918933391674,1.1107884765410188,1.3132602784155414,1.2920876913195625,1.5238267684225892,1.5090160745288694,1.5428957171989939,1.543867330558732,1.6361863869886575,1.6029917101144946,1.6939971939466605,1.5082395335623597,1.5306030998078402,1.2975780637316734,1.4184335166398352,1.3993157793244047,1.303676337018965,1.103584661621848,1.073766889204749,0.8766449832069438,0.7534868562419407,0.6477754396511127,0.5314630562277477,0.35657276068308874,0.20993989369686455,-0.016069417182458065,0.0658929164930672
1.33,0.37761426567654965,0.4570791069485451,0.6111020149978178,0.7267841937169698,0.8320815662570422,1.0929712304044468,1.0550920247598967,1.2235147491463314,1.3156020173400391,1.4061243863511472,1.4520877680450477,1.5247344063021235,1.4570264379554554,1.5612858727572474,1.563686810490626,1.6005936914543055,1.585076580062073,1.5169765738436596,1.3475873593549885,1.4223679045388735,1.4440185684372118,1.2630230499294566,1.079332625122138,0.9919931271664602,1.0016819618917145,0.884836970581754,0.6557423031952937,0.48571294487383193,0.25493543386508943,0.1530778739496728,0.0005369529496826613,0.06293835374219556
1.3399999999999999,0.2688526770933365,0.4483460604583606,0.7037920514453331,0.8975311449934489,0.8922012404532267,1.014319174503676,1.0959513136584307,1.2459872012647644,1.187760909394046,1.3438582407523247,1.4684769729314335,1.537331578395842,1.4308386784193123,1.569085296311449,1.5043151904183818,1.6295174538550432,1.589471170884576,1.5061745380631195,1.3706131021147363,1.3973807362769775,1.3887486941950045,1.310449792178462,1.0785865678056057,1.0430868458032383,0.9701931789173206,0.8309516903341114,0.5220221220255388,0.46952236565073346,0.3428118454445589,0.15205901216486736,-0.04379722735626336,0.055013803520068044
1.3499999999999996,0.338711255677951,0.5892136217356192,0.7097997876970393,0.806600532720358,0.9886015377804621,0.990269410435837,1.0256204372867006,1.246577029550667,1.270560299556832,1.4562450455311475,1.5189163333801177,1.5149626564880339,1.5051058971267337,1.542290928972717,1.56524094966706,1.6944048766699802,1.4679314985805225,1.6413167025721145,1.4266447255110029,1.474615498007706,1.380384391327031,1.2692565348473892,1.1418530877318458,1.001108242645339,0.8943558641482331,0.7483332676521373,0.5706820687163545,0.3399185796956458,0.2901649179100445,0.23381086036180235,-0.024756051450009864,0.0402100941896953
1.3599999999999994,0.33725304706597653,0.45517445719208544,0.690832487037074,0.7820300761569865,0.9112927901574466,1.0771644987960458,1.091081284735775,1.2602643986488873,1.3338376129596983,1.443380158459849,1.4107389536415897,1.4278032475854199,1.5149947184975292,1.6175789474840079,1.5579329107772086,1.666264902890554,1.555541222306221,1.451441466177714,1.3347111683426098,1.503945349620475,1.3459925050725838,1.3868249961914698,1.1591035242280614,1.0207587716732252,0.8671677648923338,0.7589751538448581,0.6524923279452184,0.3863873760686738,0.29888132800144745,0.1072550544325808,-0.03909242427288614,0.055431391009795376
1.3699999999999992,0.2894349749208124,0.5182666348061356,0.7497100843763187,0.8057018682519894,0.8958220712791902,0.9905267622648413,1.1750877360541587,1.2429780341360877,1.2933885175021813,1.408704594334278,1.526855320024393,1.4690273002870473,1.4798986543616437,1.543238435241563,1.561168576702366,1.5885075903656274,1.4166734908315994,1.507739021121603,1.3704988859049148,1.395688615345564,1.379358654549285,1.2922456787634684,1.0809854364279716,1.057147362363503,0.9542614494272154,0.7812090738599402,0.7013226240793697,0.4778245681926591,0.3559492994238392,0.24684917448193552,0.0891688840245429,0.06581219169028207
1.3800000000000008,0.2563818969731161,0.362687428160622,0.5481933853192242,0.7452729624907947,0.8982236738098881,1.1184242960814978,1.1556104401041514,1.20097597853283,1.2410305654878055,1.4470562459529903,1.4721777362586912,1.5304046529752307,1.5462725112609863,1.503284487120966,1.5850218609072877,1.643474182940819,1.492246925584362,1.6205315254383268,1.3900402319271163,1.4121862677506034,1.346981069910935,1.400863762636422,1.127383527588872,0.9894965328945512,1.021012353250047,0.7978822389683253,0.6308659136267417,0.4240389822335053,0.24607028853804733,0.1675744040722771,-0.04946537350499704,-0.018890087770642452
1.3900000000000006,0.2959529554156712,0.5122082764485418,0.6373558310165144,0.7828423328075145,0.9012981051975387,1.0555314036963435,1.1210517146899288,1.2192045714950441,1.2059343552196715,1.3427406406870985,1.482735943628932,1.6017204925991788,1.612216176152168,1.6025820278467737,1.6339141562681314,1.5897667873538162,1.5407504342669702,1.5369788913483813,1.3603817807359302,1.4458668782582946,1.2633879245867876,1.4160037274074957,1.211762975370954,1.0539345808054832,0.9473514594092707,0.7865509857666002,0.6652515548288322,0.46611173766164404,0.27141911530910134,0.14287891585253004,0.04551569925007809,0.10746264274018744
1.4000000000000004,0.3435088539172949,0.5231433077979779,0.6789187990332388,0.7755869718160211,0.9893422854661382,1.1086898277461503,1.0869445473641737,1.2794798085877361,1.218405686747664,1.3689277116362641,1.5434681136629547,1.498378353390083,1.5281971861453754,1.5759139557025532,1.5762742319114948,1.5959625269059114,1.5029555561946757,1.5425362437921353,1.3911837946693355,1.4446711750921533,1.418346626661336,1.3805008081831671,1.035563462175375,1.0798939584841638,0.949325734527912,0.7585443315789275,0.6288927716593594,0.46229819207122363,0.27693384220476736,0.24572414480181773,-0.02236136035109365,0.05862873550751588
1.4100000000000001,0.22952866153580753,0.4284408949265225,0.6641297807987885,0.8219129509966121,1.0098461891089334,1.1155895158898779,1.1622757182298027,1.1843451559324956,1.2179818963587286,1.396808249306565,1.3767677798151636,1.3929821705976553,1.4334537712425328,1.501729864196871,1.5529565791453692,1.5673892898146098,1.5368760809828852,1.6157535843800692,1.3793491750943574,1.3967170252964203,1.322129260728783,1.3836885499017668,1.1788385731056366,0.9860740973864193,0.8761165814862337,0.8026605436158232,0.614096236191568,0.3201374627042832,0.2805622948157159,0.13849752428687218,-0.07902019798255831,0.06719270034852837
1.42,0.28466635951480457,0.4367202288973258,0.6272153818226279,0.7318317968572057,0.9312392421090511,1.0581872479160654,1.1068993327111318,1.3421415223521413,1.2023857465893373,1.2845425764869143,1.4089721028086224,1.5426589594571833,1.5760891034878264,1.5864819297582031,1.610453863510959,1.6520164842057656,1.5040439481100782,1.5546293966820341,1.4699132426937473,1.4638760036447889,1.3658846498671051,1.4077220211585626,1.1865076096102234,1.1176186376992672,0.9966303935592593,0.7857857765001749,0.5603856896327739,0.32516072829456205,0.27553095839912906,0.18895522556336644,-0.006515450732453533,0.0716055466414947
1.4299999999999997,0.32829757967283824,0.35087704527408287,0.6034681714626482,0.8318254521039834,1.0155998909435755,1.1312697691820612,1.247653067091181,1.3017263258278673,1.2929926822579652,1.4125728709449368,1.4241798995883423,1.4186585978953359,1.552748566601399,1.6373986347610443,1.5589118042557948,1.5548252232478812,1.5967634316816484,1.4239981348058848,1.329348247836426,1.4784289960193693,1.4129057352133647,1.3615493042591122,1.200249563994773,1.0614038274938842,0.9217154402654141,0.705697712300369,0.62015942108862,0.4045721842367967,0.3140414184323349,0.25114093578155383,0.04590102450797549,0.14499571236959652
1.4399999999999995,0.25236074417684734,0.5261780079204189,0.720390704678423,0.8026089562978271,0.9865621518202037,0.9098596417847353,1.096152257956051,1.2319580222257058,1.2390975605099912,1.3983590162977952,1.449721294660837,1.4905906957760848,1.5778166186678417,1.5207660121340136,1.5003716271251997,1.6163611473802355,1.537052375195707,1.511721967555842,1.33096041670523,1.3305427361395115,1.2924631402478892,1.4033238748089543,1.1688563645298282,0.9534845850873916,0.848548034414157,0.7872383305449753,0.5912841403253147,0.31334028181715473,0.2899269561448697,0.22529964799081825,-0.02936599412490941,0.011275861046084235
1.4499999999999993,0.30344626087916815,0.42281505879747955,0.5976154139931814,0.7902139071727272,0.8676107774872788,0.9692867337937634,1.0936219474902145,1.3197331113617978,1.2761874249617626,1.3281928767387274,1.4137399397944643,1.5492339493149447,1.5389606353014205,1.4957160613115839,1.4224822583924708,1.4861072195740563,1.530071228280132,1.4842949951689413,1.3126656359718205,1.4410188540893343,1.374451236870736,1.3541655332014815,1.1360664227542114,1.0284765640983837,1.0120777928988238,0.7168038629133596,0.5840856834416523,0.38022159236314484,0.3270365908004978,0.2139958563368687,0.023214639243720282,0.10257593804900597
1.4600000000000009,0.2888053095297314,0.5005265375057757,0.649406516716922,0.7161020505727785,0.9313038446538668,1.0599972910259865,1.2156164626134278,1.2836187174886813,1.1771537594370978,1.3370948846446584,1.4246197200845672,1.4359703389232594,1.5308849173044012,1.5842036883529824,1.6241949786779335,1.505893326578909,1.4251858051443058,1.547159799933902,1.395830241760203,1.3082582841092179,1.3050569998971753,1.2953450080742859,1.0592982384740737,1.0373092241042743,0.9332362206436249,0.7266710840124545,0.5424042626276491,0.46696075452281804,0.22496625156399236,0.19641796830440686,0.01573102953045368,0.042005495698849454
1.4700000000000006,0.2699112254759284,0.49604475117298485,0.6555859670256621,0.7492799338423948,0.9333229643342208,1.1007149222210075,1.1616649093355027,1.3195553115923768,1.2529146950251777,1.4106312876106706,1.420549564752738,1.4032859038696182,1.5177291546375191,1.6016950744037024,1.5460131789105487,1.510115405734946,1.485234031227563,1.5495361204677511,1.3305839779121098,1.3739269360427384,1.4071620081326441,1.3776442242961378,1.1498962992164974,1.1104352270671796,0.9067913546718532,0.681445403796426,0.5499502634634164,0.4135905981930631,0.3245350938677301,0.25005092318178196,-0.002957748946845303,-0.0038206750740192932
1.4800000000000004,0.3172946245930012,0.5298243990382219,0.5863455757392925,0.7146095069235234,1.0017063757858455,1.0442786492567302,1.13090404146385,1.3662498588170666,1.303442388890765,1.347202255783528,1.4204189671315361,1.5886060868598646,1.485825463890036,1.6963015027929365,1.53866729159649,1.5113926511886093,1.4499517935870156,1.548050329730073,1.393125727284175,1.4037654434179887,1.4368149064623508,1.4070378042334755,1.1893842783831554,1.0505808155573413,0.966823524393921,0.6596207280899645,0.522478670255337,0.400909961836174,0.3264689060578075,0.2714178055966964,0.02160543294121578,0.10866779766294199
1.4900000000000002,0.38819597439208636,0.6321295738474569,0.6822356680443219,0.7060100053667887,0.9122004890423636,1.0821105555515975,1.1846688156380698,1.240572784730413,1.2453510661728884,1.4358715414921384,1.5252396187173642,1.5267827199269375,1.5974475308141454,1.5185955745721726,1.4521433298823998,1.4978049737158567,1.4476378303763289,1.5750447608054374,1.3001754366634586,1.3383988821488302,1.3032742187717088,1.280624893424226,1.1123262153832585,1.028521877319964,0.990035008171066,0.7508731337135854,0.6299278976648993,0.3658634243228014,0.35036817089758365,0.16074100915389034,-0.06856092986813744,-0.04851072778698012
1.5,0.21867971683724896,0.5245758441898163,0.7276562261113093,0.7736907885043023,0.904601870187627,0.980691879434623,1.221337196487371,1.2357763908842592,1.2356898639431084,1.3493253987542226,1.411618622894625,1.4773227843272176,1.5185998136809065,1.5792333980673248,1.5115968738132464,1.4936455107980031,1.4399411724793887,1.5740510432933112,1.290314554030632,1.2530069546335412,1.2999340243514956,1.2394360130146418,1.227782232540577,1.0831608168849698,0.8324774793105698,0.6305000447353861,0.5744541379745927,0.5248772237600529,0.39677596565927653,0.2055792063903124,-0.08923344879662129,0.10081929455324924
1.5099999999999998,0.2679112418584446,0.4541420842417198,0.6622059601573651,0.7671085904823854,0.8515500666745239,1.0398535374838997,1.2337905990891311,1.3186013024176693,1.2122612465531397,1.4149440796257928,1.360447588056452,1.473450123259036,1.5426651917653522,1.5535691667549583,1.4305897414114082,1.5355426213086008,1.5677323953265716,1.5760631715094193,1.3185554345233967,1.3963478593882181,1.3492064315847783,1.3201041373188276,1.0859813531096896,1.0236942095196568,0.9301044421939795,0.6861649309806073,0.5829669720820498,0.4843819397419151,0.3758200637420694,0.2182314911720012,0.06681673886477822,0.043643113388837085
1.5199999999999996,0.22224500942624809,0.49530036106305214,0.7079414439476147,0.8900878847670325,0.946820359111179,1.0069505656493174,1.1090441167169731,1.2499596034590457,1.1426892710459222,1.37273746509499,1.4249123615613881,1.5075575752048942,1.5274533607101455,1.4921788394026931,1.4453814892641303,1.4151331169872834,1.461619919188546,1.502206627231858,1.4144637968888967,1.4095212579720005,1.344643889140419,1.2637457496338582,1.225158390238977,1.0962067404776232,1.0244544581149104,0.7477918841214422,0.7205103730698765,0.4509742688331065,0.2995439351827293,0.16919734552660123,-0.06363491469758394,-0.08640827575381221
1.5299999999999994,0.2776502718095923,0.4426744572211374,0.6950900510635474,0.8911806828920275,0.9458952122396213,1.1148492696189374,1.1563472071607968,1.1501033305575534,1.1143542796477712,1.3173910043433505,1.3504581446396386,1.6373773319793727,1.577681034740316,1.624349708195315,1.498726453686677,1.4612062875085012,1.3711532760621894,1.5186051994403271,1.3269949394501155,1.28603896616569,1.4002084495186269,1.291061693772673,1.2381345663740915,1.0777463235464346,0.8932795924399574,0.6529396239581117,0.6123488053787115,0.40691142405839253,0.33417385026340546,0.1944294455049267,-0.05838049313242779,-0.03882511355659212
1.540000000000001,0.3418091933836168,0.5599575536356515,0.7007116784989045,0.6985661382138052,0.8479081492722577,1.0916146819533143,1.0688895641528533,1.1738735698445053,1.1236317497388448,1.3385375897075613,1.3551752620957045,1.4779551257267733,1.5509159072792276,1.6598633511929726,1.564027978226401,1.5113058804164905,1.365951836074294,1.5187693626746968,1.4248788960213004,1.265609643549709,1.28385295500958,1.4406331335031448,1.1868906875323282,1.0364621448846747,0.8935154711001243,0.6782567544270087,0.7223072931465091,0.48342006973058566,0.32940120653423366,0.23103289598895616,0.03854941677075145,0.12688922788111096
1.5500000000000007,0.2535741120644478,0.4878200032606985,0.6716055661668577,0.7982089632989476,0.9324204509168367,1.0144372552889191,1.1856052825599663,1.227083266327977,1.2238834032196158,1.384267745496259,1.3492499862882061,1.5835233583365362,1.6477631131569657,1.506865377673478,1.4608643321923083,1.3690268515214492,1.3163269113881382,1.5020825902421753,1.4148156261882872,1.3048865942566945,1.3673329146078923,1.2568413718191838,1.1727278703130986,0.9806367344049897,0.9823880878865354,0.6630892827802632,0.6112403998333907,0.42991174441367047,0.32808617690054465,0.2658285320113003,0.02365465674960224,0.02813704758035546
1.5600000000000005,0.2015183667688818,0.518834311025875,0.6617856688212049,0.7895616415471406,1.0112220513342662,1.0710364330119166,1.0917848492499798,1.2989248301977503,1.2191606972072613,1.3760171843065605,1.5356189835077962,1.5769230810242079,1.5156733250998768,1.5495748601366266,1.4137395217495385,1.3460878182287013,1.4144282298225104,1.5056655957011873,1.482672426086228,1.3668261290452033,1.3427725963138726,1.2907332573231625,1.1286540926454522,1.0183814517093979,0.9098879387078419,0.674403384437613,0.6385241138959277,0.37513843390848456,0.3210096166823699,0.17406086617840422,-0.06000745636293093,0.10611992461216697
1.5700000000000003,0.29311560813027393,0.44852003490969006,0.6722506007854354,0.7511461773504495,0.9629837174499133,1.0753862399225715,1.232471833662841,1.285619060351737,1.254805694145224,1.4603902922447083,1.3955794696944397,1.5004489058678732,1.54457875019688,1.4412279697540868,1.4894483116921604,1.4807820399686167,1.4322837218736126,1.4950969842780673,1.4390181600515413,1.3498704426384287,1.2773874467752195,1.3735966143150087,1.1767174490586825,1.1745455812585752,1.0065618770601896,0.8396360007861414,0.6378373895466386,0.4773449003279635,0.321733167441576,0.17478688421660876,-0.059772685162944476,0.10401683232279202
1.58,0.31009531527461554,0.4804409943253344,0.7115795327565153,0.8692438137766165,0.8553646722309586,0.9900647478903143,1.2228281657756266,1.234039085594422,1.2012229186575785,1.3426042913466112,1.3258631329467347,1.596977928971637,1.5882731695666763,1.4969401643102154,1.5123510836023346,1.5301022868329726,1.483230113791932,1.4775710485980404,1.4012267764199327,1.2818214622398427,1.3753481269605898,1.254198603770421,1.183618624332461,1.1112829188886904,0.9850333432249524,0.7047737257820472,0.613315108296237,0.3846114963804904,0.2702983442672067,0.16307198278567014,-0.0018603257893849423,0.09226500359868582
1.5899999999999999,0.3213063000465928,0.48738270154151825,0.7183244225552818,0.783942358771462,0.9343373648883768,1.0044784931768456,1.161004388950822,1.3259727211814603,1.1997807572653179,1.3563419008627544,1.3291256137966636,1.485445883813987,1.5134764624780854,1.4807772039478606,1.5012908873659587,1.5230485997251766,1.4759136340593024,1.5101598721930887,1.384081211727758,1.4393513155627302,1.335220706460807,1.3135551733106243,1.125683686682622,1.0254017509480635,0.901901450299721,0.6451636980366355,0.7101181870766307,0.472498678226848,0.39287120788535856,0.15757920948860346,-0.07364150745447097,-0.005808352798854097
1.5999999999999996,0.32260512275219316,0.4739783837771634,0.6100886394999095,0.7250287106587471,0.9229709632914949,1.0579615313066946,1.1745240661111642,1.277881442351279,1.1827769159177235,1.3093285438479176,1.432697711807075,1.4724887112008165,1.6327134555812317,1.5646638202750962,1.4413434615687943,1.3567528297074698,1.412679563176876,1.667517439209174,1.3909383967222686,1.3108016542555687,1.3107211264740586,1.2630699209889698,1.1834671132234638,1.1557465938784197,0.9384428338990257,0.6642121993328385,0.6293890882588198,0.41104392717424865,0.3416530344220089,0.20128575643751706,-0.0628952746202094,0.10663374953097376
1.6099999999999994,0.2904357338484986,0.45944226707727687,0.7006784171671804,0.7430817837658135,0.9460129559836452,0.9834646734600192,0.911270595851087,1.2005435897452823,1.214693790699007,1.3036729122296846,1.3190156685682042,1.5362548293706138,1.524769916115468,1.5355566000845293,1.5139764136000133,1.5456060142723043,1.491352155774048,1.4487248139512485,1.5020585299984832,1.2856959962672843,1.3722976760832235,1.2889844117079372,1.1656922922711754,1.079674292527114,0.9568136011114452,0.651554753187233,0.5983841354807875,0.41961805327703305,0.23391911763051065,0.2918743498495896,0.05564017677480759,0.06762453583847695
1.6199999999999992,0.2475388085307632,0.4192459066880645,0.701306136520462,0.8230522498480113,0.9747428453717171,0.9966839572844259,1.0409041522866356,1.2513269566937666,1.2704462653033421,1.4983353298580468,1.4278328009814136,1.6128261902544743,1.5136096320098158,1.5396549423277306,1.4549461002793869,1.3795657842187627,1.4761650440712693,1.5102870861852973,1.4523058785026586,1.332278432742924,1.331540058749023,1.2318647875203588,1.1546753684628597,1.0905901808400158,0.982556933868507,0.737502935145327,0.6777206288168686,0.40382760767077863,0.29435300896311484,0.21167195946594738,-0.009363261722773271,0.04274762832879053
1.6300000000000008,0.34518045879997306,0.5249637747894772,0.719061040308364,0.7804489076493221,0.9291716106556207,1.0728530843869093,1.1520497149966151,1.218516150714454,1.161377047808252,1.369087194566305,1.3623207521670369,1.5511179092542766,1.5597506450396408,1.5553049376300554,1.3719173933649618,1.4128585668842992,1.3296657556940026,1.4767052271569252,1.5325412190128143,1.3551118068404446,1.3229180196430783,1.2913006024053886,1.199598010977006,1.0719396321807166,0.9414738415503465,0.7458138747772747,0.6510540379740113,0.44666462300454324,0.3475593554748797,0.24374553679024005,0.03711876684398042,0.01372353129274747
1.6400000000000006,0.3625305781863257,0.4917981667751525,0.7885129017620612,0.8412630254385135,0.9622359792157615,0.9913723369013502,1.0571152069193972,1.155635954412576,1.2067178271564192,1.3590251939607676,1.3211132986176153,1.5135033428804319,1.628913421631209,1.5502646209807152,1.4973702319194242,1.4671652715311918,1.4559932315928263,1.520450219942062,1.3780878699628245,1.266164746837381,1.3794642058320024,1.2848890011683372,1.2004190138156572,1.1294657731015953,0.9321581584019026,0.6907086162192368,0.7519801211880646,0.5434769196090741,0.38465214977630563,0.1879576692045456,-0.08101256203593837,0.005980281913859811
1.6500000000000004,0.3834176056816643,0.5115282608425197,0.7673524369530424,0.8727955366151086,1.0144009980058595,1.1363530272860398,1.1983977215562756,1.1968883659882572,1.2746391330135285,1.3049614140571666,1.3324611160231157,1.5107828499983658,1.675621657250057,1.4716276707935994,1.3416294697380902,1.4118494259594307,1.4404575889669857,1.604742793805871,1.5088037411809143,1.3052300220747741,1.364965157748883,1.2480895334961524,1.2192013387590004,1.145708281874306,0.979823993329301,0.7912610616337491,0.690507527216845,0.3511160381838889,0.3054423233295537,0.23535846134912286,0.026804288017304802,0.0824321406582155
1.6600000000000001,0.2753188113763112,0.5639674752349579,0.7225960228212557,0.8970775021347427,0.9883220098525496,1.0679535139865208,1.138674702803253,1.2869041525494511,1.2578682604234774,1.2838807189324422,1.3262229271793866,1.5819656044610197,1.6780183262975246,1.5217380846500195,1.4506384123479539,1.382482371664279,1.421933355899205,1.5428810005748912,1.5119164570535333,1.2793395462655632,1.3126057516159215,1.2939117086088163,1.210578187144008,1.0309350171109437,0.9144462718098345,0.6623869250374481,0.7102443758437863,0.5007733269204626,0.28683472353526596,0.16163058387880708,-0.09493157975689948,-0.04298731711839472
1.67,0.20513362156150328,0.46869733987694995,0.7574196159565054,0.795892924258992,0.8801499014550852,0.9580049333786369,1.1834288722070267,1.241424071918264,1.1527243407174073,1.165761199324596,1.290673524676751,1.4791421036891643,1.5999168959751746,1.5980382330259837,1.496170441347903,1.4314835965075714,1.4183012776268789,1.5190182214580723,1.4443295352013241,1.234569755474262,1.3549547867327048,1.257723015147743,1.2548940768913595,1.1031182330900036,1.0010792331937215,0.7578017781004396,0.6947829544169344,0.4380995736071988,0.29283527801150167,0.26843825812088284,-0.059671717752233414,0.03959648109181088
1.6799999999999997,0.27945949052809,0.5707725814985445,0.6285524518379724,0.756318026914176,1.0085195007197196,1.048201546859858,1.1985168269544524,1.344534350647765,1.217978023808733,1.3496288655176185,1.3329648412569894,1.512087095911519,1.58000463020163,1.5378838066550014,1.3316395913388237,1.3675313517786831,1.3842872256552654,1.4433915350398188,1.4873983747513193,1.2952747494580814,1.3653184456523335,1.246595518405354,1.2494851155759568,1.138562321592903,0.8107981206580452,0.6648525410042563,0.7083550138288037,0.598579123935921,0.3332249053809695,0.3287827775101626,0.006268296205274636,-0.001971747260727054
1.6899999999999995,0.32505332887468374,0.4907519715015344,0.7272861888282696,0.8289441924581358,0.9055413135762534,1.112369921781289,1.236271277464082,1.3681173313538122,1.1733470715775252,1.2393585190627678,1.3137300269370902,1.562413459868333,1.5357953747767177,1.4656981623920227,1.456163947790802,1.362327559689098,1.4153601118483154,1.6396194607395937,1.484416003486929,1.3137247739341498,1.3582159308339423,1.2121835891577168,1.161127673434048,1.0302410304287308,1.0332071591996523,0.9125717875990493,0.7240745791863871,0.4513209295298937,0.23225647019666554,0.17447029668552114,0.04742781745948772,0.0856595816406438
1.6999999999999993,0.3051153907693992,0.5415928006593148,0.764886813475834,0.7584518440194409,0.9018338963849313,0.9969327742898415,1.1648217431928654,1.2248406808577805,1.1586393245444915,1.2291922826751092,1.3303359862652977,1.580864155138879,1.5442362126569384,1.5913106100257137,1.4445730459753052,1.368870077941573,1.34873024697512,1.5670683885114536,1.5256523440932546,1.2205236061460523,1.3556682373390745,1.2732237791255963,1.2566809503843186,1.090801140239902,0.8770725816888683,0.7789530934276527,0.6247855668608594,0.5235121193758594,0.30428725789636113,0.21328908686132247,-0.03505388694227738,-0.01659387507521219
1.7100000000000009,0.3204571449420708,0.5656776776726343,0.6815320928410269,0.825991044416736,1.005846726426459,0.9777954470215938,1.3034223365203237,1.2694009405833855,1.308890841933884,1.3483871047995255,1.3141664241007625,1.5319088849813303,1.5945759542187603,1.517409799403054,1.5359432461946132,1.470266111577151,1.455810778544401,1.4303151258195674,1.3647571431312255,1.1816176642563483,1.3050301968057094,1.1916129786809502,1.2475111436386732,1.0660836901761988,0.8487393005663606,0.6637830339218175,0.7730445849031609,0.5038945905048395,0.2594471746221327,0.1323103731621544,-0.019580347603837058,0.060691596326360196
1.7200000000000006,0.36326790064945214,0.6178577128262246,0.7667738749808791,0.8758379209280068,1.0111304705279978,0.9967720284871875,1.2120931247171676,1.1897462224848419,1.1535303194473838,1.2850043176320307,1.4056603464740751,1.5718354082001138,1.528749959965434,1.470734176484152,1.4779549781917776,1.4281797670108165,1.3994771226437348,1.4562049275552205,1.4878789776607293,1.3323790906235118,1.4384913761704397,1.2351296397041618,1.2950294762824925,1.1654341666016441,0.9538399130998734,0.7616547207776032,0.7542022065407832,0.5118224467003902,0.30417889938463455,0.20962871137851063,-0.008692955095047604,0.06854375030612829
1.7300000000000004,0.33736133888073616,0.5463736860597053,0.8348206166228163,0.8716551762820582,0.9310909365130671,1.0137795635806488,1.1984162106401388,1.3290900721485055,1.1503247714399052,1.2556790258936505,1.2859057431693637,1.5513793962833669,1.6788704264464096,1.4531700069836246,1.4429259284302458,1.5040342657543213,1.4130895403261043,1.423920360108395,1.446732941006759,1.2309097724114726,1.2112866674548568,1.2540142423992653,1.25446744148735,1.0945438025360328,0.9395003260388525,0.7016833468820882,0.6748709049552452,0.49169639797116094,0.3042715611817013,0.0653700769537445,-0.10433022285934976,-0.039536101840349565
1.7400000000000002,0.3664631212814009,0.5399339261492341,0.7527629051076072,0.7855971300892304,0.9264383226911166,1.096052757111951,1.2809613691051855,1.2430703100818605,1.1853617822226798,1.2446408865711704,1.3211139170984652,1.5893756476858838,1.5425713222352209,1.5185369779570295,1.3925862219739105,1.4426505032421277,1.3921936058993976,1.4649016422343597,1.5271219278169812,1.3230756400362509,1.283659131848653,1.1967940011816456,1.1510485083946405,1.021291548230395,0.894981813312993,0.7434742592401947,0.7746734336393807,0.45931666312618036,0.28190067626466553,0.30866027774195337,0.046145380207442306,0.10716270446223636
1.75,0.3248366018296581,0.492288174684454,0.7580606000313014,0.9947100106635316,1.0207188586939593,1.0922577335000314,1.0148500769561817,1.2346900676310661,1.2285748227016078,1.313452569938684,1.3435551931635228,1.5519205252844983,1.538672539975884,1.4669529826556384,1.4346731863864277,1.2061382182576414,1.329940663199156,1.440388045594908,1.4176433793341277,1.2786023310813566,1.3010371363202469,1.2194965454192073,1.2374015482311402,1.1132660187064156,0.883744254278625,0.697091556107001,0.7023830412099349,0.6161198419676984,0.33474478907003585,0.2342767055402134,-0.016349651931136317,0.0681171039380271
1.7599999999999998,0.16963890254712824,0.5145905793191343,0.8133697623409011,0.8554272052573848,0.9812048749490663,1.0685989576440194,1.2425925683137231,1.2803801780195658,1.2068932221682862,1.284613611857304,1.3100185387102867,1.5740175154916365,1.5711516128559266,1.465845542432828,1.4286527601914445,1.313458930543691,1.3919649914495609,1.4801636595089114,1.5553270824010497,1.2445657671787114,1.3347289974971384,1.3064096601885307,1.348470949872262,1.1709943937971032,0.9607213097655715,0.8015935818111768,0.7231262570702934,0.48973140745576965,0.2600690728608529,0.22028399489049105,0.0034384002927147113,-0.04685665974865381
1.7699999999999996,0.3581241528785101,0.5658624917363356,0.6238287149440418,0.8451471705834972,1.1360177826884696,1.1033218814113277,1.219002066853363,1.244726505948959,1.0992942751524641,1.2396136660985815,1.271043881014466,1.5708181136871784,1.52967386410684,1.4458972062523932,1.3533097802912097,1.4113914735201243,1.4612987878860255,1.5141525538531306,1.4718418161867364,1.2370717619187845,1.3297479393187484,1.1711659742984886,1.180387883835234,1.205397591415043,0.9924950721207718,0.7562918709886153,0.7472759348361793,0.5187022591931114,0.3085254516597638,0.1788625020603135,-0.04873455699365464,-0.04802140342461735
1.7799999999999994,0.3860311325454986,0.4729952846784996,0.7164951748210321,0.9170777917396258,0.9239960105897906,1.0783445109790866,1.2294659823647491,1.2957755547655738,1.2221440972956161,1.1899259150772346,1.3381676777724854,1.5293556882456025,1.5205850874431368,1.421476874270944,1.3847424075571813,1.3190337249337964,1.375457616637029,1.4431289745225537,1.5367615434170159,1.245141960202937,1.2715637243899813,1.14542391409017,1.243736628910306,1.157774496427311,1.0073015361523696,0.729524041538386,0.7469830365617289,0.49351060050415707,0.21834050571263106,0.18405978023654537,-0.12213817416361922,0.1049218163053374
1.790000000000001,0.29034086069372006,0.6596071124610619,0.7100335481620252,0.8803386524842529,1.0197165115605382,1.1398807869416803,1.2691233806225972,1.25292356166294,1.316985750808672,1.2625516076770893,1.2421691701943192,1.4537437122899006,1.392430894639228,1.422753082161961,1.4354035599621753,1.334081354028612,1.3299175643991665,1.4190702033645892,1.4677717808969954,1.2010256342738677,1.1882964939008087,1.1474043613653544,1.2374849546907452,1.1110446770421625,0.9519207750585641,0.8293400664573031,0.6907597076223498,0.48899064483211035,0.2104486657881548,0.1778067909191348,-0.04722787633908787,0.014905566403450192
1.8000000000000007,0.36527224484471194,0.5738529583419111,0.851995573507768,0.8845019130032815,1.0276264998281306,0.977164939173719,1.1443319203938396,1.1487758482266883,1.2622280032999593,1.231890660984956,1.209777071840842,1.438073497576238,1.4893601986788547,1.4249108794164578,1.3919135673834608,1.2584152420156078,1.3781803014156149,1.3793891761303783,1.4330088958364022,1.240866912043878,1.293793280247467,1.1695750028884033,1.179618756389523,1.1380219413994954,0.8347614593286857,0.6980553194569953,0.6936432760415877,0.6751048030866624,0.28269407943310915,0.19493219839858775,-0.07319887189369285,0.017174317705727166
1.8100000000000005,0.2620279514269199,0.5852228677035975,0.7888116570049084,0.8853894605040133,0.9629211631652628,0.9438267983747001,1.2207641686558017,1.2778853993572885,1.193686062846593,1.2178503414994368,1.226256258576024,1.5348956561744305,1.5015937918381517,1.544917090296489,1.4123571519101479,1.3910993813754693,1.3757679602113708,1.4608555315936067,1.453385841411425,1.2631900458717318,1.242536643060488,1.1546139391017338,1.2163908996807713,1.086928506641719,0.8822724596361382,0.7185532867694,0.7596351506802701,0.5833015498854227,0.3461537462278983,0.11102409869675317,-0.15404657892023887,-0.11778381095378249
1.8200000000000003,0.30301281294127413,0.5728545825640989,0.7526869744950209,0.9380929501438893,1.056408194974368,1.0585109722902966,1.1533379812702562,1.2111640399099508,1.2335125290745559,1.1999597467232,1.324586501613473,1.5008438696209732,1.5415933738356467,1.4036515030590675,1.312036176588876,1.370565394522567,1.3654415199808692,1.3184976856108612,1.4269971418566312,1.2685756554269638,1.2409555040133284,1.1228671091281996,1.121020094148664,1.099249751754936,0.8620377568084496,0.7397813915340281,0.6914636776060521,0.5361375977348277,0.2851784645731559,0.21769782136951327,-0.06748308760442331,-0.08464596926547219
1.83,0.23247403351315787,0.5648289113710881,0.7031129305449155,1.0372885358894302,1.0354065654747713,1.0197219991118174,1.2138488929208837,1.2142214619338392,1.2276879280964188,1.2376832462811755,1.2840999590338646,1.3417052092092798,1.4203049409579467,1.3930922999362885,1.4531340765947165,1.4074281120005427,1.3833405847610831,1.34339277570022,1.483025598589051,1.274923902471988,1.3955573091037603,1.1906168713027772,1.1326061758372317,1.0412667153214352,0.9168817191372982,0.7682719887711298,0.7901331717426432,0.5924635870834544,0.224722041878114,0.13677795405121315,-0.13029717433327126,0.026544882626839017
1.8399999999999999,0.2828362266947402,0.5383756314356415,0.8148374342781396,0.8487575353890565,0.9682541962829556,0.8558842310194948,1.222929395538689,1.202233485815657,1.2102288088552304,1.2292632411187203,1.3580207351160765,1.5399741731818188,1.467219035582652,1.4573684171174401,1.4130078185451973,1.2715605728790587,1.333233324088662,1.3655385836176017,1.5542926126925014,1.2680320111830896,1.268736772234633,1.1692672494410488,1.2074231628949723,1.0997908664413172,0.9558710389615096,0.8064775811472557,0.7678788992724719,0.5615940789493812,0.22680756298816085,0.1066889646313691,-0.05945588785321934,-0.0950832166736611
1.8499999999999996,0.46737099159060186,0.6547975097689989,0.7812724085283768,0.9400735036003326,0.9774771785152148,0.9919596628038057,1.2645940132119433,1.257822447776321,1.2478372403243356,1.2492568211255408,1.2632586801712664,1.4640415979610637,1.520887205287588,1.3890609354410202,1.3556647613795194,1.329063612218423,1.4322465508280278,1.4509153787378322,1.4883372343151315,1.2281804237165417,1.2273177017820698,1.1809451081038091,1.2286671949948564,1.0181729934297767,0.8072598894121724,0.6854654575281327,0.6898758363960673,0.49680754537939764,0.24124401627591804,0.1868736713047377,-0.13295022135335416,0.04829168122601483
1.8599999999999994,0.22162305619223577,0.44628173881298067,0.7721906020055525,0.9175829432769224,1.10973759882399,0.956809241001248,1.1984622512926117,1.2112950354626628,1.2543094204257839,1.24464911142922,1.3365862469929988,1.424785515759038,1.4828228593106447,1.359195513932362,1.3248899421747815,1.372308003378259,1.3887258384093573,1.384746875148262,1.4674034072260191,1.3495257077361151,1.4099694811547514,1.1547209174566866,1.1471088215842686,1.0793788637169726,0.8879260182990681,0.7307408394192577,0.7023632972712046,0.5739705407617839,0.3064648133778557,0.14337460478030425,-0.1168849863146112,-0.10999382997756324
1.8699999999999992,0.24613771738772522,0.5851347459873435,0.7710369409638748,0.9133856249317355,1.0845134804622323,1.0310610898761732,1.2432527669516968,1.1516218014075934,1.165073363283846,1.1997811081772747,1.3184406382582703,1.565166663180563,1.3714343273343146,1.4052988716551948,1.3293115411832834,1.2868286798731086,1.4465361948735658,1.3858240696994804,1.4770297994935868,1.2181505128234638,1.3134520193016097,1.1117378926016828,1.0805816270489537,1.0375541382604183,0.9645106880198449,0.8056369481101524,0.6718738142976728,0.5359920016206868,0.23415487658722817,0.10250665501643952,-0.006418318943257211,-0.0910762209683361
1.8800000000000008,0.3544298393139941,0.6581478672017772,0.7844164327670402,0.9268953697388101,1.0005576386012178,0.9456416613969147,1.1160786153480335,1.1334416906919262,1.1215078907786622,1.1530004775649245,1.2504172610774253,1.4262847686826825,1.490670416765485,1.4079417880320033,1.315315204466039,1.3735345512400128,1.360572059751273,1.3910743961047825,1.473885207130722,1.2638029445871266,1.1728873416623613,1.077819322885186,1.1704827270151457,1.089017177695414,0.9324278401833483,0.7388277013117969,0.7447965044720471,0.487631363640538,0.25221444588053765,0.10995440883824006,-0.028147788213282496,0.006455852911648095
1.8900000000000006,0.32396985405580436,0.5918691122991939,0.6891984197026395,0.9290044485593416,0.9307596994103048,0.9466865235634341,1.2014850510885078,1.1846007782842545,1.264758667214194,1.2656039934698518,1.2884587261674076,1.4546521124181597,1.497917602429172,1.4629208351023641,1.3542337652336291,1.2637605274915866,1.3938000186115087,1.3556463149035978,1.462349302936882,1.2426333527123496,1.29973015822335,1.1094425935168568,1.1362004729568431,1.0771191564313158,0.9001147455738019,0.8403857808665149,0.7781525415250936,0.6696743636301066,0.31091377516157437,0.1250493042777537,-0.026638970989008366,-0.06420691099629952
1.9000000000000004,0.3305755227514214,0.64670253319409,0.7609616626964931,0.9051607589980776,1.022367248273559,0.9871188464325403,1.2289790151697537,1.1367882081814304,1.2436945956992906,1.214304770423694,1.2923453164337302,1.506952526586382,1.4819040672749288,1.345835742459001,1.3919223132566176,1.2326447555956757,1.2733487680772448,1.3169823729809012,1.5610177693093283,1.279485331657655,1.2645674463520613,1.2021763363706548,1.1115268809391736,1.0646237548481274,0.9667621092727766,0.8277929308307028,0.7452132868944038,0.5855541578814503,0.3514482593057337,0.11560391135648666,-0.0939645396431157,-0.09259364656395697
1.9100000000000001,0.2607878874490655,0.5118982379042014,0.7783475203308197,0.9693085869053241,1.0875266706101852,0.9209216666932448,1.206300143121883,1.2031720063775162,1.2787538594003682,1.2399083019724018,1.334497166021752,1.546011061706695,1.4502074358305026,1.453553666659364,1.3569541060438663,1.4040301880721784,1.384105564254184,1.3835965173491667,1.4532988796347188,1.240640538149294,1.3127327642249864,1.120164539332577,1.1394617677608307,1.0378788827499366,0.9006078831971911,0.7973323173133506,0.695121574359761,0.5651895536185231,0.3192659535201216,0.1845868785114423,-0.1294486145507315,-0.0645753253425202
1.92,0.3496179599500426,0.6511105494049048,0.7531927344336314,0.8989877849823467,0.998634475372741,0.9449421673243378,1.1627895914900561,1.0955358616876798,1.1524133162414207,1.1137793097855078,1.2870608716318168,1.5047151429553263,1.478902328506046,1.2993855942595758,1.3171599810014387,1.3148608277252232,1.4916790431781706,1.4338416784591568,1.4924801980173337,1.2551453777910395,1.152029484418867,1.076151808423835,1.0915818432905566,1.0896082591197738,0.9166298435713484,0.7390081606565702,0.6956493779976975,0.6026471603788682,0.2480811535642584,0.13972078353040543,-0.0028163109536831913,0.001888297602103045
1.9299999999999997,0.5107386807547831,0.6219549815043623,0.7333503337074385,1.0092209845529456,1.0281547529948822,1.0454751072625825,1.252893702643725,1.0808329617624617,1.1262466117799064,1.145498832407787,1.2251677879843068,1.392016065506652,1.4711544676637371,1.3551895671447203,1.4158139216832708,1.319541556186286,1.315802509225053,1.3296635538262442,1.4815862542890166,1.289314546378042,1.1682068322145738,1.1196524545232405,1.2563273649885636,1.166580703789591,1.0190604006133124,0.9114894311355368,0.7095377318840171,0.48245846959189764,0.3551505402015006,0.1842254991255005,-0.057391500694465865,0.11674694268845334
1.9399999999999995,0.4025610760555632,0.5848177450078259,0.740341427872685,0.9689508988444746,1.0180414875994455,0.9708345479475191,1.1850122670128436,1.1206178351357932,1.3186103478879525,1.3228714557887136,1.348285300784431,1.4453552213218204,1.4037208310777398,1.3712022439341196,1.3747009939654538,1.2608032173695114,1.2837325795722783,1.3511648015943214,1.491809239090342,1.2979836244497305,1.265759607088824,1.171626169534012,1.1868180371850505,1.0616919757453172,0.8492158066397855,0.8279714131548814,0.6961843733001645,0.6175123341424205,0.29780718326623484,0.11485334415587273,0.026192697159540503,-0.05937993967350783
1.9499999999999993,0.38748591634223395,0.5430941284709635,0.7109048263995397,0.8394413426661317,0.9182545812685676,0.9344444897923082,1.1887448268802034,1.1903932491075868,1.299931772600444,1.2596716897842646,1.249457098903626,1.4220741518689215,1.4227938591904854,1.319106125160444,1.2628232145970404,1.4198512496882678,1.4379748612592438,1.386305949720742,1.5193270673574935,1.3502965342589064,1.2437200009427583,1.1172862286338046,1.168398638172625,1.0900543538732401,0.9418129713062443,0.8588817441443474,0.6944130826466274,0.5154119245600608,0.28815498137500667,0.2021921573241002,-0.023272591406787852,0.062448337747703676
1.9600000000000009,0.4380506264301971,0.6262141553002645,0.7786771918615436,0.8717476926263823,0.9840196084044687,0.9627020237472905,1.229118168514524,1.0951393245416192,1.3670308074945718,1.1457921313218768,1.348924009255544,1.4236302623651986,1.4563930473664002,1.2598705612834304,1.342374125593607,1.45049810103143,1.4262422138645432,1.3420441256224764,1.5752351113026715,1.3082152299251377,1.2301150511426886,1.1129408379872598,1.1985305453098245,1.0238915075013755,0.917226184326979,0.803881259219379,0.6829360246677105,0.48320022009070385,0.22971872679839,0.1405417699854863,-0.03062158616195706,-0.07140398068644546
1.9700000000000006,0.3517260841606804,0.6040989532272372,0.6693051175658211,0.8712617738548328,0.9450386206327563,1.0131799734932905,1.2700964010217486,1.1722811038866698,1.2612346993660226,1.21470093083135,1.2921254920626386,1.4470655126234708,1.4412383655489047,1.3582283874604288,1.3588859246687628,1.3754501204522827,1.390292465480215,1.3736133447391539,1.5460377611125198,1.3007240687724493,1.1534647080143268,1.137358863074927,1.152729099612927,1.0239410172734742,0.8899678369786905,0.8648920313461903,0.8034563636568426,0.7076509516229466,0.3616216395226806,0.09908841131710885,0.0468911077895216,-0.03948966053308074
1.9800000000000004,0.48431253349618314,0.671751505489873,0.6390403162336482,0.8451448750809903,0.8966660540297144,0.9406105412601214,1.1981838534793459,1.110575158713445,1.2697459937060878,1.2653393438189733,1.2788367879858153,1.3685557706133142,1.4699917043944075,1.3185996137392715,1.3860616970741026,1.321780585054908,1.3546215205827519,1.3112342749655672,1.43141286009416,1.2209058061643923,1.1086504410012843,1.0786415498164033,1.1722439669611449,1.1227133351559575,0.8947096661698957,0.7946179767746646,0.7469603104565312,0.5040761652166991,0.230032819450439,0.1282440587464361,-0.12316463038465211,-0.05100972456490272
1.9900000000000002,0.35363279001453096,0.6258588722295868,0.6537908091930785,0.7567826613799479,0.8305986521762657,0.881850143398863,1.1447988483136606,1.128330759986463,1.2292429451963762,1.2448194013167564,1.3390562173918372,1.4428628550302227,1.481046218612538,1.304436450721905,1.2929117125816874,1.4508844587543255,1.3412907824954448,1.3027298173023045,1.4826744057957184,1.2804192091460433,1.1740279963471396,1.0508484492498815,1.1225948519031719,0.990607505036018,0.7062088800216498,0.8239687303989767,0.7438118551729034,0.6245757066562649,0.2625885474995103,0.1135346469916062,-0.06183871414686079,-0.08885945687934876
2.0,0.434334304049947,0.6106153765874063,0.6634861388256313,0.893865919460885,0.970234207259344,1.0246468543463758,1.2416787293850022,1.2147213475001386,1.2809027456608124,1.1178242593058654,1.1413506247142002,1.298926197616041,1.4033848201132169,1.2662193902314167,1.3624631051559244,1.3046420082468402,1.4342885622036607,1.3955607792787863,1.4380268173066946,1.2819089765317966,1.2416686777126773,1.1372356613465464,1.0938769261867551,1.0572879482498094,0.9342759747673844,0.7444559868665724,0.6224860208083799,0.6221181534667203,0.2408548096366501,0.03753985711556826,-0.06828264559908058,0.03207326835143845
2.01,0.35179752765539396,0.5556627102844682,0.7121358028596685,0.9319938364617089,1.0176201496703823,0.8956711350584856,1.2082037069702485,1.1062344429613256,1.3337793343794044,1.2505908216537063,1.345040091709217,1.3981224546253603,1.3881898931301164,1.415581681206999,1.447614924596226,1.494519619601758,1.3431307732758129,1.357785501072045,1.5337187541074868,1.3370750283695938,1.1580889409058808,1.0646166389250693,1.138221547253434,1.030283297414793,0.8093523771135624,0.8214415062460594,0.6380869890547767,0.6182099845032724,0.32684505859276525,0.06133670220241276,-0.03893144287871271,-0.019925117920636233
2.0199999999999996,0.4438889374444288,0.6253264722642613,0.71790561735485,0.9294072589760897,0.9637553421950387,0.8287211808937696,1.0515252815216356,1.1168194445336654,1.283119539423856,1.225108813888372,1.3645255757343566,1.3704251196625037,1.411403640766081,1.308713567858478,1.3293516477422946,1.5087641209886429,1.346374069123274,1.328105239450498,1.5011311395095392,1.3633873579378797,1.2338413629487364,1.1868106114932782,1.0749095722139714,1.0997871650379696,0.8133436994351684,0.773929982875776,0.697737474014069,0.6104611477114622,0.29709582644677507,0.13415504912317103,0.0841675365974826,-0.05762019987699239
2.0299999999999994,0.43220571164766974,0.5911256345173285,0.6583311780013537,0.9313395491083861,0.9910470249166701,0.916080608585221,1.191323301775734,1.1796922801880074,1.3966287099906591,1.320867954264248,1.2638849612443166,1.353557937651439,1.4185643282857057,1.3598032240718392,1.3028886434868896,1.3787329331304077,1.4456874580189578,1.2892802716742606,1.4776152386489416,1.3064817975865968,1.197840406022762,1.229745370834366,1.2011526027336623,1.1089726442373538,0.8979277536293387,0.8969495126115437,0.7304181137409155,0.5782196636148716,0.27725675881313416,0.0634854522191814,0.002777585175909099,-0.05857299272277559
2.040000000000001,0.4327044264672961,0.6234949572176048,0.7741158368262463,0.9193085149532452,0.9134412417647029,0.9771658511175543,1.2131718139187668,1.1691729594555174,1.2746468276382317,1.2638299021429702,1.2654298982817742,1.3955364486888977,1.4268839552185826,1.2932323502604406,1.3732488328792205,1.354172547019826,1.3524567089912214,1.363311012304964,1.4796379300322,1.3954179938213076,1.2534194129740468,1.1698226850587372,1.0853313383920016,1.0658189977413624,0.9054510420611832,0.9136184526080683,0.7748143369135132,0.6967832836595653,0.408890466955989,0.1312243149863402,0.047402498486500876,0.09358036809989456
2.0500000000000007,0.43096957094639454,0.6526743878362133,0.7370227477320869,0.8153265762672681,0.9435516447323018,0.8985209964618336,1.1605100079880835,1.0665034327617424,1.307149356738963,1.2175184006174926,1.3719886325831385,1.3736528816427338,1.3902888761113457,1.3149405102840162,1.4135748200594263,1.4779195150495419,1.4782480386364327,1.47389354806709,1.4843296219770672,1.3153705574583832,1.093096799168138,1.063299400929152,1.1040698013446004,1.007162259019985,0.8710609381022246,0.8981207538507805,0.7760856309226989,0.6799881075614218,0.35056399698512636,0.06608572023425051,-0.03442259100098355,-0.007147307341367565
2.0600000000000005,0.3923554388546264,0.5186129489334083,0.5983933015288041,0.8490306392981913,0.9495325176807708,0.959780741201335,1.144413335057365,1.047630198055951,1.3651059982876712,1.1454232809714144,1.316903687531066,1.2897265529115627,1.3880741744463083,1.3107502474198005,1.3740221656159626,1.3450972611675176,1.2750585959627636,1.3072632109033404,1.4557287953288354,1.4068652332812466,1.288344030378398,1.1135594287500832,1.0949095172981127,1.009655093187927,0.8794352055014015,0.8624805863265147,0.7069486678490399,0.636088908870753,0.384212181275939,0.06978234732379918,0.027235006399997045,-0.015142017889104215
2.0700000000000003,0.40888523845990765,0.5114213573967098,0.5817780142447748,0.7590715962887388,0.9569388810348154,0.9903835721519889,1.2062911424827767,1.0777521156661045,1.3628287421145855,1.3005065965422165,1.3272217264942465,1.240300896183893,1.4618993856365812,1.3422123803563037,1.486828666519024,1.6142093624317526,1.4673935862451541,1.411402901200967,1.5145256302327985,1.3874888127351606,1.2239782746471872,1.1945896844941948,1.021996660773428,0.992310473963778,0.8685584288474796,0.8605018410237384,0.7793852313882977,0.6114868906150811,0.3041084937206342,0.06339062452020384,-0.014709458675917018,-0.016526927436696273
2.08,0.2557345648432504,0.5569515617216072,0.7861683381959949,1.0341227992746431,1.052914034036114,1.0225838085832053,1.1444340317400417,1.1717719178780053,1.4355881061809912,1.203941713390733,1.3964429557478728,1.3877216910845558,1.5084126463973484,1.4196066410246166,1.5163973650799247,1.476408397258359,1.380611948483718,1.3022338681300583,1.4080109319670877,1.3998223714217828,1.2311304990742395,1.1536509866602969,1.1411310701646364,1.0436004001270576,0.8440919637179366,0.7698808403250759,0.7947861201747521,0.6133522077586131,0.321017809780899,0.16584241696964847,0.066658383972443,-0.07292344643938209
2.09,0.4614273077636977,0.6104916856759361,0.5812589639996965,0.8392348887204296,0.8838537902297909,0.970577781805697,1.1086416248551487,1.0770803390551864,1.2525513081445683,1.3203118963210805,1.3371679904186524,1.334769037951945,1.4357440191091593,1.4325423389378389,1.453615217857823,1.5864966894717276,1.5226454689165223,1.2775065328172228,1.4566794428409469,1.468059700426387,1.2988206936561424,1.1147022256081243,1.1182536716471203,1.011506256517433,0.8650166157969453,0.7651173487234552,0.7051820300993858,0.5575689837742209,0.225228179441255,0.03282550276678432,0.02354728563453277,-0.09595422113362828
2.0999999999999996,0.35743044829461723,0.5955071756634036,0.6251754601115096,0.8788658270529509,0.9060990373616462,0.9064411040306075,1.218889136649351,1.1012006014874207,1.3862287155561288,1.3230362289326973,1.29585779876524,1.3151267018872586,1.3516509661587026,1.3660085039862362,1.4914750784294448,1.5172927173765374,1.4396877817731188,1.3576313030525802,1.4708382321337015,1.3972732715758496,1.229277693923186,1.137398198386936,1.1160720376068314,0.973318542686981,0.7862967442725667,0.7942702775980548,0.6429313002294192,0.581776186174473,0.2840062931024383,0.1920821833245994,0.06463550841208324,-0.02477824396251948
2.1099999999999994,0.4874558141339978,0.6517803085474785,0.6239928069060657,0.8534949050695052,0.9344063056796612,1.0077494064380799,1.112227227749484,1.1826894433463062,1.39327937300519,1.314207540752444,1.3201126276008386,1.328890715112001,1.4935864829353631,1.2999522555706766,1.3988462839998896,1.5551058735368894,1.5527520374382222,1.408646139530808,1.4605196394578954,1.2829875057745252,1.1806480503843646,1.1362892993664366,1.0764428956291112,1.0284261392033627,0.8954291799161289,0.890176338085662,0.6689178530690387,0.562481285113022,0.3175011923464409,0.021340161658953503,-0.030442255722852085,0.008323883222791248
2.119999999999999,0.3705602874803609,0.5631244340953309,0.5908033173219732,0.8283635048050969,0.9373513056793658,1.0155385948399187,1.2179221184298257,1.1159505340395643,1.4599258510595996,1.4034037663659942,1.4446479956960423,1.324207621973662,1.4808898911259634,1.3398053012499982,1.4174866552818912,1.5189736077233373,1.4771316156784813,1.4575544655158446,1.458574241006877,1.3716986272602896,1.1258501429016563,1.1528980555634247,1.1002864710670297,1.0413435019184014,0.8107063085430737,0.82919307970507,0.6629088230187143,0.6150458131086797,0.2515134340735495,0.09236628473525832,-0.074270980102949,-0.08507452735798132
2.130000000000001,0.39816657535139144,0.5952599353015637,0.5260529314827342,0.7913885299380724,0.9107488299972784,0.9171085771463228,1.2121832026624368,1.1294855826306929,1.3879330733032014,1.4291871027130993,1.4582589272126028,1.3280239116758827,1.4417006633352536,1.3166459265996882,1.3814634083681583,1.5428848644022521,1.5093421982750197,1.3607068647177432,1.3740993704726694,1.4641216199021476,1.2596776406864203,1.1318282753918696,1.1500961044899771,0.9785827432039388,0.8413400199779995,0.9068080237554418,0.6934272017311035,0.612311749705174,0.40768166880376216,0.08114230961779129,0.02513868451590009,0.03433811548439884
2.1400000000000006,0.3947204909052848,0.5470293033479103,0.6460523848252077,0.8300166146901244,0.9128244780683042,0.9353700306483911,1.1482235115410098,1.1593013520552873,1.3528042686361093,1.2970226841702943,1.344941301451279,1.3217262168199782,1.3871263884461562,1.363492160796335,1.3945531581533612,1.516964683630126,1.5721329599610563,1.4336092683106147,1.4834828200082175,1.3930156875924866,1.2518832845328665,1.1139805539259815,1.0560429121796717,0.9423512849842587,0.8748780399539848,0.8934292016591939,0.7234921504263112,0.5650744651973771,0.26952599091725293,-0.008171019076984132,-0.03455805049820239,-0.05245405650693437
2.1500000000000004,0.3733041796412998,0.5817068582144087,0.6198768959474656,0.810715002604142,0.8459433377925676,0.9433666339291032,1.2023147973451205,1.1344122691921794,1.3657831652170662,1.349229121007167,1.3780175279220797,1.3247778352925133,1.3853057724874156,1.316182830782453,1.505290804589106,1.5865234347893693,1.4683405195634935,1.4171054404441097,1.3996845030638383,1.5171741406019206,1.1783752647565324,1.1000187526251681,1.0812331076709476,0.9565288998609793,0.8084233895604237,0.8763233083137054,0.6440691501894753,0.4885280908990899,0.3332616685897009,0.1288683104762979,-0.02483572260182914,-0.058982202818904
2.16,0.4213267752719979,0.590522509647739,0.6106684095355148,0.7870019043150224,0.9106955137428435,1.0497870044227846,1.1974565328666407,1.147315971952894,1.415180617739225,1.2468485687393578,1.4004644563097035,1.299276261894224,1.3551449405941103,1.3936825140995133,1.5180447021477685,1.4971450948022063,1.6053634163066757,1.442134906280654,1.377991009355979,1.4613554729180955,1.137124370818381,1.1543152256501088,1.1117416585142723,1.004812471371265,0.868971389735366,0.9244714994804262,0.7723268317257096,0.5078238990675469,0.37071539736389225,0.18912429560072563,0.0027923380089991887,0.08041654508015884
2.17,0.3670473876826528,0.5803118895544077,0.6246025794970429,0.7046919749331559,0.8238497389534484,0.9507671659108501,1.1654281275741405,1.189104749435878,1.4206748492272572,1.3914247071800816,1.45651066761691,1.4244602357078318,1.5009760676937585,1.3881144063115218,1.4934332027591783,1.5494114198679143,1.5809553634840339,1.3979533907958788,1.436059926550269,1.5037693971345623,1.2804739142821127,1.1561152429590402,1.0033975018932964,0.9079008213077807,0.9103576214623218,0.89096215520518,0.6302430767603279,0.45952282523500054,0.35993662216415995,0.037260695647067195,-0.02625395044555175,-0.14722957659356117
2.1799999999999997,0.33077161442174835,0.5861636392645106,0.6188787894369789,0.8544537932876337,0.8483636222830658,0.9731831232851182,1.2506185003890775,1.2041259568238205,1.3890639034657621,1.3584470776142903,1.3186864944783947,1.3124174920690246,1.3580620237318732,1.4060103000553357,1.5118327978570938,1.7120494842343392,1.6229063925331455,1.5004821338680303,1.4377092976068637,1.4538970989174649,1.1873690866676825,1.13774672427573,0.8990447857975478,0.905991968586039,0.9560041153430744,0.9097552890967127,0.6943625628485379,0.4719864536202367,0.23587026340576522,0.0995778808378542,-0.0035832812640454225,-0.03637425916169533
2.1899999999999995,0.46215806342991816,0.5567045142240779,0.63277242428242,0.8469270032702566,0.8259535534019355,0.9446212388326539,1.0880752155471338,1.1600760320631078,1.391411306329367,1.3426509334705192,1.4570283567269426,1.3216603735911663,1.3668220258030621,1.4009701063264461,1.5617192004638103,1.6242502618339416,1.4822094284794498,1.3344677368503708,1.4564799696854394,1.4474621031382446,1.1809174194590444,1.1970134031684578,1.0694190211903694,0.984044713292483,0.8337503350804009,0.8760374164084219,0.6326639394066759,0.5184473608553645,0.32424888923580203,0.1558397405918117,0.08378000159965089,0.015790527540167916
2.1999999999999993,0.34621693634098627,0.46726716675205043,0.6722031743229859,0.8257188997095725,0.8655235658285684,0.967348843126427,1.1019406847705662,1.0841215488281968,1.3972977578389856,1.4248968267082571,1.4158031689831243,1.334156830829647,1.3664444494036476,1.4175063255336067,1.490988398978078,1.5904393922194455,1.584396609737463,1.4812879025053702,1.4303186662368699,1.5616341639963895,1.253162378444827,1.2210532215388106,1.0846713573903768,0.9829526548701409,0.8848586992434171,0.9232236916008104,0.6844196223945149,0.4304408055972538,0.3809314892094079,-0.007826433790770602,-0.07389026908392043,-0.012902754827268811
2.210000000000001,0.34033627992472165,0.6063012927256752,0.655794574146253,0.797634314594142,0.8975828629602121,1.0482425150603438,1.141959427191418,1.1908920616776386,1.4304670885749537,1.4427232496445692,1.4887592939363763,1.2475606299988042,1.4026223360656251,1.4210413327852927,1.4764976243068628,1.507787227281733,1.6298819856172788,1.4537449967771474,1.403643553195274,1.495359674498684,1.1698576354836105,1.145209115437099,0.9945111887879524,0.9081846679786864,0.8968186680769805,0.8331640287537888,0.5722762537011058,0.5678453901040643,0.300772954729791,0.09144133061875602,0.04395523150247753,-0.009579961087852647
2.2200000000000006,0.31342522502297104,0.5197099118352345,0.5934499538367792,0.7969727606230183,0.8623395069070975,1.0242926908559309,1.1702234826991498,1.1377648778226397,1.4016813987432177,1.3906415735241895,1.4500445574968244,1.3553704999673468,1.334655489841552,1.485453709767593,1.6540294914011366,1.6620240889022786,1.5980425230131903,1.4496088811831207,1.461962872813967,1.4345938530964983,1.2513452555285263,1.214000995092401,1.0092808900093846,0.8988107210478751,0.7784345585543427,0.8006709418738532,0.6512617921591664,0.5535968974450998,0.35480683668979696,0.0033167733685518395,-0.041329795308703454,-0.060594151412366314
2.2300000000000004,0.4373654714680868,0.5409582540803349,0.5750882722311176,0.8086170696579629,0.9723219203340938,0.9802222059121286,1.1820894908489532,1.2055833351936873,1.4574694562328507,1.4679699287088026,1.4907389358499672,1.3144089721166727,1.3818275171368206,1.4332837211961258,1.7190034018648692,1.6234433892263198,1.572285902412427,1.4660929085907184,1.3650359171910813,1.3221749188251,1.1653205726542406,1.1317449991346666,0.9951235035734471,0.9290459343118643,0.7881419240672028,0.7295551464918127,0.5605621652810113,0.49988025579586653,0.32124228705926305,0.016588121982975487,-0.033554743665638966,0.0027641758397726757
2.24,0.34751011853279923,0.5091408595805602,0.559609622033144,0.6614671245284794,0.8480942372222474,0.968140258166217,1.0975797622390397,1.1902356933094462,1.4526293642336203,1.438109198457606,1.567512628275356,1.4238272097523115,1.4165034739633198,1.5192029925567392,1.6131534255952307,1.5709192393495124,1.583479962101124,1.3702216350414251,1.381500536871049,1.4789481142205003,1.2297566450894215,1.2549352914783742,1.0400731054313015,0.8746693855410433,0.8473322202036303,0.7019357182202707,0.634000221202386,0.4433668579525472,0.36464869144889334,0.1284136408452059,0.05345545052177622,-0.031663416949958
2.25,0.37537352845849026,0.5529012734524664,0.6570675494319371,0.7415265338638034,0.9108812485619847,1.0237387201175712,1.0789978742807103,1.1807131096465653,1.4600568053970846,1.4703200799825162,1.425145215843712,1.3481953184738757,1.3736865748666949,1.5331059500268123,1.5274867458216512,1.526356807284975,1.6278868188619942,1.4064373509654957,1.350768119820465,1.4493536787523216,1.1562715808656772,1.1600529230300665,0.9566623269892777,0.8804115299511664,0.8168719888588725,0.8157524119532724,0.6233616299442941,0.5643893055858658,0.30370413845616495,0.10190686321846752,0.029774441673350912,-0.07761266156935623
2.26,0.27112163002228307,0.4852630622199771,0.5800964733321767,0.8690804263765781,0.8485583543418884,0.9502132001301236,1.0902285541257253,1.2202973813206017,1.5327019356555738,1.564658849280256,1.5010328496624026,1.361180445719559,1.409353487018802,1.5479160370997866,1.701775508011436,1.6551761815655825,1.668222843441371,1.3726347357118327,1.3672021250508228,1.474440116885599,1.235058127564621,1.1799252188636915,0.9859803622021541,0.8167035599943873,0.8625952836243675,0.7925040588204365,0.6811374299532634,0.6146809355442083,0.368409460531262,0.1092181693903331,0.04093445291121103,0.0733598329870213
2.2699999999999996,0.3380295755607964,0.5676560129948348,0.6464523457329902,0.752560177777052,0.9181330947331323,1.1275578313481234,1.1583802829653327,1.2086049610386134,1.4340187496929675,1.4902908390616565,1.5296037682399592,1.2573692164762504,1.3753944069990585,1.5138516577988828,1.637234208307776,1.5989363789772986,1.6171984404893993,1.2664757468089538,1.3532958281448013,1.4613605828907503,1.1244816197997278,1.2322778863770647,1.1139118456807668,0.9928108078597574,0.858343452770816,0.8943975126259224,0.6874889628557199,0.6007281883846639,0.37699741537384157,0.11558829689399701,0.1104120563604654,0.03295280685105755
2.2799999999999994,0.3138024191521024,0.4799169779296333,0.6303748457561755,0.9378749923090828,0.8511854225140477,1.015969703470874,1.1783076025205927,1.250459317301898,1.3876513755458122,1.469311380322256,1.4338808934280105,1.3614171812458182,1.3666840612649653,1.4989506151104197,1.6631425316177735,1.6386994782833195,1.60015165284009,1.4628294991417161,1.3675749279773044,1.4437589884967386,1.2509077687220724,1.1709334686278479,1.0418035351347474,0.9256177146408174,0.7777574688931613,0.7877889366822676,0.5253408048943149,0.5417928272577986,0.3258073408592149,0.1525437029069782,0.1310527704185156,-0.01041994675117247
2.290000000000001,0.32200014105279495,0.5476083803968007,0.5317495120698793,0.7265003381324281,0.9545721902453841,1.00846840614126,1.1391508279433815,1.1854865101206291,1.3729760099511306,1.411492911855774,1.5088238285871864,1.3602595737255292,1.472791270091203,1.4713191051793943,1.7333697729478486,1.7133072147669965,1.682066801523959,1.4620170936951262,1.2858480019447978,1.3531175124507557,1.26047660247009,1.2035500746064174,1.0183615688639462,0.9078344537467249,0.8463002011594928,0.8118528151623675,0.5553154223604896,0.5281216401581318,0.4224992665462848,0.04956436312682994,0.10400075602866998,0.06999051337637668
2.3000000000000007,0.36521425188119,0.492247691382988,0.604769399445052,0.7858910046973938,0.8858215084283407,1.0885871737330064,1.1313356637225382,1.1974872712479774,1.4524065206590895,1.4900540379803675,1.6025727638868266,1.3923191147621363,1.423140015229336,1.5395563704732786,1.6512627932138089,1.5345971143736892,1.5795904722891696,1.320294271370307,1.3438030367330565,1.5365957069039402,1.1803446986981558,1.085834745385318,0.9636290968241356,0.9020011444594414,0.8653728443079779,0.8103873163558035,0.5848242887063725,0.5539421386723449,0.31168454464279155,0.0886499572213934,-0.007130779682469002,-0.03792048257993439
2.3100000000000005,0.3787749492205909,0.5100860028336881,0.7211258801145928,0.7626652120664146,0.8951043815619587,0.9908789917789151,1.1090937105931635,1.146479689384809,1.3338366072595693,1.5366234229542202,1.54221062968138,1.3266065402090876,1.3360937570741134,1.547593541295096,1.660206750642636,1.6581771912627032,1.6782542469884265,1.5270986120040242,1.3979183166159237,1.4909936777365553,1.2395963027394492,1.1788948867620688,0.9631979959760634,0.8755998040471161,0.8622309298143772,0.7852154011407155,0.5829250790036068,0.5072599872992745,0.3423975712286517,0.09630857784373337,0.04030129105521319,0.002598942625999731
2.3200000000000003,0.3607692177257792,0.46574967235470066,0.5922548727263501,0.7802107494663428,0.8609492573565225,1.0615789922847163,1.2140293624709622,1.2061922342931601,1.422683473890765,1.452050154903502,1.4950650778213046,1.3192054195765417,1.4576734253764054,1.631211030531811,1.6626108803208266,1.6969024180239893,1.7417607735634615,1.450427874335598,1.3376396767248142,1.4230030744919604,1.170345497461285,1.153396051484856,0.9093673974872841,0.8982114997037215,0.9287761369104688,0.8762379425156005,0.4914038356187744,0.43869163208021905,0.39667275631664434,0.0939614364228989,0.04872671712606596,-0.030655512014010462
2.33,0.4059986049695595,0.5167954163749412,0.5646000811189303,0.7027911036051013,0.8283331091802186,1.073895287738976,1.2338387964201356,1.1907274061707476,1.4346037457213991,1.4368731086295794,1.5927070701979453,1.3215520381782457,1.301406691941785,1.551996585234412,1.6406999368502877,1.649725963161877,1.6249789608319727,1.4408815842413,1.4152229664445188,1.3928494371431124,1.1842447003916727,1.14411115902002,0.8821443854456321,0.8987664509986054,0.8090271614682738,0.8924526322766413,0.6423276875049608,0.5448623254553877,0.41670136655288714,-0.0010107008699093423,0.06293439843770546,0.038229090078828035
2.34,0.4112609779937967,0.5880822459254824,0.6249881815007525,0.8250276962037064,0.9618161453892293,1.1194433857766068,1.1700031351787512,1.2780775016939723,1.3997022393549943,1.5590785869706827,1.5702519905325607,1.401586017522622,1.3109176518492878,1.5183309135908678,1.7448126087325782,1.7029184394806673,1.5375231471567266,1.4126853155786236,1.285123909090256,1.3595929708884436,1.1536862612095888,1.260186750191266,0.9957143924629325,0.8481388831653103,0.8280841133266937,0.8710387758254098,0.48829688731556864,0.5002842853223174,0.39650290571087066,0.21117631947061688,0.07846762112645149,0.1149089861390859
2.3499999999999996,0.3914776872446841,0.5168528809888363,0.5714324196831315,0.776055019384778,0.9332620610831343,1.124221235764599,1.138055606623081,1.0708696562307887,1.3615928690923338,1.4422860404151567,1.4852477930653756,1.3515558819393039,1.5065042745148691,1.4881113088901086,1.5090191228525474,1.5713175741270364,1.5937776368868997,1.3641392640189425,1.3198944899925973,1.422122930142826,1.1405007908281342,1.1538599327597117,1.01072756820801,0.8698909001056835,0.8112932169451126,0.8308356741726207,0.5913150179481161,0.48386881031933165,0.3357212894706272,0.14311294797066418,0.05241836133620835,0.060984845740405656
2.3599999999999994,0.3129049141663869,0.4628806147270176,0.570036749200651,0.8000691690319959,0.9154393736835247,1.1785299938792826,1.153508761627997,1.1777571856202813,1.4231452008959404,1.4735093163414348,1.4457237955802678,1.3612949058686483,1.2836143416050225,1.5185167506284563,1.6336314416612072,1.547882699987593,1.5527428654482758,1.4917819477547545,1.3176538894405811,1.3895751445773061,1.2184079123670561,1.1427554068795147,0.972382849362656,0.8625409500797058,0.8576571424415603,0.8397236435054203,0.6366448520921338,0.48838771186278407,0.4153933724091735,0.13300190085031563,0.09993443166586516,0.042821918648195414
2.369999999999999,0.3250560631996491,0.5651995736700088,0.5280032256314596,0.7922525890955329,0.9180086825102881,1.0757264809572629,1.1320012974700786,1.2008365759022712,1.2534127742523449,1.3614901984789536,1.5304848960390585,1.3692571152082575,1.455157560035565,1.5733708450896466,1.6167497019096266,1.5106127263977818,1.5416688730366808,1.4454637196214726,1.3045516936860608,1.3650911487956303,1.352403213527472,1.1383316803025598,0.9610674145927083,0.8450558987434271,0.8005150550028218,0.8541679080334492,0.507590852400118,0.4538951770942191,0.4578003717279846,0.11165342444853961,0.01845378918979314,0.053417310501500045
2.380000000000001,0.3428288828720701,0.4460376263152656,0.5577831365412685,0.811884372467877,0.8904663649211841,1.1676375946171662,1.1283214210420018,1.198453837934323,1.3661344243194504,1.5646388349982694,1.5857764158877887,1.3806632730294357,1.4005916544542767,1.6008827249016269,1.6704449798663552,1.6678565597529402,1.6421561531200544,1.435474469131142,1.2625419510680662,1.394114613090296,1.25199203188656,1.1825806190652082,1.0062740660062974,0.9077439435739383,0.8038486754727047,0.8670793998362738,0.5628953277074386,0.4919860675866531,0.34565669512490155,0.11732701357630664,0.02469621193442994,-0.0004191303387402062
2.3900000000000006,0.35778695646495967,0.5693258001619301,0.6344104178780225,0.7542786901676986,0.7741636832341827,1.0548271190323917,1.0792516881296244,1.2408539680449193,1.346734209703988,1.4530545763787,1.586277499958169,1.4471918606358516,1.3661809626173482,1.4792996687103899,1.672850224555208,1.603319191285841,1.5938493326431644,1.372844261358166,1.336704480257744,1.419353953921771,1.184382603234509,1.1948413903083908,1.0307036147415065,0.8392229476427168,0.9119177988653943,0.7730668285539003,0.5526247250034448,0.40060215666367405,0.3889594688295218,0.07339309091536633,0.07290271466683448,0.07546306775158193
2.4000000000000004,0.3592442954310793,0.47367301777373905,0.7552158449380891,0.7832678144126856,0.8850341259681607,1.0484852807823701,1.0288364902871865,1.2982451794224117,1.3152912044009917,1.417734412790735,1.5324622595762971,1.3399716432020943,1.331614135719743,1.5989556396671833,1.6877431072990419,1.5299433935167714,1.5672633515878347,1.315224596391373,1.3355364122993485,1.361468111740259,1.22509502901204,1.2213523125751904,0.9799275939821379,0.9047205586667888,0.969667697719477,0.789476908584086,0.6125269552686342,0.5066586677847073,0.27838536010538906,0.02861390434548189,0.044466764080673835,0.15922521058070355
2.41,0.37506335963149207,0.4070947922540749,0.6503058444116646,0.8119203162673111,0.8962302303968899,1.066506868123971,1.1259646097352942,1.2492867186572667,1.3732034383137535,1.5179666667890217,1.5412823137263654,1.4144968746483588,1.326575117278192,1.591515984860528,1.6526933951871843,1.6009098575160534,1.6194352450458258,1.35071178481409,1.2594798825155584,1.3857174924728024,1.282819471556217,1.2852714850050224,1.0777195702320634,0.9350763293555078,0.8445674724310552,0.6797199824759669,0.5641786309967907,0.5398384987694816,0.362930895281301,0.14691196659004577,0.03522212762106265,-0.02251640869764207
2.42,0.29608127741904156,0.5194015545510392,0.5662214334242626,0.6510275731230803,0.8916355115736196,1.1572830051708662,1.103999981236236,1.1843471589796697,1.2656468654861557,1.4870862841923005,1.5400828301157032,1.4285510779458828,1.3546393537364385,1.4593293106074912,1.59463076820836,1.6507943761219193,1.6143588304916816,1.4811473195913434,1.2491473924627128,1.3935154911283976,1.1881547802088064,1.2566448901784637,1.018971278174498,1.0180090570074245,0.9440363651337869,0.8101937806540771,0.5485243103657429,0.37174562025227975,0.26360959392307576,0.15341485279142178,0.08500526006389338,0.04173777240374023
2.4299999999999997,0.33951935491887647,0.47282513557159717,0.5966203058790964,0.7657038446695439,0.8548359103552726,1.0922124374750943,1.1945565098436224,1.2873882601295832,1.3723577824530986,1.453218158676264,1.5420810167103136,1.3820176192035634,1.3859832581534866,1.6721134094157348,1.7003514500966275,1.575736605311279,1.5214588334296895,1.3326508035556008,1.2928393786451275,1.4950949267627958,1.2499099721294686,1.2194384104039817,0.9784464257257298,0.9324750590468825,0.8287151986816936,0.775349232326503,0.539050195968698,0.5404815853826638,0.5025169109490651,0.2415533804523762,0.10712352133963093,0.1006625801430392
2.4399999999999995,0.2666915538093631,0.4844131193219527,0.6825556295760774,0.823388070801044,0.8749221379801863,1.1402710543729915,1.1559385119354786,1.2024795985746448,1.331042331893856,1.491947526522746,1.5156749635647437,1.330582445202003,1.3722560042621321,1.6002328438500295,1.6657944725007756,1.5943250166582048,1.5810318792850788,1.4444694064440329,1.3938778918525208,1.4472203740812795,1.22758226260937,1.2439391132150834,1.0452849454587902,0.8970618198103741,0.9611548412185373,0.7416937852740788,0.5423533273499469,0.5453309097075398,0.5054892216798443,0.23311149723687832,0.06389244353876135,-0.03871106162037118
2.4499999999999993,0.46807711605966906,0.5383243026802988,0.519350053758601,0.6656062874041762,0.886139318972531,1.1346105769344312,1.0812386231341145,1.2088295599248335,1.3196967551068246,1.487315416540161,1.415127201061849,1.3470559700966833,1.5075854261124029,1.512500552350924,1.717420032008509,1.578898970308718,1.619254892532693,1.4582022773355483,1.3386400968671432,1.446885102998751,1.3129403564964193,1.1847207404527604,1.1538905816812628,0.9202874685745107,0.8916233926618287,0.808223525647813,0.5653687096949211,0.4394990058344361,0.514281466459686,0.21190027572258796,0.050269782957359344,0.016472505849778142
2.460000000000001,0.2777272973192013,0.42982585322857414,0.6025725208857582,0.6557408075788044,0.9048627037581648,1.054229160336933,1.1427785240694304,1.2381999882694819,1.1899076531454469,1.4435050812103127,1.5121501005926974,1.4639327003248384,1.43204386235822,1.5596144299794943,1.630109392917953,1.6723751489869139,1.6362050059961895,1.4519239926126746,1.397735854124241,1.4104838964387187,1.403668184281025,1.2836273824686673,1.0317477287192132,0.9513583372482922,0.8638033939298714,0.6854063560951942,0.47832083525340674,0.4251770510578537,0.4327640980509245,0.20593287587939468,0.1073186657678904,0.07681652729432026
2.4700000000000006,0.3153108899543314,0.38002094997903046,0.5349258117617323,0.7254078811267027,0.8656219810477799,1.0770642221067455,1.090258240230976,1.2414221848724076,1.246037490621837,1.524285673023498,1.5413055354616882,1.3633096787015466,1.3649824328712998,1.5531333554914708,1.644400052096274,1.639474459602618,1.57820686978387,1.4438579589865774,1.3569944134467935,1.4501063067013158,1.2268492978278998,1.347205082275998,1.1270307991191255,1.0205734888410023,0.9414687602590163,0.8023532755479073,0.5581805890589036,0.47893403369438414,0.3781546099089145,0.20723635703187623,0.07573370222702307,0.10594810844959052
2.4800000000000004,0.3171681856559398,0.45367295305778804,0.5318216306566736,0.7283051528374836,0.8610495058283345,1.0420237011955118,1.1079720669461057,1.3074818709811924,1.3437626887108036,1.530300951482133,1.4243744104125513,1.3600087481127838,1.451636743852658,1.5591063883814578,1.684200830790897,1.639273122477192,1.5550925329947842,1.4483802531510428,1.32825278508202,1.3623500306970862,1.4073337832143866,1.312794451777063,1.0777931818072537,1.0047644761355965,0.9411022966000251,0.7455245530884935,0.5306716415257379,0.47647826053279,0.4152241650280815,0.20019133634869413,0.018764145698833067,0.12048733266138109
2.49,0.31146395698769347,0.4007056589840236,0.5089160918191257,0.7256385984988762,0.8860539686240523,1.0081522801876828,1.1255532329903564,1.2671016760812366,1.2985697329601027,1.4124151731540315,1.522666233511572,1.3938158495926576,1.366589942044072,1.46791575922779,1.6761079103997687,1.687321708949203,1.6445262572142159,1.4741470874788523,1.403699315617024,1.3947371677529168,1.259530819849175,1.2835461494355003,0.9177608123990815,0.9491186397692458,0.9217021213409724,0.7544417620805242,0.5442298757235519,0.4165926087158331,0.3334425896049331,0.0856228536734977,0.06169280093478623,0.09198465067872658
2.5,0.2298479469229935,0.5313675971444245,0.5243907721989965,0.7643768404660042,0.8757979668005627,1.076148733502499,1.053697434746903,1.1744546024842362,1.2550400212959711,1.4547373911861043,1.550234120337467,1.3209576638901634,1.3999376637886631,1.6385161713864418,1.6804347148016092,1.583780846037422,1.4980200008051745,1.4447343417786396,1.3437431780268685,1.4239937270563512,1.296616413321372,1.268746119353207,1.0972479301064795,1.0446435409372552,0.953237896754599,0.8078231213260031,0.5297689165308963,0.4855078808953421,0.40981156648253103,0.126265122613508,0.1393790545955429,0.1358790566317611
2.51,0.30216728433742684,0.40560449793295683,0.5171222705232543,0.7104977988406633,0.8704013315460469,1.0582462347698445,1.0183015190841174,1.3251340668842007,1.3336959060260747,1.3994421688284415,1.5736120617612477,1.3517941813632937,1.375830621772956,1.5252646379421033,1.6568422165641867,1.5445196400470698,1.6268600876094128,1.5028037699069507,1.391617181135851,1.438334617287539,1.2988942275462971,1.2745960826247424,1.123641398227509,1.006537404366811,0.9213665565162972,0.771035599017211,0.49291863000416936,0.39201291297343327,0.41593073493226174,0.17080851912339215,0.08256292529740805,0.110312742787285
2.5199999999999996,0.3518697237930001,0.5069124337940019,0.7025689040780978,0.6996933536818897,0.8190314812221577,1.0225629872414368,1.1283652618126967,1.22186725490741,1.2872071205422297,1.4487786837518692,1.4075484445030897,1.4712644022429069,1.4227602989406813,1.57266268791422,1.6012331153569117,1.484977115685896,1.5512986105282085,1.4292942449963355,1.3676116128719449,1.364393108627823,1.2821368081114062,1.2322286972966432,0.9987807790189273,0.9641701121796324,0.853215990033084,0.827808610261492,0.5565810217444574,0.5069656133155258,0.43816137145695755,0.23168633110617232,0.17322095469610949,0.16005722090938138
2.5299999999999994,0.1903435402513889,0.41774985806376036,0.5023699436314104,0.7326371124821206,0.8837535827493395,1.0753555368871717,1.0796770534419289,1.251175923240789,1.2069495350542379,1.4726838412936052,1.599238930941818,1.3947309473709326,1.4116958493030398,1.5709916684483836,1.549650102852573,1.5058450121153535,1.467804340707061,1.522661572439292,1.3178628532314116,1.3811898564259513,1.2717017921541547,1.3138167233521434,1.0956230277966754,0.871065619422163,0.9162288020890901,0.8342378348878551,0.6426569076928547,0.5852922723990848,0.4810756047108416,0.2485298609162648,0.1477738629346935,0.052703102701448186
2.540000000000001,0.3373670875142597,0.4575935803454261,0.6020586628710894,0.7227590134849867,0.8676058595968581,1.087424763746227,1.1028703278441663,1.2697419790587157,1.366396569374781,1.4747133134791566,1.512562747965378,1.4864155471765201,1.4207605027050183,1.5376408316506902,1.6475386867879944,1.5984456620173402,1.5208884075613107,1.5130487309484317,1.317275852855586,1.3318300113015442,1.3401045796963642,1.3801459767272013,1.1628069590371868,1.0055119836264672,0.9397713023439513,0.7568093059553493,0.6740121654379639,0.4959125666223063,0.42217999048215904,0.2317520966642944,0.15202076361792946,0.12251902092499078
2.5500000000000007,0.2831225045702339,0.3587392119885274,0.5585887085484089,0.7511405529964216,0.8557190450929827,1.1658847206215466,1.1218010613406004,1.2411788204374437,1.1350207647591564,1.420446000837056,1.4501851903662832,1.3062696280380082,1.4522926661550044,1.4478864337642845,1.654288336382775,1.6461775412063224,1.5588652969002803,1.4627272726163365,1.3330031272409975,1.440618307424395,1.276828501835407,1.3908991044817929,1.2595750377502064,1.0401177091040028,1.002432623009731,0.8754936022968157,0.6637995167227821,0.5369591494258661,0.4089590298737224,0.1590910966434556,0.13051376337746018,0.13357227630957225
2.5600000000000005,0.3571613885875281,0.4585389884033181,0.5465963431359065,0.8063019209322794,0.8773683630911766,1.1754739790504942,1.0970524406511248,1.273973592089226,1.3247906629297888,1.5061618589502568,1.5380331149033306,1.5043330802004473,1.4538721621596304,1.651833731103254,1.584770870225398,1.6301813596464432,1.6213661051501296,1.4880960586630965,1.4870758692498036,1.3401678855443466,1.2862036278014721,1.308444999201718,1.1022190913082923,1.1036058080029711,0.8713944312016051,0.7486424146583127,0.6721584884705086,0.3907020843701634,0.46886554787393175,0.23909583283199556,0.1200746193122896,0.14881931678600027
2.5700000000000003,0.2154154650208956,0.34031310260253206,0.6525295285220943,0.6829940583951952,0.9052075315724133,1.093439189281346,1.0297261733205973,1.2783380429122992,1.268597535543417,1.4440348689336318,1.5082516212873176,1.3782112967132492,1.5147123575988108,1.6883147162166834,1.4344221533029866,1.653147972713259,1.607420495200462,1.588185280954914,1.3713531410867517,1.4928685052805766,1.32660954766419,1.282700419627207,0.880645915898387,0.9313231247797765,0.9736113879131091,0.7729883262273677,0.6332719482582218,0.44459883105701836,0.3686860613261061,0.20405132802925854,0.1542546876724941,0.09601700874754335
2.58,0.26122219360213633,0.5592228767878944,0.5945306471125066,0.7496794249953338,0.768631272008159,1.0975241254800643,1.121044250263111,1.2664699337805365,1.1959026311800545,1.405807384829816,1.4896475645457008,1.4304099455639465,1.5184499070860635,1.591070910522359,1.6763728290490496,1.637595711004293,1.5625918026005279,1.5106108214801806,1.4142872215262288,1.4625327340414545,1.3559660657772037,1.2695140558212024,1.1392790387109546,1.0004124939616306,0.9846766387456196,0.8028364345363301,0.5688690678862645,0.46091441859478405,0.3669690432628956,0.19129727823006906,0.14117319151906485,0.10258640598853762
2.59,0.30292692219810063,0.39353863648945236,0.6317857234231489,0.6041938462573242,0.824446663325065,1.1838964128216056,1.0947078469667362,1.2656439176102063,1.2033300526672543,1.4538729486905577,1.5173905419139535,1.5889398925479354,1.5588380133495887,1.5307293242193591,1.5965770981478071,1.5716725809778525,1.5154201115956554,1.6851148984614421,1.40153664177855,1.5297920357398211,1.3565285058282728,1.3420856980537748,1.1430976708570508,1.0309711248806332,0.9886422847672148,0.8143930345699599,0.5580991314395273,0.540393537312895,0.5157288704091765,0.22132534019789052,0.02286934160852043,0.060811778397899294
2.5999999999999996,0.3138164547827328,0.5041147204711652,0.6547175171922429,0.7988525506143793,0.8729087791389134,1.1241394356168024,1.0700365863716146,1.2289549066033059,1.3043006284649603,1.421730742215985,1.4458119513402719,1.3772719182781294,1.5717845620519661,1.5932565883457723,1.594837510527884,1.5971285684892047,1.547512644767152,1.5119409175793157,1.3612736999784283,1.383491470223921,1.4009923163762936,1.3281924039709536,1.1141578206072642,1.006021336070697,1.0155932931523977,0.7094969270347067,0.6833534630660758,0.5289218620215905,0.37605282569885545,0.24967020476339608,0.049769729328966505,0.17853589310154672
2.6099999999999994,0.34753192115751874,0.4049595648303642,0.5919793015414616,0.7325480071094477,0.7364712814414145,0.9835624152875683,0.9977581193226032,1.318125272803996,1.2338284334416891,1.4568181394562711,1.3874773327404064,1.455750808534452,1.5656105575552104,1.6516997052617626,1.5967297096456394,1.681239901346516,1.6503672300833052,1.4818121851126873,1.3823116620244074,1.4929986520594656,1.478077734478146,1.4014109359606186,1.1745045656898083,1.0409074045772964,0.9400393554984323,0.8242503127341435,0.5986311797921217,0.4534668613372598,0.36263221737621537,0.22900783523050916,0.09594942673980407,0.15438789542215528
2.619999999999999,0.2896480025845586,0.41664249073778953,0.5107421494799286,0.6466010122686707,0.838372506720354,1.170083998986612,1.128200601371255,1.2146718402176733,1.2040394015386686,1.490764724520557,1.5075821691751787,1.4394275698454229,1.5905642118115528,1.6455872983160535,1.6195140879762777,1.7543668263756824,1.5698397463292448,1.560252942021452,1.3817381452114421,1.4358940220389103,1.4558739279788724,1.3861079732287096,1.1707478392587642,1.0108966464536775,1.0194242083299248,0.8152184849509568,0.5965408834827337,0.5136908561509392,0.42008554361364037,0.19482998575196975,0.08549232973344689,0.08165301687913044
2.630000000000001,0.32047118911635164,0.45217299090268925,0.520092422951449,0.7288098239098947,0.8299719752052209,1.1161661911420153,1.1218600949842124,1.1609737727069072,1.216559765942622,1.542748634412817,1.5335651406912731,1.4390194226299968,1.5664631996280922,1.6616063916245525,1.589815712842133,1.6344451732074448,1.5034820691865531,1.5938371889812109,1.4835023758054144,1.5344762670178393,1.4061724946673846,1.3380936889573396,1.150353288373967,1.0067519288683304,0.9246839024369634,0.680650819304747,0.6221344155065678,0.5322494704553062,0.36668254358668273,0.19109425942630373,0.04792953161782467,0.12294227529261453
2.6400000000000006,0.4098041881024724,0.4239340953924366,0.6416520443929576,0.7329069458694563,0.8046624182219098,1.099930978359918,1.0964839294620907,1.2353017358793779,1.1941106311760532,1.3979725594521981,1.4822095598754557,1.4826325163473533,1.4881683487263364,1.4796887413976987,1.5399252515123787,1.5370168558984014,1.5773627800475327,1.6619017250748822,1.41745642549088,1.4305332370533206,1.3592515851713958,1.2910686329488508,1.1448944105448515,0.99110325273824,0.9448957774276108,0.7794980011344892,0.5960694474876977,0.4498694389103737,0.3399114343951409,0.254638399176457,0.05360103693992268,0.18653582080277278
2.6500000000000004,0.30976822258598385,0.51682632183635,0.5741125726511807,0.6636713432877535,0.8753195911760753,1.0570358391058916,1.1085266945036862,1.2883718810688376,1.253559259714192,1.3797106821830751,1.4867644143799073,1.5375800194029314,1.6154806028340363,1.6102375254429235,1.6198208168506762,1.500990729502646,1.4217514942991094,1.5913473556782138,1.4087265186894022,1.4555203310860345,1.4246801994878862,1.3991024754595853,1.130043345607497,1.0278024253506184,0.9331292343234957,0.7865449360921671,0.6641556729093472,0.46985433915412667,0.4141935238735295,0.17127584751210623,0.01846723309162911,0.06818199381210605
2.66,0.23452333503160047,0.45901962919321526,0.6118848263716242,0.6789456746195812,0.9695207091933524,1.1138766869256147,1.0450059519234438,1.3215788209474737,1.3291366979953356,1.478000094575949,1.4769143273671266,1.3644511859256652,1.5671316595133082,1.542405063290022,1.5906308513587872,1.6776474474301,1.6405087354914418,1.5875550801325002,1.373249858662955,1.3802594682916083,1.3543415753437953,1.3746633841171259,1.1503221872511464,1.0222499240017813,0.9320641294423484,0.8822105471475199,0.5537670563815283,0.5182675648671128,0.4045358593556412,0.21319564859319773,0.18654605077701794,0.11317532916650268
2.67,0.3198434433230603,0.5197326202588237,0.6258915812011759,0.6654709369082549,0.8393696969759106,0.9885519626535224,1.067631740868675,1.287985907967997,1.2753062024227024,1.4735034739410207,1.4344587608900863,1.4723292204770089,1.5509525023426347,1.642352557018215,1.5657582433617276,1.6436502076137471,1.5897146371612312,1.6423505618286982,1.435586979432588,1.4233123161542902,1.4558747847293718,1.3364052484624074,1.1736704223555907,0.9515378694138872,0.9401354614284476,0.787312038149934,0.6519053779241626,0.46061597586663605,0.4347989212184319,0.27458013996684255,0.12076588151280558,0.08228276318746189
2.6799999999999997,0.3562725857828744,0.5635503384544888,0.6740938312556378,0.7053775615475328,0.7386906208550736,1.017242417025952,1.1128614209961152,1.2203848931657928,1.1640813631986031,1.459440304455317,1.4930851966399619,1.4713511259801855,1.5702226578020815,1.5395021593619433,1.5824227203777683,1.5636637132359923,1.4680948356333678,1.6224269870783568,1.4403701341673825,1.3411209640927477,1.3885152351543668,1.3646588961278239,1.126214938291285,1.0151793219965475,0.9810161008858495,0.7707201853131334,0.6050161121744252,0.5072956242292868,0.4039738265365629,0.16127820050667968,0.13299364330280258,0.19135074483298842
2.6899999999999995,0.26801984887875485,0.39097027348447605,0.46133259391220827,0.7258850851176434,0.9056245626785296,1.0416991235865287,1.0231601507251749,1.1530765603432152,1.1548261588874416,1.4903900002766661,1.4666377199518146,1.5292602999193994,1.6377567109122544,1.5973474026768548,1.4799033848907124,1.451480651520758,1.375411186777324,1.6101878416149162,1.4999530673666623,1.4767688748941055,1.419364677052211,1.44233314303852,1.1457807794111678,1.026862728588466,0.9382415871959966,0.7737522125923884,0.6270712857319164,0.4519360699487176,0.4206168928583703,0.25091889522125943,-0.0491410750815507,-0.004412310491646962
2.6999999999999993,0.2963547196653663,0.459069572890317,0.438526076828674,0.7777756127715135,0.9183421537312564,0.968242833660589,1.1214828995132275,1.1981787472906602,1.2159238541843491,1.4218040004097143,1.4497971622109924,1.4999247780702365,1.5595584704256158,1.6034773477755164,1.6396206941101155,1.5493406896267103,1.4814875057582273,1.5853014949489557,1.4676512721634094,1.5601046062578792,1.4368703955483686,1.356653619263085,1.238687843782762,1.1663845025830968,0.9473894091719405,0.8118422323565435,0.6048541867275236,0.49938870197601815,0.39884572308453886,0.30510423665626346,0.11822588087489286,0.0872142647828906
2.710000000000001,0.22041818431740512,0.4626023609916325,0.5930395491849012,0.6926049260688169,0.8360954060445593,1.192773117758079,1.2078690661594707,1.3542549692642718,1.321150394623088,1.4169781432522313,1.339550268762795,1.4708007762867656,1.5916221821302954,1.539366382067998,1.6078005571950045,1.5936235207345408,1.4741166988374956,1.5745425489597025,1.4249390815960514,1.3713207352629682,1.305094604473784,1.3314038427875314,1.168703671695341,1.0556254869259822,0.9610893418176095,0.6957615046872261,0.6200887879038357,0.526057339120318,0.354367487909552,0.19352806194421782,0.08354122288772281,0.08883567222496305
2.7200000000000006,0.3265039584965276,0.4620404751685676,0.562066285032583,0.6910766149965749,0.8983675802506883,1.1179175347360841,1.1698461847010755,1.2184079824006169,1.2486085285770818,1.4414307501455743,1.4929498031762478,1.4770685822654683,1.650534018831759,1.5177360968721083,1.5821520468056198,1.5817037090215047,1.5330739722448865,1.6789557332921285,1.3293674343178679,1.4146014091672954,1.4132158101977947,1.239749447490082,1.1621725415970077,1.0781184645881794,1.073071631836121,0.7865984893998004,0.6580332545930984,0.4860877132128594,0.40631973387879616,0.23890159491617882,0.04291533701246416,-0.0009640905652882961
2.7300000000000004,0.33584867915528915,0.5320482622613368,0.6804628843148364,0.8236189266588873,0.9075767105895514,1.1899403273266913,1.193363330615091,1.4200313451886961,1.2916933089653881,1.4918350292310505,1.4414167397513296,1.5205419066407357,1.740921829198458,1.6710201764129962,1.545439158685918,1.534350143127138,1.4844904808939117,1.6797251479443338,1.4771669948622608,1.4211343229143758,1.3578747473364476,1.4535256392903657,1.178508105925598,1.0154370919224525,0.9087182551129515,0.6894552651469329,0.720138558010148,0.4341108452382851,0.37541713826741024,0.15585437526627408,0.024885832281897603,0.08042699432830999
2.74,0.32327362930562187,0.5184288789283569,0.6692741118908615,0.766458807393256,0.8722339229222066,1.0500723949586952,1.100894761034008,1.2580902790940558,1.2648960702510523,1.4204573501239057,1.4576247236021476,1.6029832852509707,1.5833039196182184,1.6209257276412745,1.5602524359100405,1.5899779269502525,1.5327867125801915,1.5712995911210046,1.3671567455142803,1.3457775033319512,1.3453075648042714,1.4322947817930316,1.1259265205990523,0.9774279028770315,0.9939795027253153,0.7280380728908569,0.71273537467276,0.46314154069672203,0.3823047996022598,0.2969919612367337,0.08941569595180539,0.15967412363817263
2.75,0.28135870663401646,0.4468608192293095,0.5848811130388107,0.7255998633298674,0.8502071454827785,1.158875345741206,1.0697364715079998,1.156993579648945,1.2908329085235781,1.5413178041618512,1.5417548936262266,1.5339353023974778,1.649393488261582,1.668235188010799,1.6076528108757036,1.6512229687660096,1.4854974127838034,1.5612723538213098,1.3217385589724024,1.353020137285996,1.4176218187195022,1.3620780122606224,1.0778584065937666,1.0144436079394499,0.9707414953397787,0.7393713002359563,0.5007595279944996,0.4622514165854583,0.27725488467538334,0.11686675770903764,0.00134611682783182,0.09492403837002111
2.76,0.34141666063060816,0.5304646565979863,0.6005179393555364,0.6945022932020173,0.8637199919711405,1.0732109070329268,1.0361998568317412,1.2285623162982968,1.116507468785624,1.3812719419719168,1.5184334155990666,1.5118844665983062,1.6848724459723559,1.5661744912367281,1.5086027730429847,1.5903835216372517,1.5173981366859335,1.6239859546009798,1.4017517370892296,1.3354015942007467,1.3913156143886816,1.348901444801997,1.123400945432865,0.9644101568666463,1.0084769758527572,0.8864428433771243,0.5288160838199787,0.424424462008033,0.3637335897399757,0.23159048585671882,-0.0005589582941495199,0.04434917670553239
2.7699999999999996,0.30198745449285935,0.5231575660424976,0.6236677356364769,0.7518410277292972,0.8552677727208511,1.0466682122183522,1.0270441403363297,1.336740408574431,1.2153489239246447,1.388414329264709,1.4398294042392397,1.497393574564242,1.600759106425016,1.5902663879171064,1.527255557138428,1.5064320021167357,1.456650095709893,1.5406660530813923,1.409552040613205,1.3314670640982977,1.2922746230424258,1.3827062537622163,1.1697491040765873,1.0645534643650707,1.0314993261464136,0.7444290290774356,0.6584922127933424,0.5903704164743347,0.4372806144362583,0.21537069138482107,0.011227123669264134,0.018277536056322527
2.7799999999999994,0.4062976088165295,0.5113997121720217,0.6455968439884212,0.7443388440583238,0.7834480695080561,1.0877991067773396,1.155680983466453,1.2864466450256218,1.2650095749059183,1.4065676828419016,1.2537335715352933,1.5163199640196936,1.5888248436152548,1.6825902583138321,1.5047395398435333,1.5049736626524994,1.5299133805898253,1.5535274463171616,1.3143845190858863,1.319754689157236,1.3864966783236456,1.4039117962469052,1.1564186776832128,0.9605225139219119,0.9254855177347354,0.6658909589391018,0.7594801486678456,0.520119394281632,0.37689896046268434,0.1816795675739712,0.0800909507342578,0.13782257017252705
2.790000000000001,0.3018027714941,0.4135276220051151,0.6001216640941317,0.6376362944358811,0.7818774915668877,1.039162934398901,1.1432344725403343,1.2962254406775255,1.2383284533735,1.4029420283076828,1.4250690584947232,1.3560053096636218,1.666928447112673,1.633409041940834,1.428936624807458,1.48234106931706,1.5240589114317618,1.558169360565446,1.3996724318562437,1.3167944070221955,1.3694734375689734,1.3971680562526536,1.2068157939138437,1.019196316735987,0.9807155103715918,0.6870160176505716,0.5508060702777074,0.4055776353794007,0.42636319832750047,0.2611410459749517,0.04608116803238395,0.05596892530835423
2.8000000000000007,0.24876260561372435,0.43504793785737805,0.6163746008215794,0.8657114883866529,0.9383513832530741,1.1170444574783986,0.9996180008750497,1.3856268210703209,1.2500829170956824,1.3874110885245283,1.3563376974341586,1.5096014352576579,1.7077848849102304,1.6393482590218267,1.519629955278369,1.5008259836508446,1.3899597934019026,1.5917191566865747,1.4973784707004223,1.4171339073925193,1.363011916676135,1.3093508385416888,1.0837209377215302,1.0320121966896108,0.9336528419309593,0.7021045642515118,0.6014159512597369,0.4553738317104593,0.39122113627478367,0.23654746948565733,0.05191893265772802,0.08285644858240282
2.8100000000000005,0.3344063046433211,0.47387765382262953,0.6395408352899216,0.711577843580245,0.8266726493713529,1.0245752768228444,1.1601212519863635,1.354643193147806,1.152769232441107,1.3138384084900445,1.3884462559490012,1.6466732912092468,1.6984029486957515,1.63738713122524,1.488686209722055,1.4382533579031682,1.587625289557387,1.6069641056631425,1.4054543211921755,1.3761806505230985,1.4478769673493745,1.3672508470505313,1.0593024178385353,0.9953159055438184,0.9118706365828815,0.8174800904318189,0.6853847526068277,0.4763551025660403,0.3675526531762555,0.2678079776307687,0.08995649898237487,0.14862440121485213
2.8200000000000003,0.3596489496175234,0.4442215348043543,0.5918537138596516,0.742281945353881,0.8262693903745197,1.0842671523155765,1.180983033081632,1.238106786815628,1.098700551788734,1.3818441560568668,1.3609083892003746,1.498177026500887,1.6298324393647143,1.685473989186708,1.5917690248828857,1.534671544914564,1.479447627997877,1.5197321357367124,1.4667683596816166,1.380047580375087,1.420431839660738,1.2912338444560707,1.1347658263691751,1.1742035285034167,0.9517605474858339,0.8171036612604367,0.6063818069151942,0.4226109933450993,0.44393841598515543,0.3276993159128802,0.05706467481359416,0.08953435405105489
2.83,0.3761935561284633,0.4781754095933127,0.5251749928253608,0.7004092731195084,0.7521743823307153,1.0351566114448807,1.0501820021430757,1.2154480704938393,1.2061008396337927,1.3765322407708318,1.402227898599362,1.5226981988094983,1.6348438741136593,1.5562835036486962,1.4621461084783665,1.4686293937084847,1.4542814332594474,1.588851184526329,1.3377314345664941,1.3543319159959857,1.374639609806525,1.2948763633657705,1.1568897140246914,1.0410046754253743,0.9010714806065615,0.676365823013731,0.6202933495278665,0.5358928391830128,0.3931544579729378,0.18572529248664574,0.01297605453354515,0.11220047392740581
2.84,0.2483122097958404,0.48770701676852063,0.6404674660705252,0.8288354567417673,0.9293987925691416,1.0124416470695456,1.0200078474523155,1.2949991402661345,1.25255790556227,1.3951102271856017,1.3596956122764385,1.5284815108527727,1.6067486131323179,1.663777117127783,1.577715365236574,1.524571971705343,1.4792997913588206,1.5455553355654663,1.3161406679097065,1.3365767659687726,1.4377778256252431,1.2034535058330915,1.1844565139199035,0.9340448181264615,0.8741122488998845,0.7090112640732433,0.7150428754056655,0.4992958045298096,0.3077623327094144,0.1379186236414758,0.0321708106219405,0.03630116072227255
2.8499999999999996,0.2490126422991196,0.48765973770769105,0.5602267996823863,0.73160626927917,0.8507242607065516,1.0357200661083714,1.1117774456883185,1.3146096023081992,1.340922688528693,1.384824896619627,1.3492383426752148,1.4654468369049414,1.6504572598399312,1.6041679997088178,1.5621391214309948,1.3878010999415664,1.3998123329308898,1.5676582817222748,1.370650359258352,1.3548026519461573,1.3407834871637467,1.2531400939879576,1.1365408007330025,0.9741429788007402,0.9570007029830928,0.8052807450150434,0.702422424865712,0.4261877151461396,0.37810503951899543,0.29260781590331814,0.09907422095841507,0.06087494083016372
2.8599999999999994,0.3370017396332631,0.4351808097636797,0.7222064397770358,0.7295483362471804,0.8868460326543922,1.0205331499247103,1.0529010535822638,1.3013430081416062,1.1868732066005352,1.2693714799729543,1.2919680357522094,1.3994140584055785,1.6382335736454774,1.5358876807230037,1.4619244845550936,1.404266636797886,1.3773216301083688,1.4757160752358345,1.4149084491660455,1.2578060997214273,1.3286127726763435,1.2189410483540954,1.1363167842603028,1.0220801097369754,0.9313476628116325,0.7629159904235625,0.7171039102114152,0.4222095569663482,0.3125752047868748,0.10755047596761183,0.02847608812749309,-0.03339075420804301
2.869999999999999,0.2881472517110621,0.4796475818518504,0.6857711595515426,0.734572424954983,0.8189109898291921,1.0390138608680737,1.1645041152116973,1.3033767404496137,1.148230096174128,1.4088229144359372,1.4061047862956109,1.4917982539792611,1.6437353887795916,1.6137813683264988,1.4717416883003327,1.449760079596029,1.4009151850445178,1.4604004627664433,1.4016998348904068,1.2304676542827702,1.4135691217056956,1.3048853080334926,1.1936853917947978,1.1209367266443644,0.9795388242385126,0.743273878925868,0.6047268487926327,0.4203498684709406,0.28651451724156285,0.15530610679859647,-0.012750803655517303,0.07313921935948346
2.880000000000001,0.27168883606100425,0.3787779168269907,0.5628017445008112,0.7669605890825999,0.9466112884727464,1.1565662575552929,1.016857898422855,1.2248454096192267,1.275666038490793,1.3687503322056311,1.4091615481093083,1.572143318006424,1.6269227228325023,1.5372944270527584,1.5328649849336573,1.4266789329449718,1.3357048272997418,1.6609012450208847,1.48456961976249,1.3523363046757761,1.3011900429346415,1.1525831131478945,1.122840790151493,1.0978852306551372,0.9947824173387436,0.7014355088318882,0.6712805423607181,0.36597001535092666,0.40046573970885135,0.26063655780818934,0.10329725353285063,0.12518156407674547
2.8900000000000006,0.2833414379683493,0.5296408177118829,0.7242885149333952,0.7524594099977316,0.8139230245207156,1.0692609832960263,1.0963252483263346,1.2472627354479524,1.2956526279604004,1.2812164721056971,1.3435485913936074,1.4784944348395077,1.588416872543311,1.5581905336338642,1.514045932352059,1.4682357222962261,1.3369575696864524,1.4466948967103397,1.3653841866363285,1.3353659072896267,1.3757256769244388,1.2541471800214175,1.10787466031381,1.066708462520178,0.9879769034996684,0.6643315710964468,0.6147835177740474,0.476026063500545,0.366036119719381,0.24908494158723846,0.05016375399426925,0.08447974759534438
2.9000000000000004,0.19148462426296764,0.35749798444219844,0.6653093345690732,0.7199028410748299,0.8211562336994506,1.1385217728946786,1.1790378253188218,1.298001458176595,1.199081586567502,1.3751589584682518,1.3952497365696166,1.5545089851606195,1.6425369021866056,1.520811946432625,1.4701101215818646,1.4311095865494632,1.3590564522937503,1.4707839029379275,1.3718376950527276,1.28016051272606,1.3516956464475192,1.3702074231892198,1.160198137061443,1.0612535330884825,0.9866751105204478,0.7419895957510629,0.7150302670840679,0.48510301333217143,0.3059143188688054,0.1799498418017369,0.028954797200007643,0.11716522715942954
2.91,0.2697032383806552,0.40076481335931957,0.76228419405103,0.774765463435633,0.8820622439012487,1.0568248256143353,0.9631085422991271,1.2715658537843275,1.3247307247991964,1.3961608374417613,1.4070394229876817,1.5015873256760168,1.6514321051460368,1.6450176854088197,1.4668629086100915,1.4030091494784067,1.380750065636828,1.4251046022874898,1.417005811554857,1.319765854385124,1.2773387849511506,1.179677843544548,1.2056485797768945,1.024732772565441,0.9354183835621268,0.7968700768365574,0.7074863784832651,0.4877695521632889,0.3968428574059764,0.15232309786684473,-0.007709346714846887,0.10843753031441136
2.92,0.2623753813713691,0.42728618306232047,0.6992492794611844,0.8217680721927635,0.8920709647958666,0.9831321030932756,1.0312056961920348,1.3102722105767732,1.2157043660096876,1.3499655408897449,1.374726885588236,1.5087444520973456,1.645321602444787,1.6235735283463293,1.5256093084151134,1.3603418292469192,1.4324138523757663,1.5017625434623927,1.3407027878330275,1.3133108694488453,1.3294223060341972,1.2383649530161591,1.1988782586347744,1.1408695875391512,0.9750087737714265,0.6779596173386774,0.5891627849751588,0.46305711816360257,0.32253404044694334,0.23263857640563748,-0.015444413494526224,0.0682257353788781
2.9299999999999997,0.2694010915573833,0.43739471673887087,0.6194785872472129,0.7787226656463119,0.8382756079661321,0.9669047462828763,0.9838318790521181,1.2489439081263738,1.261339020377605,1.3497460301687996,1.317020999069606,1.5455575362978942,1.5910014917497717,1.5143342680396503,1.3622070274442697,1.3838517676220643,1.4212309125334774,1.5047893532353394,1.447816532679871,1.1973643852973344,1.2757125566124703,1.1521649509188214,1.145943345623519,0.9792093895114111,0.9201374900305355,0.6997087913925335,0.6067625750100183,0.5654002349368147,0.33652963111199885,0.20380994531675395,0.11563368772114063,-0.039737217784463666
2.9399999999999995,0.27155053497300036,0.4242898685921765,0.6880393022711238,0.6530403858921211,0.7961470160466038,1.0472445031014497,1.1180236200979796,1.2910633082336824,1.1838911214662347,1.2674119589707395,1.296625640962739,1.5242120226371854,1.504842586455669,1.625756697787097,1.4352313261407785,1.431602334944447,1.4411838194899498,1.4575765075254092,1.383143761309273,1.2138254774112551,1.2587617968417766,1.0931821024497017,1.1919231958245737,1.0444426213892755,0.9740428109737793,0.6220703337106542,0.6535299510205858,0.5691109634693984,0.42309659914372666,0.3252845292154083,0.048968109114205925,-0.021678005149397023
2.9499999999999993,0.27360363890970396,0.368214852319186,0.5356422642720154,0.6517654875576184,0.8512381428475454,1.1320753914124262,1.0444470551954974,1.4486563474790075,1.2977373469228466,1.371703775034237,1.3788070139843098,1.5577729447329904,1.5958995058941334,1.5085014501989296,1.4342286513711564,1.368673290188046,1.4527782379465006,1.396988077279022,1.3257864679051081,1.3013369967401054,1.3768702998187725,1.1973688356990706,1.1004055400341697,0.9552202687619904,0.829863509883639,0.670588025383218,0.618486201423908,0.3846859188390871,0.40509360779957926,0.2036092086965283,0.059134317132368976,0.03733383831879866
2.960000000000001,0.21387434847334658,0.40148655020869173,0.656090114371456,0.8293080805406564,0.8476497844078666,1.0555118176700924,1.0519036923846043,1.2122456993610027,1.2488725747547729,1.2505279783125434,1.3269897449517958,1.594663259979282,1.5928869164998174,1.6581544078171166,1.5043149891779408,1.2672464994492416,1.3573298006444208,1.4552507919427988,1.4086020975487716,1.306018123066109,1.4025700006796153,1.253087758245647,1.2478402031255134,1.0798242425930527,0.912183379953881,0.6229849004875297,0.5858060586842768,0.5205152744752035,0.41642810701160554,0.32638290570690404,0.09944020789463096,0.10333467838074846
2.9700000000000006,0.26392978499745684,0.4297338358427217,0.6531493963875479,0.6592730664106549,0.8151395712405668,1.0225470305957203,1.0682064534608458,1.1969298427980082,1.2135296040495178,1.1963389826840787,1.3433756061151072,1.5577388632935418,1.5332261366604887,1.616094253721217,1.4529947889979833,1.3971873435987165,1.482485190483315,1.6092858174964724,1.4747614756998644,1.352766420515144,1.3555356530557,1.1933496274273023,1.2524064396930112,1.1087870088557241,0.946297389824854,0.7582198351325566,0.7404796637427111,0.5517052771313947,0.3474360962780914,0.195914594437068,-0.02735644560781186,-0.0023493054375724257
2.9800000000000004,0.30113886788218164,0.428869829517301,0.6209227326195805,0.7206138036058756,0.8025279479703878,0.9822158429692104,1.0126069358803187,1.3134167923823266,1.2093081955425666,1.2453555077336174,1.351123331045462,1.5882978477131084,1.587996818444396,1.6085870439108785,1.3883653559666573,1.358952521666577,1.3424057882487772,1.3961178349261052,1.3919146051558453,1.240838403363974,1.3761967480811677,1.1457380337540326,1.1667005334361564,1.1123249878915784,1.0272939969289892,0.8117809520170087,0.6312279054499027,0.5859283302756698,0.42392238886237943,0.28925223178535797,0.01623827256976282,-0.01479613156694265
2.99,0.2501198191148353,0.34612269372529525,0.5009479653801311,0.6890085320766736,0.8577089699320384,0.9763513369666682,1.0567244726992504,1.274343047264112,1.2163009119231978,1.196386021127494,1.3867611879791846,1.4847799746822694,1.5295276266205982,1.5128313017289516,1.485838071679412,1.4637463578276897,1.4895152794611903,1.4824707153796262,1.397883776372497,1.3397809877998288,1.289922517023722,1.1866406071477154,1.027781921904065,1.0809083169421856,1.0099523055285164,0.7466502863316419,0.776157046383037,0.5182929268253831,0.40984639490657426,0.22455767634387536,0.09104104276630508,0.10952533074119011
3.0,0.1942842959120618,0.3751406136395397,0.630115958771484,0.6131482746053738,0.7467481359959113,0.9769395828227788,1.0143274377124432,1.2702352147075557,1.1624026768197053,1.238453687681913,1.2939264091434453,1.479705344137884,1.5371442630846708,1.5228872289429054,1.452551383470224,1.4095122881776898,1.3949131880739496,1.3468771091505567,1.4457437511491433,1.1874068664891655,1.298054376428716,1.202852188276685,1.1723733828935707,1.1538123728331908,1.004303584560931,0.7842029354540984,0.6202650037929325,0.4525098241030763,0.32812094615370757,0.29488865767385364,0.049341700318509686,0.11046782289833162
3.01,0.2428923275312681,0.31355986640095046,0.6600028090035466,0.7150854905215073,0.8555473249297336,1.0774638037777373,1.0343581159589554,1.2845027569076912,1.2209813082022456,1.3133748599038653,1.4020004857348412,1.6235226690406919,1.5676233890332554,1.538639112909773,1.4125894149099927,1.4027625010266447,1.4038658062543672,1.380431910154119,1.3977813523724234,1.163563479564446,1.2980587423215226,1.058054467957849,1.1375002290848057,1.1281456151938567,1.0311553999735046,0.7998343257078884,0.7414704140427796,0.6213833928750454,0.45761888203530526,0.21199552593071505,0.08656725530246837,0.1279666302924617
3.0199999999999996,0.3133355057597336,0.4279292547370561,0.7145317576365525,0.7171341876600883,0.8151406442801716,1.0692629756169936,1.019206909379293,1.2611740831875684,1.3403711999768848,1.385794933614242,1.2606847920260107,1.5599889298944358,1.571517676481043,1.5844104588192418,1.4490099978930635,1.360652150931389,1.3726991862533684,1.518935761807842,1.5639876168172673,1.2440950834498454,1.3392173375120144,1.1583163398172835,1.2976254699733067,1.0680312414633328,1.0097704815552724,0.7683956459603283,0.7645584795229468,0.498487535672023,0.4093874703206953,0.16722554369514883,0.004295169383421027,0.12018960666462708
3.0299999999999994,0.28488936071364457,0.3656277635922406,0.6285308506983254,0.6694864009743186,0.9335852529263345,0.9978219879363379,1.1463652880447432,1.3879987659116955,1.2584350987993664,1.2441857204617053,1.2573474622769232,1.5297943283634707,1.5665882901445622,1.5127631059392692,1.3558436773421363,1.374133790518351,1.4364610709031662,1.3997807620608742,1.4574541705910065,1.1824133161977448,1.379491437220403,1.256976645675456,1.2670575782095328,1.10321166627341,1.1367712946996227,0.7968998804944895,0.6401245312849444,0.43434216195045366,0.4118750518303786,0.25916491177632084,0.006294869846161089,0.06422514963184511
3.040000000000001,0.25592270035941206,0.3736207477640185,0.7519878254634407,0.6427997652514381,0.8319520143372104,0.9734318714091027,1.0474407119555724,1.3278335876547949,1.4001619377508763,1.313262471906601,1.306443527538305,1.5392302248607574,1.4673422535643794,1.5682300816215697,1.397631844461881,1.4162165335831711,1.4025921179663623,1.5312502393114242,1.5193023474600336,1.2128129881773315,1.3172058098041188,1.1728821115749493,1.1782178557418703,1.1877063336798013,1.0348950173246882,0.661072506772806,0.6746131938437651,0.5336702259994788,0.35645505344374184,0.10786743510476493,-0.03183922889050626,0.11674945644782993
3.0500000000000007,0.2644516960552469,0.44162271825250465,0.6190967170806965,0.7048525596100511,0.8779139171913017,0.9551801643692839,0.9715852706313132,1.2961001308895395,1.2955253707533045,1.2985175907593116,1.3716321414628205,1.659319990636404,1.5850158216359538,1.5379199957193284,1.4078653932129443,1.3649182214848072,1.3488645219607278,1.3772835885750794,1.384002174126707,1.2111354768335036,1.346105041159387,1.0480559262247469,1.2251230064288154,1.1256552359995604,1.0482243293922613,0.7382258907854229,0.7266599937772898,0.5337259000678478,0.41263701731372276,0.2448921444657576,0.02001985678060186,0.17691253801175455
3.0600000000000005,0.34161638578505366,0.45104498202725246,0.5982242249513336,0.7389220086135317,0.8079732492368477,1.0459045671852105,0.9817562064962553,1.3472744689256595,1.4497049355194611,1.298752450209708,1.3621151184255518,1.5040228036388212,1.5288634518794995,1.4880135773023924,1.3853856382068221,1.341779719920591,1.3551359714409528,1.3164653947547205,1.4625644597853642,1.3124978452197233,1.3408809665778914,1.1481890427151265,1.1599985027464181,1.0719237263344852,0.9909311260699569,0.7549203790830679,0.6788754918900127,0.49890511800078685,0.4638239720766579,0.2692337354280387,0.03344291549976337,0.13679237811536551
3.0700000000000003,0.2985688948998445,0.485957533011696,0.6745750172667859,0.6806331277112494,0.839067514703149,1.0922105910360393,1.0017435199575688,1.2337371183813473,1.335639809989293,1.2455737934890547,1.3226885644709623,1.581156747764677,1.6012089868547688,1.4781630738790394,1.3470156845936407,1.383371796778019,1.4026250138766905,1.32780889523586,1.4432928837441863,1.0729170634682403,1.3165984571996479,1.1062835378529376,1.2077160360006944,1.1520365272251873,0.9335308800568192,0.7885249073237373,0.7244094802565768,0.5427811510401251,0.4102759607208038,0.16973217559949225,-0.07972565124972214,-0.028455936761541727
3.08,0.23437229482354177,0.45049128269253175,0.6652894732631011,0.7937724736915155,0.931659456895398,1.0571318614193748,1.0289729617575363,1.2430146321803293,1.2906701632516764,1.2829583678084824,1.3448820573430165,1.5861966974250272,1.5265060551966025,1.480730958978585,1.3352047140007852,1.2820381505379665,1.3777294431592615,1.3538372055742276,1.5274658214047412,1.3395978771316006,1.3850541756689556,1.1322526603692356,1.2607364781204282,1.1519185706594972,0.9677127032423309,0.8431452772506167,0.7747995212638125,0.4983243164168356,0.3727040769393826,0.22836533346755056,0.12548440280237527,0.10995636512185394
3.09,0.2052171382535986,0.43053075654928286,0.7465194660977478,0.735192458045086,0.905874557395007,0.9858657108775328,1.1050765021541962,1.2074154502521461,1.2630237685232932,1.2569411494563016,1.345643332683331,1.4645655867406604,1.5126095187939157,1.4077176658891661,1.3939743531287756,1.346870209072009,1.3154000977879488,1.4050042527564826,1.5124920078019837,1.3202141687188729,1.3316180504105095,1.1609026220243102,1.1961991929554596,1.093252266158998,0.9656222758287994,0.7237191833667413,0.6963742217465473,0.5182776622580517,0.3628243807006909,0.2907154583505534,0.06112256988149446,0.15315040410024555
3.0999999999999996,0.29220007491194594,0.39181808192294515,0.6552267705103141,0.7343010286578324,0.8904772433137788,1.029697537149308,1.1117402379244572,1.2721543709591354,1.2842370448907894,1.2582573809290345,1.330023857520532,1.7266551617971184,1.5619310438092158,1.4868715720086376,1.4913749696999574,1.3789291558676857,1.4913558236559006,1.365078160223258,1.4741635204710466,1.416362627053308,1.3395920035415685,1.1392332194398096,1.13799357689255,1.1395139741622666,1.0638432212407947,0.7552060956323544,0.7158781777195358,0.6527204550841871,0.4259089013369702,0.24443893592660124,0.07177262287480447,0.1318764539348137
3.1099999999999994,0.1974564897782362,0.3812691966359302,0.5989589889893694,0.7041567590719492,0.7991583458668048,1.0063899687869553,1.1192089704284862,1.280614444713925,1.3234988282587172,1.3209749061045841,1.3714434190960727,1.5552163234664629,1.5204724361970083,1.6279215680244319,1.5060736848118095,1.3983617977068838,1.4212952784265442,1.4495449247576044,1.543177294354702,1.2115425915233673,1.3316750191083015,1.2800147631195515,1.1982483691801495,1.0287032857235379,0.9098036536107577,0.8251800615482122,0.8104988239229487,0.6151345203876291,0.44049532176924766,0.22859270445729704,-0.06359675302827014,-0.00816539739930651
3.119999999999999,0.2374433300808824,0.4874124512593131,0.7025757372428735,0.7167368530390924,0.882351251475067,1.0550589971334137,1.1006809928160144,1.2666383405694932,1.3336486937172158,1.31760984228643,1.3039476703545756,1.5704675403730384,1.615941416244586,1.3608936750896965,1.418521096586497,1.3726816206540844,1.3937319758442435,1.437009441427213,1.3971300728991443,1.2423055951038973,1.3643209752584515,1.1643180572017684,1.15152233205621,1.1115582921700153,1.0057433399978728,0.7136141298757688,0.7674700348915559,0.6414794027915471,0.44629084055981116,0.2597559352032045,0.020489982631132518,0.1253326699660865
3.130000000000001,0.17694265805995985,0.41451281277320007,0.7410175332048626,0.7423254469766191,0.8253244967753919,1.0229325021122018,1.064874141106894,1.3034403795001217,1.349888364386952,1.317509493722267,1.4043463785702812,1.5872445951438474,1.321908142135842,1.4496451289701324,1.364563582012816,1.3552991212190117,1.3201485814226792,1.36402622427173,1.4166287862535567,1.2183156652507485,1.2725555425742738,1.0829289586393,1.2283813402359478,1.1127612411480396,0.9108233572622485,0.7868286668710996,0.7920613077021099,0.559045802360358,0.43048553143361956,0.2755320944904454,0.12859047765086867,0.11089029801960035
3.1400000000000006,0.23810335297917554,0.49945038790512697,0.6659570143015227,0.730506758677404,0.8529852033470712,0.9143106087124702,1.0518149264907168,1.3330848474495263,1.2803323546349767,1.2551263604276242,1.4279112680665222,1.6038944695285275,1.5809840774257071,1.5493566509500096,1.5352370313772117,1.3669417440138742,1.4607067533856777,1.416757101619348,1.5094283298155076,1.2765901832229873,1.4046012521634326,1.1156062662797557,1.2392523476479766,1.195277980664514,1.072472414487707,0.7587687015928379,0.6370819680994975,0.5294520968701787,0.43646812225178244,0.3202590187499628,-0.13758919209841985,-0.0019061885091136675
3.1500000000000004,0.2746044217190838,0.41193409055296404,0.7129975058436746,0.8062316122348774,0.8869288775145858,0.9538110094073387,1.0359590557641145,1.2483048880819039,1.2723055166221966,1.215855807560671,1.3255196978419803,1.592204966829202,1.4622548545167329,1.5057984984481938,1.4057424942993981,1.406317772023318,1.3448559581636461,1.3277246358073518,1.4849643462997006,1.2719946018536146,1.357472898514668,1.1662848770467154,1.2341518353441239,1.1323308404799568,0.9713918098037536,0.7892408404044736,0.7713582331141825,0.5198283986225256,0.3441060238256962,0.19420771687815225,-0.033317887799685586,-0.0024287125321104247
3.16,0.37519464978903055,0.5393062661357138,0.7856615113107012,0.7400160087655498,0.8138374567932852,0.878649049558263,1.0944782993284812,1.2123504861482735,1.3101599899808503,1.2924512611287589,1.3848831785945181,1.5599526669324513,1.380775486403559,1.433114644333791,1.3563028383900173,1.2539310977526195,1.391380390922103,1.3110513921849372,1.466047823558005,1.3536116047029108,1.3853023239027615,1.1911960502081,1.1813871912513025,1.1102400740171061,1.0469041975306501,0.7133731224753895,0.7096614235126674,0.5671392033814533,0.3896235977393215,0.20217803148478833,-0.028223853326540572,0.11226108705835362
3.17,0.27844841699147616,0.47449581227822973,0.7046861215504896,0.7650002726581746,0.8531477803073552,0.9768195663564423,1.084620506272672,1.2514258912495158,1.2994364293812672,1.1554723073218316,1.3618201169354336,1.5790467182039438,1.4888191550853342,1.413622185876739,1.470368946026829,1.3835267942522271,1.3646206792021205,1.3034134873258596,1.435841690375282,1.1501524470858322,1.4107299745461481,1.1851998500037475,1.1957652773606402,1.1542744669717366,1.0477874839960284,0.845592912781252,0.842250989941032,0.5974173214206573,0.3392194612361781,0.21504903471110232,-0.015000496609137106,0.12885846807528892
3.1799999999999997,0.2972217932889179,0.4645489420132565,0.7988802744564462,0.8160593648924902,0.8772849876911034,1.007946190829116,1.1288915816409035,1.1633796044845426,1.3440905430558234,1.2110285022934448,1.3509834688441797,1.4958941397232886,1.4696440482707847,1.4206594542027775,1.3388980668521964,1.2959211598380522,1.4821607328354216,1.470083480881951,1.4716047602911342,1.2669148550351648,1.394543864214829,1.1759158428044805,1.1833884892133661,1.045113909151473,0.9584579628254397,0.8272682865679458,0.7433039111825446,0.6277719661776603,0.42117513056882966,0.21590827351929862,-0.040270154037133424,0.0721447366851456
3.1899999999999995,0.28066624545119817,0.5027967149501122,0.7855283331023856,0.8341901453642739,0.8938033773955774,0.9574535159110261,1.107084017009086,1.3351650845834055,1.3547273317797968,1.173303871308899,1.3525974852957134,1.5672149358017067,1.4227710680986083,1.3955563989560447,1.3689119406418746,1.3722976337545731,1.4416307586752672,1.3778566956679459,1.4774341401968631,1.3350025233542966,1.349318874030822,1.0876682682029484,1.2039931759662468,1.1794036247008786,1.0171611881483986,0.8464560891503976,0.7822285547291771,0.5924223431140715,0.42770605917841825,0.182510482143517,-0.03964689491738108,0.05404527922472431
3.1999999999999993,0.2573860772469694,0.5390010072519246,0.8467049704788062,0.8294540588213294,0.8707037918632381,0.9782997077305736,1.159428723102992,1.2621935061229028,1.3663607056071527,1.2058389891724788,1.274891285510092,1.5527266317791684,1.4130421453168605,1.5199618722114743,1.4530120265412663,1.3939003016925835,1.4021225112154767,1.3062008401517302,1.4197463921817992,1.259604041286081,1.2165895757002712,1.1616253531379332,1.2868747917453534,1.1809522204385665,0.8538760916816828,0.7460834358680302,0.7012116654162998,0.5904702652443089,0.3651633018794433,0.18470398770420587,-0.03422127610731658,0.05411507494145798
3.210000000000001,0.3601861574333178,0.5598531832999661,0.793360058227429,0.8285624000702216,0.9479572953170781,0.9420251546348166,0.9715616995314907,1.101385974446828,1.2528716880518516,1.2423996998321118,1.3838712698435471,1.565917853752591,1.3893816198276496,1.3414660570608454,1.3518089894524794,1.4230162898346823,1.4082271752245312,1.3266017632060114,1.4719364233436623,1.3552612144495466,1.2747522937505513,1.1528468146863982,1.2484117479428691,1.1252931962828245,0.9942241582772435,0.8538877047297454,0.5862122755944597,0.48698878087759717,0.25657172571693615,0.20337141706401343,-0.10075757560554555,0.08896017239001555
3.2200000000000006,0.23911532325913057,0.41051164912336036,0.6964446152034489,0.8846981437058475,0.9634731803104338,1.039477862002185,1.107008502124978,1.1599099227847847,1.3923205627885542,1.3274487540397686,1.3703433109304153,1.549613433608244,1.4445241193668696,1.3889082559291137,1.3565311692981454,1.4596634693293158,1.3920014892254111,1.3551886172128482,1.401080706138164,1.29016437591508,1.2989575208034079,1.1007895985034712,1.144241434808594,1.084709166197483,0.8931233520301148,0.7852834002634856,0.7798179485600867,0.5728733074826284,0.3840197477399163,0.13992319270094652,-0.12495110080013984,0.02293276646629894
3.2300000000000004,0.2740922224472314,0.44592318876670906,0.7859462046154603,0.8290800521439436,0.8953877717970704,0.97905777067113,1.1140617462863318,1.1866327048345067,1.3944085730623608,1.2600999843985923,1.350782324592533,1.4847964090379524,1.426249517358589,1.4318424837481079,1.4236576153977347,1.4060870567908186,1.409141451856893,1.3746284918198854,1.5365150951442612,1.3030531560795615,1.2732065118781035,1.1186501262447501,1.1719557127950688,1.1507318671445108,0.9860279019132722,0.8916756345384728,0.72826055695162,0.5508441509534404,0.315931976041193,0.19607840485494224,-0.09475855103696555,0.015149814784732207
3.24,0.27184755366113744,0.4275410075681608,0.5945540206829543,0.8763991733818908,1.0876816546512638,1.0867060225168363,1.121749007002829,1.154853322436289,1.2323081500829398,1.2881179543086263,1.4262198767143577,1.5717167515025823,1.4091650409576466,1.3979182456989245,1.3481791065889377,1.3653306074277851,1.4930548677341644,1.3632569423612515,1.5017318363490482,1.329358967768555,1.383497233988649,1.044972322999005,1.1270629224801,1.0541569988337725,1.1208076205665076,0.8588591098576509,0.758744046609787,0.5703988343390455,0.3242371943020085,0.262412782052857,0.028064658697765713,0.11131694391891883
3.25,0.3236227062347397,0.5456691280733905,0.7177054564684472,0.805787767818658,0.862888831833828,0.9064077488704677,1.26753096105164,1.2170242906396482,1.3338911255580876,1.3013269152265847,1.3818064906157232,1.5840985561408123,1.3367445150606683,1.4332271040589746,1.4354136408725187,1.505597788690721,1.4690684340589908,1.421181385845186,1.5178333419926568,1.2915915734135275,1.3273162172086497,1.1539148265067267,1.2112209651647552,1.1636402808818662,1.0639592687338553,0.9073792406314034,0.7254415453544086,0.6148578001448545,0.39604804779295955,0.2237145665720691,-0.07261614165637023,0.10885007673301819
3.26,0.2850571002197842,0.48477025495929715,0.8457475671727939,0.7883403563869821,0.9433045954387741,0.9579713652704782,1.1736467882258448,1.1976572215033192,1.3850690527233138,1.224989658280217,1.2984048188210442,1.602611522815617,1.35228651606483,1.3241908844473456,1.3456477179832358,1.4351919204517083,1.4399114954299608,1.436840446623472,1.4236511572081987,1.3635971966577785,1.2874094407325896,1.1639394620531602,1.229518129507449,1.0778414804273864,0.9847240220448135,0.8137842459722648,0.7413759519844749,0.5656731058272795,0.2443300191839765,0.12169452036583431,-0.019399238005093036,0.07615438116893565
3.2699999999999996,0.3130995715853971,0.5272115091525139,0.8287488635572,0.7550208622125198,0.9132853209441353,0.9288219578231447,1.0954905516648688,1.2728338104664312,1.3467309242473728,1.305060957617271,1.2473364035265324,1.5006307772898522,1.439739912722903,1.3955564698517149,1.3425723334759465,1.4083366660621892,1.3629902363910327,1.248325018047832,1.4747166099566964,1.2915529235651264,1.3996992195745335,1.1150095687523085,1.1608294316087435,1.0974127110810066,0.8318923298410748,0.8857141772917138,0.7299145607720805,0.4992365368328913,0.2721537018594735,0.26064857458734303,-0.019145614531355753,0.0892840942621786
3.2799999999999994,0.4448500868997207,0.6266225420297714,0.8338758180008141,0.8218510721207,0.8489745251846466,0.8875654028026111,1.1487852692679306,1.1689459377200595,1.316862066511913,1.2722058227677493,1.294487346599163,1.571602473823528,1.4408747609296044,1.3708388309860988,1.4688313195581073,1.4429471690115858,1.3948771916627623,1.367960553864058,1.5036754227499527,1.2998028116821323,1.3283175871337378,1.0476374060550588,1.1204660299318043,1.0970565063636444,0.8466001717415609,0.7353981662565813,0.7518440451964552,0.5751859448434898,0.3563794796245825,0.19585794892846614,-0.058454138587434125,0.07622659108236851
3.290000000000001,0.42693460089135193,0.5874244109504045,0.70652070220816,0.8667836432049653,0.9073100303217658,0.9823551341705382,1.2414012976735271,1.3193491923766787,1.314991861768402,1.241444115114661,1.3644911180818464,1.5084634231087524,1.328391719874598,1.342519945573862,1.3857299663250704,1.435594787304954,1.3357052111112537,1.3523138361793896,1.5154319354703674,1.390130257143911,1.3502885237726763,1.3153976850606337,1.187119727659345,1.05762320799343,0.9452971844574876,0.8331485742200249,0.7205814729316776,0.6277654503586988,0.27915906490053666,0.19069274909187142,-0.021469229258263306,0.02398004423456643
3.3000000000000007,0.4144863735749824,0.541262611461288,0.7418206691129825,0.8436812554297709,1.0159227475572967,0.9459095168729171,1.1911448102527624,1.166354549460792,1.3701165046515422,1.2517450584752998,1.3826359355417133,1.4458811985793858,1.2842677425511144,1.3708342530914295,1.4074466567588055,1.5240025077371528,1.4307341518440986,1.387124557197782,1.4764573242437042,1.3123934323780904,1.3287528124728063,1.090293247347734,1.1500145629874894,1.1196643774257993,1.1005093048600232,0.8423028227071219,0.7648030211171193,0.5089919222720259,0.28800859652637406,0.2611016359668784,-0.03746776190951917,0.06692015932644049
3.3100000000000005,0.40370728879377465,0.5974328014715385,0.7690271852791271,0.7867030400999866,0.8991100624875582,0.9398623892141718,1.147675508973808,1.1929844868549677,1.2823294387514137,1.2699942384108147,1.3000815645149284,1.4514578059018164,1.2646001434626717,1.2985625386061996,1.405001873411031,1.3869867983664217,1.3958998903390338,1.2961132204050452,1.5055589251509243,1.4444858406273378,1.2527697110536695,1.1556257556222602,1.2211764653490031,1.0181874835634661,0.8323968911829245,0.843389240656645,0.6795070143638671,0.5335818429614436,0.31159020409071964,0.14983590753064369,-0.01734572436648726,0.004871984800517315
3.3200000000000003,0.32219040759630385,0.5202478120326858,0.6799485770431865,0.8632955036144275,1.0001033247965496,1.0578901000780534,1.2464332593624774,1.1828197074335913,1.2622516598155706,1.2264538023204428,1.3402005401000001,1.4924815941112548,1.3495533106580382,1.335174761738264,1.3323235364947594,1.3199854283521304,1.447886753643989,1.3028129547248954,1.5309641458633634,1.4738452880355162,1.3284878960294488,1.1099487931877245,1.2294729249403094,1.163628930929751,0.8975633128487626,0.7559380010416448,0.6863985517481441,0.6035877849705595,0.31368070303202245,0.17128082801272104,-0.1125880623057246,0.040674915841925285
3.33,0.3141093777469541,0.5076662551562985,0.7937982160661123,0.8450746124780226,0.9612315038035261,0.9555134492056959,1.2261808543927557,1.0842746690717104,1.430857385627393,1.3277816195466525,1.3657907793649475,1.5020328325720003,1.3799116664257913,1.23317083922342,1.4175965346670636,1.493658599109104,1.4216295191764938,1.287446666311109,1.4012247450496231,1.3808924827500961,1.3176246081691523,1.1189090780461,1.1097456887961907,1.057124596166111,0.96102525786962,0.8532405032277305,0.6950877900323933,0.5859971185804951,0.35749107143075476,0.12384169718484686,-0.17440099183185964,-0.1550138064634186
3.34,0.4550646191951457,0.5085631717259003,0.740926638466638,0.8938466603900779,1.0045014126584029,0.9241761993189952,1.1418164603913277,1.2006368410094501,1.318359249118153,1.1620220512989912,1.3796697341646809,1.4543033169335642,1.3386757236163935,1.3311861341404065,1.4373921718254041,1.3956993959058928,1.4071892201068066,1.4222215142926016,1.4767192041230224,1.4375324279392314,1.3404029250315816,1.1328160252117367,1.14706083225481,1.0844466767973207,0.9574830165330507,0.8452236948617795,0.7028820688565262,0.5324437482910039,0.25619195183755294,0.1406687063558731,-0.003948599725999693,0.047324441089675984
3.3499999999999996,0.32381978342628415,0.6265393785306483,0.7477118613542095,0.8237197374517541,1.0581342109437035,1.0047754339343473,1.1673100528522715,1.152922424240745,1.3791524147981513,1.2738590840521293,1.3327269411767206,1.3623002471727943,1.299283070211135,1.2893889084173553,1.3749540096109278,1.4535467819824053,1.4633777117672433,1.4079853016498531,1.5157443427122625,1.3444875097305544,1.3151840048646974,1.138568224744269,1.1762603778029082,1.131036838406715,0.8319491425156501,0.8819500890601125,0.8319054062993467,0.620717775676354,0.24951587643899617,0.164704789382668,-0.006695830530572697,0.10801125583655506
3.3599999999999994,0.38803436718983075,0.5803915107147533,0.6237199231001543,0.8198049659621228,0.9382976333440961,0.8408180910874563,1.1833995917931623,1.1134671810722985,1.2290918725578344,1.2409955602490819,1.315706616299132,1.4967905995560897,1.417442448247032,1.187386825904103,1.363907095172314,1.4595625482472414,1.3711595396924898,1.265002914737713,1.3644125365118145,1.3201819041558507,1.3517451097687978,1.2291158008790755,1.1337853120974124,1.0943951716622768,0.9401473355273089,0.903556113571107,0.6981376142800821,0.6397868956491455,0.3231215105541783,0.292158838861594,0.013159915907131933,0.005353698712833782
3.369999999999999,0.357384215780329,0.6155940547853471,0.8364740792506812,0.8428575506247258,0.9787386958012974,0.8796479814975952,1.1545816669698814,1.200674090879092,1.306229066675103,1.2314986337431895,1.3817760390597986,1.467173456982029,1.2235161524928566,1.287760821965147,1.3873878322368434,1.3814104963063425,1.3960508449352451,1.275551724891573,1.4675954403224631,1.4012382473864908,1.2682944942944498,1.2369321129025341,1.2715158115906917,1.0994638351702328,0.8953139152258385,0.7799705570107336,0.6499964907229718,0.5739795838995546,0.304762997088588,0.21300048283191425,-0.029660634353150354,0.10207754828878592
3.380000000000001,0.2436564439810154,0.453418829105599,0.7907517402438934,0.8945239405386636,0.8992523064454545,0.9027256923384761,1.1619191957005353,1.125424848194701,1.2146250847155964,1.2642806688381785,1.4147631935242757,1.4541673195366596,1.3323704521214244,1.3188166628775804,1.4405767462420351,1.4358615466343412,1.433858297060756,1.401390201485031,1.5574084311269367,1.427588789633593,1.3311251869423448,1.1496596984393201,1.2605415359906131,1.1137905575207432,0.9629431827169777,0.7719448981817709,0.6890877506924651,0.4680295000195917,0.2815498036280268,0.07130884701626969,-0.09239668982887753,-0.011073944343996379
3.3900000000000006,0.3554455929245512,0.5397181514189255,0.7643217664717171,0.8799521969276907,0.9633682447438018,0.9545316557026136,1.1229092899838424,1.1384849143891373,1.3181588682963286,1.223424571504446,1.266047073381354,1.3299347888669926,1.3300814483205763,1.2566360207056804,1.4412531999573066,1.5025632187431213,1.465130017128201,1.392738793042384,1.4071016977205422,1.3618034188014876,1.2636117793807844,1.0465025744241814,1.0445601333765504,1.0155410263968618,0.9021669184410367,0.9708546843942708,0.7160215002092513,0.6334085360948377,0.2388312415917953,0.1684650511810562,0.06536188942148759,0.11125678277793388
3.4000000000000004,0.2863145984877115,0.524431597530751,0.7847880704498174,0.8634044222923536,0.8505615353839923,0.8117418623446726,1.089194389699917,1.0825569751107178,1.2171937144823257,1.2205549063650012,1.3028462248100847,1.40532818468838,1.4281994906805502,1.3309115238260079,1.4554501565135542,1.5123301072936879,1.4752110527226607,1.3640930762500716,1.4903086759416821,1.4167363277789005,1.3382269406444185,1.2056123212930911,1.072950740855062,0.9473355645425047,0.899235800365711,0.8635763971099074,0.7767846874008735,0.5721410508064333,0.22277157355822746,0.20741384514603498,-0.06966495885626041,-0.04141209030186755
3.41,0.32928440002916165,0.5767013263871116,0.6901326269047446,0.8911419963535729,0.8848358064507743,0.8534860553524276,1.1569005585747236,1.137156740094165,1.316212453390477,1.2584544861330458,1.3951957896637182,1.40993180833521,1.2771756841085724,1.3640968157708375,1.4254400601400914,1.4936686373662436,1.5100021789342752,1.4945265809129684,1.5316235973375996,1.4701504620559165,1.2597887374462666,1.1661774537822325,1.085540006920724,0.9869841638930096,0.9691486417188732,0.8565077752130916,0.7656888496757811,0.5129704355169363,0.2801024330574005,0.10209954579920678,-0.09463651490693262,0.04524803774841369
3.42,0.3580430844041143,0.5431275753162011,0.7557788538580414,0.7464594295960593,0.9838788755551413,0.9684019900424949,1.1691092433241905,1.0654981664132888,1.3860373849942516,1.26454235565355,1.3761498863268085,1.407559911575015,1.4209340513963387,1.3812851388083855,1.4698711231474695,1.5117346051692402,1.438102953005344,1.3583718444770314,1.5091545564486868,1.3774336016349338,1.3233400477305421,1.0795554064225614,1.1327969600227021,1.0334127403568505,0.8937189482059139,0.9910382718696983,0.83417979870873,0.633289573217092,0.27688317334894463,0.15117796183905527,-0.12343347226376249,0.006470144454786074
3.4299999999999997,0.3216783811113529,0.5610613009644213,0.6186060926295903,0.8051726198311726,0.9614329314896065,0.8897754213177055,1.0994811699620413,1.0930203373711003,1.2536842089284561,1.4525456839101785,1.450495839673355,1.4271244377115282,1.3877598571283194,1.33152875539147,1.4558257543102566,1.6272959757318672,1.5926627857871647,1.4479928699668287,1.4836698488333653,1.4381098583342466,1.3089724525165713,1.2482823363607232,1.2168431024019188,1.1236127243619278,0.8666740525603069,0.8426879836507257,0.8222871383775334,0.5864603613479139,0.333733312706971,0.17662845629612947,0.0331393597603142,-0.0036225103796674943
3.4399999999999995,0.40480936412657026,0.5921662503841055,0.7175766068143943,0.8164505677728595,0.9329424803351897,0.8060378263779939,1.1631569244673763,1.0831082276957709,1.2874029489022503,1.2454555729155639,1.3583744081918792,1.2394131473560628,1.3147883202525583,1.280593395458553,1.4772846584646424,1.562504825483887,1.5043166480667107,1.5353632347789736,1.5025847228145668,1.3925541491074724,1.281138649802721,1.1816792403617342,1.2116879966889336,1.1238547990223882,0.8760224896562548,0.9893774157422988,0.6911794968217346,0.7345732078890529,0.3885695324700505,0.19602852891269923,-0.056881930818973823,0.09578950577503949
3.4499999999999993,0.3193522718007581,0.569053398534567,0.7018497324041342,0.8563811185534914,0.9006046579843918,0.942980498577783,1.2363177947206907,1.057316555153569,1.2396064354169798,1.3326508406538213,1.3944055596437401,1.3556333271393046,1.5009036908716706,1.3681494127899492,1.4530344508769775,1.6097530568798724,1.579155354783538,1.4795170950366878,1.5005204686290814,1.575466500056679,1.2222674529770223,1.2056908055734248,1.0533881352149657,0.9948816032594148,0.8995761082978105,0.9269847910432987,0.6722149870173972,0.6083495474959512,0.2533386572520973,0.12436395589488952,-0.017315460620399,0.0389703031137505
3.460000000000001,0.2892542401756751,0.5524791848932835,0.7322238029388614,0.8587015533080411,1.0513046328216957,0.9950802898563492,1.0851509388520444,1.033759388506754,1.364069766183794,1.2323830787355168,1.3999470625025712,1.383045585584073,1.2392911081286537,1.2542290581516513,1.4175253797271192,1.5686930329799127,1.5009387144583366,1.4829393872331162,1.4920053504079762,1.4439089729967982,1.3390907785717192,1.213992983725196,1.1346633969749618,0.9937399828750575,0.8223016854038956,0.8063371481327207,0.6408989501797407,0.4855036611527637,0.1585514512716232,0.08714309504842002,0.04521267142053218,-0.00577001700860446
3.4700000000000006,0.3650315988205521,0.5775712884234229,0.7224179301303013,0.8094738090927893,0.9344927201570962,0.8780748178386703,1.1830803493594215,1.053252410173272,1.2538032746860845,1.3187488567051961,1.5171041670167,1.3874157715543136,1.3380918374862323,1.3423762580706347,1.5503310904050667,1.5817107770116545,1.4548698308995327,1.3552539419820162,1.5125350298469413,1.5461608411547336,1.3250622872824827,1.2001757878339043,1.16626817406396,1.0474118042569631,0.9685903773312781,0.8297413485058052,0.72844407861651,0.595723152598966,0.25367850934167785,0.19561093446635064,-0.034355351450773855,0.07247318499838995
3.4800000000000004,0.29150733916117466,0.5151073304320051,0.668794840646694,0.8217071208103294,0.9632121239235362,1.0224943571644847,1.087206488204221,0.9948586122949055,1.2104691077717644,1.3737885577909832,1.4813863277767951,1.34289952732645,1.5039958981019264,1.4422873349695677,1.4830108065807626,1.6490532508835396,1.4865165184535623,1.456768662271872,1.4841033047026149,1.4579377963301476,1.2964402957467993,1.1989387237496105,1.063980214484434,1.0780298216107957,0.9127912812590251,0.9183245669324949,0.7548086811139394,0.5115458317391574,0.34400817111789334,0.14673479228500974,-0.0959601598699354,-0.16169031440008408
3.49,0.34267244548290665,0.5430279046626361,0.6785022399794606,0.7989475163480059,0.9635941931738204,0.95175093560688,1.2309535326621628,1.19520939275163,1.4024930584691349,1.328939962326596,1.3801889467309065,1.2639024754957133,1.3352659274935812,1.2974760577902698,1.5571168916253388,1.5945426233600946,1.5716537181225765,1.520381332138718,1.458971294063338,1.425716119637635,1.2839946488609513,1.246568025675757,1.1437990563374936,0.9625854439892899,0.8712430967764218,0.8663779335169909,0.6259858705444963,0.45723786745462824,0.24376860376229323,0.1771291499069515,-0.009768193337562755,0.019322113179581678
3.5,0.3136294302634779,0.6428995469843277,0.7723210351544413,0.8017785061483479,0.9813430492560425,0.9538348187703962,1.1115312703660314,1.033498037095932,1.2323645064402518,1.2854590374049149,1.534068456615209,1.3945328227428335,1.424750961672706,1.4238576935517033,1.4646064211812564,1.632690467207754,1.5966014888369555,1.4995099051496568,1.5024143734338813,1.49336574364714,1.2454865179837686,1.2041528419178353,1.1280084199255116,1.0492981851179581,0.8797830067925253,0.8758469375913969,0.7209838474321195,0.5622382479144198,0.3677908531750989,0.1356752579044258,0.028105969405018923,-0.07024552231690098
3.51,0.35316504071961385,0.5295807838332726,0.7041613346587714,0.7818652834640517,0.9394098767623096,0.9187949612790125,1.0572916777742856,0.9889851102141513,1.3245630923069915,1.3190072133598327,1.472010736005029,1.3790497647466793,1.289339716238952,1.4124506048578327,1.5985174667563669,1.6724791773098846,1.587857105929546,1.487576080790597,1.4738236653660735,1.5444608663546464,1.2175895161370802,1.2061609382899374,1.0777302137813818,1.0293400867554932,0.9384627108494321,0.8426923965922599,0.628675378596748,0.5570148655237347,0.22836359643426163,0.1974273845831792,-0.013616381189119748,0.0003751284189253759
3.5199999999999996,0.3131163627721442,0.6195404610914282,0.6497240936627495,0.9081759763514878,0.8385600093217707,0.8926873679822387,1.2395628440418394,1.043580383399181,1.262707353156877,1.3480678381408608,1.3523532768689617,1.3028738039983598,1.4045157800042845,1.4169107512103012,1.6079020521257823,1.6918951109296718,1.6040750684834892,1.4904096973417358,1.4236274077930093,1.5943042210822695,1.2289107565576673,1.2681682543234953,1.1594306830896448,0.9271075340404101,0.8846757223710917,0.9374289672045528,0.6267622026792884,0.5554178445101714,0.3091809828233282,0.2345644978030523,0.029957442900077368,-0.06339866469152237
3.5299999999999994,0.3189508763077778,0.502955978255738,0.7111088473305818,0.7913284276096237,0.9139682135179481,0.9667373480715085,1.1110724549341329,1.1390790104266169,1.2456593350590395,1.372274077404207,1.4608508211453335,1.3632715119479406,1.3277667438644567,1.3114808909360771,1.4875980401039925,1.6391157278987836,1.4925459635674918,1.3591766936710556,1.4932850892162493,1.4664204523458064,1.3003819692887322,1.3258305783223607,1.0854565612478841,0.990520214063811,0.891918443165481,0.9746593055978336,0.7686751316640897,0.6666988934678868,0.2765477752107151,0.10607657317361616,-0.02689850873844931,0.09203691896236094
3.540000000000001,0.3376236564411822,0.5402968796466243,0.7367411237703083,0.8278632674980634,0.8989441052864265,0.9904489812577534,1.1798125511121749,1.198603856280911,1.3566318142629368,1.4455476917254662,1.5414510574919311,1.4342579509167785,1.3402263948124378,1.360468418569681,1.5673793191375291,1.726229757140055,1.677165893598945,1.5563647874432378,1.4868764903574907,1.4208170774114313,1.2455289171629729,1.2355761663252816,1.1662746502970858,0.9943341827547485,0.8469510271350885,0.9138457256917744,0.6801184844076475,0.6026094184325478,0.2180785668436855,0.017282538072961328,-0.016873638333305085,-0.07641924939064704
3.5500000000000007,0.39522297874281853,0.6468489056859403,0.6994901200825495,0.8239242906823598,0.8681127847432591,1.0126476984428026,1.1008922598385875,1.0290535470830156,1.2905315148583207,1.3007920316374924,1.45470310556337,1.3326331954902984,1.4621046745507313,1.3895574310325356,1.6484884725530227,1.6794332381803592,1.630484033709385,1.5639961618209557,1.4992035618660522,1.4641114472547598,1.3114915660090496,1.2809152184776302,1.0705149820152497,1.0226473903082547,0.8769870217940648,0.9301416749537995,0.7096000712933718,0.62486426944021,0.3346532785265622,0.25289893262636215,-0.07797681485614927,0.025154362584595875
3.5600000000000005,0.31509204432202487,0.5643811967431583,0.7595215240910776,0.8203667766879994,0.9591664073478712,1.0434182387578435,1.2298890222140157,1.1513387146065912,1.3735693228086499,1.3737806374125912,1.4614700762409596,1.3611397854458689,1.4049814288283746,1.3993623024556632,1.6189434082337932,1.634242773653011,1.6081449181409266,1.544495548940027,1.509896423145665,1.5227152127640171,1.3528242562848374,1.3230696139511782,1.1228222959261105,1.0382287161906958,0.8861402253210424,0.9294518350999765,0.7009434098493351,0.495510589421702,0.311942207985385,0.11181487586010236,-0.08214061853322847,-0.07328117603978176
3.5700000000000003,0.31523245968641955,0.4888561497668384,0.7150818849372382,0.8922565894700376,0.9845800420162941,1.0452317757435026,1.1739192502990972,1.1465948537833897,1.333593324385093,1.4673507768628917,1.5439500193248208,1.3268542042869218,1.391987606286966,1.4914047246599444,1.6707118685062348,1.6159028012956502,1.5900511020135502,1.456101277967436,1.448448679019593,1.4153594189950127,1.1934828593849023,1.2345369180385852,1.134088074067206,0.9589812977372729,0.8529813049175087,0.8482357016156747,0.6181855625058839,0.4689882796353788,0.2841450281853648,0.21440774363886295,-0.047907966056410525,-0.05966796288074695
3.58,0.37742729413751325,0.5679372971770945,0.6241877943937403,0.7617968837381006,0.8560209882695354,1.0643889212718558,1.1897188625450297,1.200287146765782,1.3132689655564855,1.4742431432088898,1.5228377458976368,1.3935056077257726,1.3731042002780236,1.479822038510132,1.6554453572794068,1.6135702712158615,1.6465149538065895,1.5654680063959812,1.4042766853996977,1.4988159628024715,1.2670648653823986,1.2683521318947872,1.0891628370849116,0.9436752358496521,0.9050667034162545,0.856120280430256,0.6376645150383183,0.5556422509110347,0.17123501605942232,0.10901403029502071,-0.001915415290560489,-0.022263639171607716
3.59,0.4154298008481211,0.5570383012479551,0.6943008890313402,0.7821056403971997,0.9701731388530663,1.0344427044164433,1.0857667388126682,1.1676212599400628,1.3693106022310422,1.351907315981123,1.4394853947184967,1.3324508450046308,1.5539707821719986,1.4960115847993227,1.660113609315625,1.704260640247117,1.6190947987345463,1.495271873939302,1.2718176641060848,1.4077857612281095,1.2625658822729862,1.3809760146421381,1.0134180938402904,0.9104148421946633,0.7888177475135538,0.8165552427517959,0.6901494940570225,0.5555871027085567,0.29690691913696465,0.11231936798813064,-0.007520473440227506,-0.034752157504460285
3.5999999999999996,0.4298664327249307,0.5839335532441313,0.6358488872971719,0.7297005241588868,0.9649576624682032,1.0523699659798016,1.1245807487522497,1.1506966624136679,1.3265174020581036,1.4309786814177539,1.494090517571935,1.3658175890487183,1.5252259728189739,1.559692237548132,1.747892606385011,1.7429358698055544,1.64704836239393,1.5183390859931427,1.3905160296715486,1.4982394797802296,1.2273640865964324,1.27296753960527,1.0770463926071225,0.9288884576228643,0.8132120245686717,0.8583303352187941,0.6544467036166401,0.4878345307340168,0.16972778872967723,0.020134798010543437,-0.04811298952357513,0.08430110390098522
3.6099999999999994,0.2975293720486715,0.567660475413478,0.7090858365414751,0.8865659767266634,1.037996876480182,1.009457953498747,1.0795150291005895,1.1534734487624054,1.312638094291258,1.5160558676795621,1.5064521572839606,1.3991955168974313,1.4927633080452187,1.5079123229548799,1.638605338263575,1.7070912026969183,1.634196842318652,1.5670214922606092,1.3634592896751438,1.4896515510528696,1.1436656585414235,1.1835488884817524,1.1772269881397823,0.9406005545718653,0.6972536008547802,0.7540413240315698,0.5828983776440145,0.5008136244355994,0.16590804536927023,0.10926718576373724,-0.05029799137243543,-0.060915028443726975
3.619999999999999,0.48899297987493845,0.6508114128293757,0.6574014841997364,0.7635998979628303,0.9488654080651794,1.0061839134297867,1.1338048094600963,1.144323717348316,1.3105450434197516,1.420136383827948,1.5614474345056384,1.390225521476621,1.458653289992409,1.4752151122596242,1.605441081703004,1.5710576254875557,1.6435719377513343,1.633400843017373,1.3745420131054118,1.445353806211938,1.3097375380755858,1.3104681497306678,0.9257263475127753,0.8939143296654491,0.8212420864515182,0.8971844003936245,0.6171707333896891,0.5907675295061198,0.3210958110853137,-0.0007269107871854651,-0.03230050956893086,0.05980840237829364
3.630000000000001,0.3945081993325578,0.6363905614758272,0.7102217112435172,0.9173992839613703,0.9860479710078174,0.9695076996743175,1.199779081294519,1.169678591924001,1.3555393506714746,1.4603826086328238,1.4573609448515308,1.315891319237216,1.5368922458087977,1.5650284436875037,1.7346736274791492,1.689690026197517,1.585299604215581,1.493224998035679,1.3477083000333046,1.3763709970796165,1.1660742094106642,1.2385812372816682,1.008170050351115,0.965638215699041,0.8692575412413943,0.8616053697119712,0.7176523934177621,0.5650618685922008,0.3083220484192471,0.12115628322344095,0.03322854634794434,-0.06815423617697708
3.6400000000000006,0.2751063892273382,0.6059336784616773,0.7139867366328533,0.8215077517416942,0.9813569164886189,1.0006006531787206,1.129330857339855,1.1768747263102912,1.2996642845776367,1.4207952438707614,1.4463174861781152,1.296605576080753,1.4170404135334955,1.495038281696931,1.6172607743257839,1.6444442947183529,1.6409467464850191,1.5661404562290302,1.4534889313713522,1.5303296731000615,1.2975055175149406,1.2838289905611338,1.0617354413957152,0.9455627685337498,0.8637355184302213,0.7895121905275785,0.5935347542536662,0.5487376624480174,0.27263224125987556,0.1267392756634284,-0.034953311553820005,-0.12017298176919348
3.6500000000000004,0.3738052304020617,0.5308342910771151,0.677085281943422,0.801671285386568,0.980860932990775,1.060308678671921,1.2149326558040217,1.296101851507246,1.3519101882094864,1.5239164766731446,1.5678701559671158,1.3740200183821591,1.4328020210499326,1.59204897369986,1.7139937432674137,1.7681927648517302,1.65905308732086,1.531340861564695,1.4197166191338473,1.4574255724493814,1.2431158211457958,1.2891923208321265,1.0363604419185668,0.9447668083402898,0.7690539520868637,0.7317893443868418,0.6048933359545826,0.4721253187708124,0.28968194504087125,0.09965926570611013,0.08085047235639722,0.09412947701714791
3.66,0.38296943993949184,0.4268107298332922,0.5957249681257633,0.8321854164013055,0.9960631662697318,1.0460620696519045,1.1241061415795144,1.2094015595727674,1.336518938652,1.4888969146439208,1.5946346931860833,1.3743667573839788,1.594512115979425,1.4711367377867604,1.531479998511527,1.5872611197035533,1.55051187480921,1.5668479939743594,1.2672239256001714,1.302745743254098,1.0905539278347547,1.3135240417502123,1.0598133311298106,0.982503798873569,0.7895411612560462,0.8274087350991479,0.5912608788770702,0.46125983363049977,0.17936562960180585,0.1665224323080703,-0.08243188162039398,-0.03412000397392544
3.67,0.37957286165359977,0.5332517798379469,0.6665769974352233,0.8888809702677618,0.9337042956451012,1.1198200020756788,1.1644264679038545,1.1677209197305052,1.3958633480154237,1.477286797236984,1.5859322988428137,1.3940698397241318,1.4991096520287353,1.68301635323476,1.6833917321874117,1.5846900803755333,1.6457478346467895,1.5422744650088311,1.3186332933789322,1.4380850406853074,1.2766743669024065,1.199874620472275,1.0597956332094414,0.9401858931444939,0.8201788111510979,0.8515936668996319,0.6310246698641331,0.5723523465662655,0.2699255631518635,0.051324025762480206,-0.0861397605168732,-0.11960330009216279
3.6799999999999997,0.3725085750851706,0.6103540280058132,0.6840624994084226,0.8043108889576605,0.9361435297328429,1.0868435508473253,1.1487282641701133,1.1432822740571305,1.2479514329083983,1.478370965438988,1.5389633483774396,1.3909123209509549,1.4887434485636868,1.6245545130772134,1.621104947549329,1.5856829416728964,1.567826579623903,1.5117117432791924,1.3912592603589988,1.331864226198544,1.2072211785687268,1.3105754084139813,1.0766417401981023,0.848568107252766,0.7994161779508536,0.8086193053341477,0.6480989700768213,0.47504091481745414,0.20644633014418826,0.06723092367731229,-0.05674534307032403,-0.03116778692953072
3.6899999999999995,0.3752727225423271,0.5371666027863133,0.695349957744596,0.894751109255496,0.9114502594459155,1.134467655762726,1.1960725343524752,1.2049563427530225,1.2340860147166475,1.4419372066601004,1.4663003638449987,1.4479531547385927,1.6113356544516704,1.5932779829471915,1.5930065079710078,1.501113473029628,1.5694100942842222,1.4925936948265255,1.3101357948531627,1.3748806351814993,1.2351583742664816,1.256683793120972,0.9909408787941857,0.8427911078484454,0.7683558363141114,0.8207432029311825,0.5637971250605021,0.45816882122916425,0.26818846510830846,0.14942590119171706,-0.06303903547337367,-0.07846313814916113
3.6999999999999993,0.40266663380348183,0.5325710807656898,0.6499570049152242,0.8184570184841753,0.9283010033339205,1.0556175696958254,1.2742055052324177,1.2234516288754045,1.306400700352516,1.5602637566772157,1.5091829165233803,1.3588697335764226,1.506452590651598,1.5892232935535124,1.6097230301146261,1.6852576129950942,1.6504276066218881,1.4805466149690403,1.2440281411320482,1.3504922698145578,1.2776181284354076,1.2926823913083851,1.0387455715498497,0.9822716327351698,0.8835817703633808,0.8612632111858332,0.6397043188425248,0.4803120163521032,0.2789069651885465,0.01848403636480324,-0.03556275180926205,-0.06320470200639569
3.710000000000001,0.3754084427376694,0.597003974402136,0.9174090386734114,0.9131114413779814,0.908212181044893,1.1006291844573652,1.2984242778651847,1.262663920647888,1.1800289192268882,1.477843245725548,1.5276215598181995,1.395448513575679,1.5773739285902968,1.5998103013774285,1.6505580393872568,1.6780186391599894,1.574582050168032,1.4499483805783653,1.2963990581426674,1.4070076869672405,1.2823121689292634,1.3356786591513317,0.9864773935053107,0.8768827045983277,0.7872709190629975,0.7772097951448199,0.6197713084765257,0.4399808283039062,0.30945729979600517,0.17454943487568783,-0.04897094938173681,-0.015594171140383611
3.7200000000000006,0.40468088199451613,0.5897362152237817,0.6848370768727454,0.8248152836370196,1.0982543018884727,1.158616219670839,1.208965935099132,1.2442468860461737,1.3630309554647793,1.605689249377124,1.5482006728977853,1.2747956116347434,1.47010644777878,1.6174418002045883,1.6909384206470883,1.6765374175589327,1.544830696552271,1.5678400834969233,1.3275522859376268,1.34149650356031,1.1299059901128146,1.2044857713006836,0.9337227284163249,0.8965707342370238,0.7963628719429321,0.7355847308715123,0.6005428646719374,0.47986610489833853,0.3150222552144699,0.0984090092678524,0.07648128502098522,0.024891990856083592
3.7300000000000004,0.28374616147409293,0.4402351988886234,0.6100754203763233,0.8767657060918237,0.9546381300760406,1.1333250291402959,1.2321877400829888,1.152724843327339,1.2144389042020212,1.374449508724798,1.4801097989723706,1.3168173572934574,1.4189269700901892,1.6861810108371738,1.6320677496968612,1.572380684785804,1.6599926266719853,1.5114018715299191,1.3963132218131777,1.4136177880370424,1.2286011601185851,1.2591003747672578,1.0658437372744272,0.9740955801028511,0.8383843798390461,0.7248722396456404,0.6065978361598647,0.3625387877893098,0.2694619910669929,0.16570035680670966,-0.01975639423178136,-0.021093361934953272
3.74,0.2083626998091196,0.5598160609621475,0.6503686354251117,0.7831151260510715,1.00590151990674,1.1115866387730233,1.1149282754361873,1.2528446538032447,1.2238895595279398,1.485207523073587,1.6762471412895161,1.3914884070013,1.4911566280277988,1.6374124213009926,1.6592128655033929,1.589751612079978,1.4864673000018824,1.5322098954244925,1.3289239031199553,1.4246911446863173,1.1689838474153391,1.1616388454782167,0.9483467632405311,0.9194673037933928,0.8896002419402805,0.6620861115874093,0.5155800194719499,0.5163756822544769,0.31026227319959715,0.09975395549509845,-0.005095697123479391,-0.02937563545523816
3.75,0.37758505587038343,0.5304854524841485,0.6142043635469567,0.7538713892214471,0.8641674311067629,1.1249821938830253,1.1656536858493374,1.1715265448884893,1.2336180669391408,1.6355975671163803,1.593019328911194,1.4220688397508985,1.4895128499288228,1.498022048398183,1.5648896121548417,1.5404728720245369,1.6283064631559032,1.546392649721592,1.3492068663993482,1.3634657899026073,1.2517202160735417,1.1797061574935275,1.0207738091428646,0.8115774762238648,0.8013865203066247,0.7867558592409056,0.5622356747597504,0.4929670013402031,0.3638367365732845,0.05256842481202776,-0.11341223853568103,-0.07093988073863919
3.76,0.43294191272340116,0.6077187453875869,0.6871669136070166,0.8081462262415373,0.9215762237577994,1.1065431779875847,1.172388966484314,1.2063637484096688,1.2928255233627401,1.543416448469261,1.4689974449558543,1.3395100477634267,1.4118917981140109,1.625737684798208,1.6078391764335338,1.504163568700264,1.613589487312892,1.5142965999912121,1.3302114206363491,1.392596741182068,1.2277311227009031,1.2628399459706745,1.0554479829666394,0.9505936407914684,0.8146539752769026,0.6834483859241065,0.555661227668459,0.5123131793922554,0.2765394796037088,0.08706472257661635,0.039494769676904136,0.08629138278421883
3.7699999999999996,0.41381742168801644,0.6214868539895226,0.6002133646522375,0.7458264203815566,0.9427298312221335,1.1641450051982853,1.2068986790615197,1.2655886236172114,1.2283071231837763,1.4593405432331252,1.5196220699987537,1.3678214919560046,1.5633827593986,1.655469014704441,1.6127991969393516,1.5323152321389522,1.6243686036125853,1.494762890931841,1.2694585991747611,1.288026251940458,1.244773447520637,1.263798929134186,0.9137007427833013,0.8043980147172811,0.7438327521127528,0.7604312890218919,0.6014826187278843,0.4971327843764394,0.2732629848838319,0.08347317404649168,-0.023900455525289986,-0.016173282624633106
3.7799999999999994,0.29485548074152734,0.5489116194113052,0.7197752876968792,0.8310837731736826,1.0529572668075764,1.100955206443764,1.171838127269045,1.2208751634846862,1.2208946725113088,1.572101844292796,1.4791760344348668,1.310897415903547,1.5187996871131422,1.5696823527365564,1.6227857694815886,1.4957675136041149,1.5627315588969566,1.5106778920589432,1.3730288276605884,1.3221971581607737,1.1117727348833413,1.258256139684162,1.097786535800205,0.9241977606775811,0.7490152216594184,0.6877076418251243,0.5571663084757101,0.4411081364082262,0.27794549630861914,0.03143990137161024,-0.05534178229577623,-0.06848485149220034
3.790000000000001,0.48076227494966683,0.6011121702634831,0.5735850503707408,0.776967310471417,0.9197749941576241,1.1379832335142077,1.1518981952439429,1.1834935596493368,1.2045452381320403,1.445358662794897,1.4755850436381395,1.368004825793782,1.5995820602199036,1.6431820195713311,1.6943882755895385,1.6278366188408584,1.6151904039233724,1.58160526994971,1.322424533578391,1.3214552279703544,1.2158130724717509,1.1891285277078762,0.9750652532407912,0.8785550291260604,0.7477137056265151,0.8356975529438291,0.5809008011706371,0.38218109132738604,0.23663534468505093,0.07598140145022077,0.03393987331498004,-0.044171721116448875
3.8000000000000007,0.36472540910527296,0.5723749480350255,0.6163422820715045,0.8288417087811791,0.9656820551553725,1.0498211420555454,1.074579248886653,1.1904972944514978,1.2789085841147514,1.511230105751455,1.5004720150116582,1.363876760371864,1.503109482969142,1.6801748382823984,1.6400229862694968,1.6559510955057286,1.5933329566646366,1.5233312773343846,1.2630543660658917,1.3330194407831149,1.2278945897025029,1.2738682792408542,1.1029436277919922,1.0110622173455575,0.8469419624506467,0.7000766666047111,0.6581384060048381,0.45694372942171135,0.21711869392061878,0.10463307767810333,0.045286609796615786,-0.049138560500429036
3.8100000000000005,0.267189757621637,0.496339098953821,0.6430542538935007,0.7844847160162702,1.006909261229974,1.1140769850523797,1.188812662269018,1.284868440764645,1.2193897140104208,1.4458071359921072,1.379666209849754,1.269371761349585,1.4455343629983999,1.6764193607619104,1.6827486522093984,1.5762225729294068,1.5639767681641485,1.489751598589732,1.2186630846861035,1.2968238129897443,1.2906149531989486,1.327965183526109,1.006769644679909,0.8859734479237079,0.7764779503324644,0.7990997325339988,0.5928961297668831,0.3774204356317669,0.32769649068300094,0.11779941166685769,-0.02696040742217235,-0.04646512658290128
3.8200000000000003,0.3920139279554075,0.5404005904202827,0.6995343642262931,0.7354258116660582,0.8859371162162162,1.146552778077742,1.2443926668554537,1.2908237118513353,1.2453684361362507,1.4455905119346557,1.4522054060063623,1.4422836426195407,1.5428876597977212,1.5312772557753047,1.504634030578593,1.5629006096390545,1.5499440243895886,1.5453024746749557,1.354099665319896,1.3805927659072204,1.2336622320404957,1.2845055994929826,1.10426275153042,1.0245687187947723,0.7611270335383551,0.6987322738323436,0.5786675891179638,0.5306156076567611,0.29036310339873794,0.029814318558513315,0.0181186205409939,0.010335391195953551
3.83,0.369759122922135,0.5592141522042385,0.601869292126711,0.8561336489153596,0.9507345769233466,1.1042384524382094,1.1783544131183337,1.2554890973418855,1.213112914053845,1.2943812945120485,1.309799932645803,1.390020713683274,1.4878813784524505,1.65111183213555,1.681249182372898,1.5772513935856178,1.5616100751064108,1.5227939293991748,1.3297243071371232,1.3769747233438185,1.3255652848430797,1.2348941969091707,1.0751545228885566,0.893493769845723,0.7978180697469889,0.7040115558340024,0.5157696498856869,0.4933543861982122,0.2808090349090678,0.11939684311384868,0.0787283970044326,0.053042903873702064
3.84,0.43366377851738364,0.5749446185849794,0.7202364559722544,0.8586460462869864,1.0148711526464778,1.0954188238896554,1.1739095431743134,1.2165157650926786,1.150746651789464,1.3250355476481994,1.454440200114996,1.4097115559999687,1.512948336040647,1.6467821290032447,1.570928005424763,1.5253854253971166,1.3645253710198813,1.4296807775021168,1.170495846542972,1.2633395237473524,1.2719651391794162,1.2076130561877612,0.9944617078557132,0.905440964037467,0.8213522789371924,0.7439733272788084,0.5502587458390384,0.4325864822803041,0.413933387958125,0.140784927451265,-0.011391806223545835,0.01260854193516131
3.8499999999999996,0.38404417497808524,0.6117184976207659,0.6605145580871777,0.88027531636647,0.919187441961923,1.0492135531951958,1.232508385660722,1.1915449592586629,1.1191149659913133,1.3063009960759286,1.2698242693888249,1.327687392914259,1.490414497708247,1.6913863635108568,1.5868470369529368,1.529453141824372,1.6155479967455924,1.539998383766621,1.244934531785514,1.2281245053108105,1.2036088516959953,1.2129181928600619,0.9628521261072511,0.8747153436707162,0.8124596257059133,0.6755020326206669,0.6064344721657899,0.5203043716254319,0.39754439354309445,0.20796468577209587,0.07950638839038714,0.049246068731994115
3.8599999999999994,0.4861983573358147,0.5251448074144655,0.6586583872975289,0.9873453217881389,0.960020190288054,1.0404263854352527,1.133912271987329,1.2837104005844022,1.219371633405147,1.3434967542511194,1.3823854359127221,1.3928047616911758,1.5843721259714838,1.5900061259281142,1.6043691264956201,1.480878474497248,1.4728577955313988,1.5095286783719049,1.3303034370242388,1.365835311524639,1.1723288854181502,1.2078827875195655,0.963761545718103,0.9459745007198,0.8430977146601126,0.8008581317054171,0.6322307913019971,0.5345931776999078,0.2434748076002391,0.1413798719624315,0.09491605777643886,0.13214704245279307
3.869999999999999,0.357406924477659,0.49881612281752485,0.5886035765672135,0.7949447139937793,1.069013477913127,1.1120862131654636,1.2202213784011047,1.2379013953046547,1.249974732213832,1.4979804934482102,1.4820825056586313,1.360867857281934,1.5333860160890542,1.5454095232450007,1.4472062550530433,1.4283298612572886,1.4420350616136,1.5242628422188331,1.3363059212277288,1.2972768042340157,1.2339566533376933,1.1304930791428085,1.048806051409285,0.9751801363428441,0.821813117014927,0.773112765959257,0.6593444866409234,0.43351449310021384,0.2708819558907943,0.10764860774216024,0.07260553294807766,0.002285874572561318
3.880000000000001,0.35908207044711205,0.41240853867295235,0.5956846341101273,0.8250731692103854,0.9824262070975344,1.2193838804771793,1.200541039498106,1.3260607436608527,1.1891158673755458,1.4177059884859045,1.4672601258270617,1.3430887604885213,1.5146103478152666,1.6357977331436542,1.5281561594334443,1.4837512346735664,1.3295386423201523,1.4403482666999463,1.387612304891194,1.2883335648285206,1.190240808591965,1.2295042142959582,1.1080957932198146,0.9507868506926317,0.8110495297893913,0.7201355414897034,0.49835900548853584,0.4518865105504329,0.3483079188746095,0.1750470832121248,-0.006143780670277982,0.006997625485872662
3.8900000000000006,0.33280325923363285,0.569268928660941,0.5581088052122681,0.7449542157026194,0.9168087054600021,1.1475420420548217,1.1797477144465613,1.2173898880089427,1.2021862497510134,1.390343486081992,1.3975663712174304,1.4524597366299032,1.5865983413718974,1.6444031333184683,1.6017651900200613,1.4519859501367915,1.4085113322314105,1.3585922198482623,1.2821685431846046,1.300158692819675,1.2446127540717096,1.280543172164056,1.0052632336841352,0.9480821543630873,0.9178809309302071,0.7721520657813209,0.5855036258243386,0.4323891816514553,0.3501016048250399,0.18384500544309063,0.07586717191465157,-0.020068827715040684
3.9000000000000004,0.2300837666484782,0.5528993255700881,0.6159138115584843,0.9372418976186718,1.0563589236536366,1.1526496105679314,1.1552835603850005,1.3337673492157782,1.2227753425061316,1.3553048270753576,1.3050797263861975,1.3736304382591153,1.499592812868203,1.6308243603057095,1.532021237110878,1.4775360268885185,1.4071832565582056,1.396945056034355,1.2608622792754087,1.339366683899637,1.2938285638473868,1.3187977781650353,1.035315237595624,0.9313903103183047,0.8088326543124517,0.6219922602957142,0.4630194482200808,0.46091782372842255,0.3209838099836176,0.1403112973096931,0.032639531168867614,-0.08581408691101601
3.91,0.3642214571779879,0.46031771922826925,0.5883093153429483,0.8200013526897865,0.8747268075393814,1.0833862839873323,1.1244409682111791,1.2747655763807866,1.1378767442661282,1.4352451908116337,1.3680099006629398,1.4616236244556253,1.5500765787267332,1.6039571512190776,1.5348973656421339,1.5604592462305773,1.4484501750975605,1.551019199184746,1.3533876841377732,1.3242726381562224,1.335668888897704,1.2818730121306412,1.1970847200465575,1.077722569620228,0.9994073133352156,0.7217138554618974,0.573023451560701,0.3898687656385761,0.33374784532808316,0.15406908413037296,0.03139811694096835,-0.052989135731698334
3.92,0.44182207493045633,0.5955856143773542,0.7222747044332521,0.9266629362605063,0.9744868540968615,1.168518355260646,1.2342307990017785,1.2535941199327718,1.2380413724336652,1.4292189412932632,1.2935598707555056,1.4287337249849794,1.5767397056174752,1.622732582127932,1.6087117643698885,1.5295668976250607,1.3403683064930831,1.5327521016730554,1.3697004108054478,1.3616879678354943,1.2313671171812148,1.146859656338481,0.9652229575615948,0.9800535530818075,0.9027796964204443,0.7585548087455578,0.6176862313856524,0.49540626444764674,0.3249928809294601,0.18188482209559814,0.09639782277018899,0.006079649885991328
3.9299999999999997,0.3045820907099796,0.5398813385889841,0.6777795774323524,0.8293250646222744,0.9398031698314219,1.1064495806903918,1.1031002509961727,1.2555504861708127,1.1702635317929013,1.3240345626421668,1.4547964348480271,1.3464236625821946,1.5181244727429763,1.612368399045544,1.5445996470011714,1.4799960505939427,1.4208742979105338,1.4277958132780395,1.3569273572969864,1.2476076511498493,1.2261117742975765,1.2400320642077565,1.0857970764691005,0.9867772843248928,0.9558030443615714,0.786424076643177,0.6308650492659297,0.4485788430083349,0.3714818627605594,0.21415757948559194,0.039794582648763094,-0.02016733726556938
3.9399999999999995,0.3799181899737358,0.4906804113825394,0.5189590803769826,0.8541378370180852,0.9221198195485428,1.0835759751191814,1.2052702434227758,1.2499597502920863,1.2431550628704842,1.3798694572290895,1.3826655050635919,1.388165417953887,1.59360758883619,1.5878129321639916,1.4755084020584741,1.4969121082408894,1.4459665437485372,1.4925413109582926,1.4058289556576269,1.2806483701822247,1.256833234076503,1.2501412273318635,1.0409756666090244,0.9343995736916108,0.8136358948956505,0.6657840628965893,0.5775111222135239,0.46672357093881783,0.38250470059718406,0.2640204330583858,0.046446068697435845,0.050867253466568625
3.9499999999999993,0.3284999254873623,0.5102166215584792,0.6502638502301369,0.9061397014652621,0.9416134777975254,1.1395680061438644,1.1219970753398756,1.1740557748068603,1.1631991681206497,1.3515638918650408,1.3264724355514639,1.4548552765006075,1.642767508180924,1.6469901348648524,1.4909253889023866,1.4682287879694043,1.4123426375017056,1.4616265933631416,1.3415785211122406,1.2821788881716834,1.3007099515481826,1.3543682914133455,1.0567972572095061,0.9009530777557795,0.8991299655084087,0.754341738153788,0.5498242912989281,0.4088228300107397,0.38265460212303365,0.13966248113641436,0.05007534945135399,0.007620005340552571
3.960000000000001,0.39730434146295507,0.5198292229501821,0.5603511701103041,0.8200469562160309,0.9259224998588689,0.9971990597985378,1.1710715349588146,1.2026001765984375,1.0468444940016894,1.4177711731293978,1.4751903792729388,1.4324743641072726,1.528086515232016,1.6873056283983061,1.5044409466556097,1.543222181799974,1.4927773419862342,1.541727678880667,1.264294583435769,1.3487856359161425,1.3989416002212482,1.2779878599727135,1.1034471392160112,0.9804256389041466,0.8990901815030979,0.6601700209475811,0.6340511304126761,0.46853786876874637,0.3330598442644699,0.12641890755767182,0.045861189639317936,0.05187779381216233
3.9700000000000006,0.41260503603461846,0.5283431209609768,0.5837045633810428,0.8532425331170412,1.011880103133915,1.101221771631094,1.1679320978069152,1.205467598820361,1.2318262245017206,1.3276697135973237,1.3949532758656515,1.3392369670915523,1.5669512986240766,1.6125414322179958,1.450328951025237,1.4828469683422911,1.3426137585909168,1.453828124040526,1.3274130618636821,1.3898543779399761,1.2459899791581543,1.2432635552693625,1.0664685093577222,1.065341996048908,0.9057739083715746,0.7133263735706221,0.6341482374689054,0.6198077618752806,0.3819701302247782,0.13048160730861005,0.038443581889977485,0.11212291399442881
3.9800000000000004,0.4056486301979724,0.5690035808205115,0.6663338816414357,0.8502791767419052,0.973229748457265,1.1249185839567946,1.1767708721320547,1.2145544078392485,1.21445321093596,1.3126164601449628,1.370310125872017,1.3814937812763484,1.5124151426289079,1.606423708611765,1.4292168841466841,1.4331433864521683,1.374844890509544,1.5642780347850431,1.3759609051791337,1.3533847963572059,1.2207425918036499,1.202878387384155,1.1340062566467903,1.012244564068691,0.7771914260931072,0.7169054564116663,0.6074806264403337,0.5180085793921416,0.41797056358960577,0.25892528532895537,0.06878932094438012,0.02282617845782353
3.99,0.4722469338681678,0.5617786878623776,0.5382441898849443,0.7968249347147679,1.0001948322495933,1.138402920437846,1.2314764061704462,1.2368501960739728,1.1740778383588468,1.256206061135831,1.2909032406134155,1.3091829473017447,1.571246456494061,1.7046659781127518,1.4760417930005985,1.4458826732780659,1.3794240375516704,1.4719846289708554,1.3295880315116944,1.368379230518836,1.3097400689560332,1.2794933898473828,1.0724692546077441,1.0100069215548866,0.8742945112744321,0.7639047749881804,0.5728429398700551,0.42685662049167633,0.31410914467284795,0.08319681356773556,0.04781003909241715,0.04669529358831941
4.0,0.31333997079830134,0.5426886418822656,0.6226600698188335,0.8761387469486789,0.9193518953944032,1.085995195052358,1.1540236123029723,1.226801325629152,1.318191836926975,1.3894289445727783,1.3875433213046064,1.4489677221426467,1.59797232973619,1.579005483619949,1.48879592083215,1.445824145375827,1.272222929219299,1.5418608351840595,1.4344444139173662,1.4143208705143788,1.2004977331416549,1.1461332396796418,1.0156171535817284,1.0734173303360144,0.8983073795753845,0.8023866227511558,0.8103955036192202,0.5072465421883925,0.3127075698669059,0.1133838087286728,0.05778891726763934,-0.013464631848100539
4.01,0.4524371646138221,0.5925960632277256,0.6350489644832554,0.8103802233237822,0.8924862462327349,1.1448288645427556,1.2462367692694831,1.332896017801671,1.1719366710353165,1.2601035452349014,1.4159461641683233,1.4078261806767085,1.5159942297273237,1.5794530268346707,1.4620926772452905,1.3978721130062155,1.2958747048099404,1.5267939233749384,1.377839830185426,1.4343090638767908,1.2936542018526425,1.2137495536410616,1.0729065174406045,0.9998231392884664,0.7626814942527388,0.7215444066081483,0.567622484988607,0.44957445728335343,0.2601472846573253,0.1628541957024301,0.15565799680307923,0.12413790228572433
4.02,0.3322099459000362,0.5307561771824684,0.6130839314433172,0.9275270606364843,0.9873996570048456,1.1909088912305565,1.210412374787743,1.2688150284536728,1.2239661341591388,1.351968016942179,1.3421612535696517,1.4224836665529428,1.6275538354503736,1.6439622155263396,1.4536428638392378,1.5672780722260276,1.455212134241876,1.452837303183167,1.3688506807925374,1.38558668168426,1.2176211960920293,1.1819793095729227,1.055022989743113,0.9200695474611146,0.8473200794067154,0.7377000913504349,0.5296587190587283,0.393053235801561,0.4097623945133072,0.23327205341269494,0.09146456454652033,0.05305066655104062
4.029999999999999,0.36917583748679555,0.5432781867536662,0.6473378792527782,0.8173195409612133,0.8817626682911723,1.0984006254441154,1.1892315048139204,1.3563389732629487,1.2810033510838708,1.332393957628142,1.2890475496320777,1.452872306861192,1.5845519598549083,1.535135247077935,1.4480406979484952,1.5788743600532604,1.3933512438320037,1.5554789977544738,1.4127483233940115,1.3740643723745483,1.3032362063851233,1.2862699401622308,1.1133858547130857,0.9924338097201575,0.9827638970177468,0.8834298190672254,0.6348957319079997,0.46399321941652755,0.24779393167704983,0.12816372452846506,0.01821696693001998,0.09832801079555818
4.040000000000001,0.38592220417323136,0.5804281615914624,0.549813981327894,0.8277943332683182,0.9790310671552497,1.1765212410915518,1.3202086490014757,1.4445070741676602,1.2159818805421243,1.2989057738069159,1.384926689751423,1.4903239122006915,1.6362393410579328,1.6523503625428182,1.4633445040993522,1.485825489745412,1.2390738220545143,1.4457797040922884,1.1922241535732259,1.2112591395540504,1.1840927069712892,1.2173067363343866,1.0711169087870314,1.0290959805568276,0.8838411797178396,0.760777575271807,0.5010394822395394,0.5062473541380244,0.3817725230912273,0.12703062542982202,0.0005519056709150112,0.013527292261524826
4.050000000000001,0.31399112534532514,0.6400095794252473,0.6191698176047703,0.817823019859867,0.8992197846369109,1.0821924440386954,1.1943946185301892,1.268615779822814,1.2690557712396764,1.2899031326308195,1.3455717794067616,1.4834068094734454,1.5696264777851219,1.5044733339154888,1.5445680401312722,1.562064400669616,1.3045788419902336,1.4094693654796362,1.3483156488860204,1.274098984922872,1.1921353807212658,1.1656463002650232,1.093856678899109,1.023692582569884,0.9000477083636692,0.7470226824635996,0.635905050627109,0.4734890982811326,0.34480535076862306,0.17296336064351064,-0.04450846942569344,0.0032631968963796505
4.0600000000000005,0.37337467544246683,0.600728661463445,0.598431847334272,0.7167719271338535,0.8880543528666501,1.11495576923176,1.148504084503926,1.3307273815290916,1.2125431019903659,1.3208974277982124,1.2935710734884964,1.5463368172572882,1.5964265519932794,1.4698795446082513,1.3010228331426879,1.4451663257782337,1.3612914098623754,1.4584452587839007,1.386731233669096,1.3528760122230534,1.184179640548615,1.2677971098649479,1.1042720957904095,1.0817467028671435,0.8565161424998691,0.6864466932617854,0.5441896462134092,0.39733004308441794,0.3505178087745846,0.13633145807305436,0.05394498201334249,0.07266788535723963
4.07,0.3832983995466748,0.6109360640265648,0.6474424448913951,0.7491118077176174,0.8185478876342506,1.06033915187695,1.1510118096216904,1.266502334163871,1.2038134661555275,1.2317026529970732,1.3933008922264538,1.5456175998377344,1.565095628047143,1.5665811140677506,1.4298512370739762,1.485592932157588,1.4153315700469644,1.4648657832479866,1.3732197944403062,1.3081059740332481,1.2683578873996748,1.3255856006064075,1.1709159962912463,0.9176402181282757,0.7543053563455696,0.6792662829833351,0.6284175335111841,0.5820068760327577,0.43038970904631557,0.20060983907222477,-0.039789772286766084,-0.03966116466301957
4.08,0.37659796187318006,0.5660441917746333,0.5918911660208885,0.8407438743553747,0.9549645368310161,0.973012716202791,1.1833861416311906,1.2437328828171197,1.1808733406742258,1.2622173659778317,1.3036120877888642,1.4765976670657253,1.5086111824253643,1.5208404106443434,1.4981524332235119,1.456463132908524,1.262802457577939,1.4826708248255365,1.4822069734213634,1.2699862893952987,1.1193515009199022,1.222368209694779,1.0865371112154616,0.8888942381676659,0.8068003879833733,0.6500758324450594,0.6743721199098337,0.5272364516322581,0.35694197740242206,0.22178850919939577,0.04992436134344337,0.045868567593061446
4.09,0.337248691988725,0.4007920553149361,0.5825706232411221,0.8845695006106674,0.9216559193018723,1.0624039241728216,1.1682797179518245,1.3335234246021441,1.172102784107165,1.2743177242660366,1.314021838765557,1.4425531199099448,1.6992262536250387,1.6119962767036415,1.4636244973709411,1.4714404751120893,1.3497590793483822,1.5329791424596264,1.417745571007736,1.3891791967895666,1.309212619209751,1.1785351107071371,1.1172171400122182,1.099470905336347,0.9594294493713351,0.6917959560034461,0.5555035702789547,0.497540492007583,0.31125203154840275,0.07837364164359945,0.08085062697166791,0.05224016709696046
4.1,0.37014446519647803,0.582353841080243,0.608841360070533,0.8216057675248855,0.9640191245705089,1.0176583820554637,1.180990794076287,1.3111879962368254,1.3642059956476564,1.3324120900502052,1.3390556523506543,1.5494376705384374,1.5853358714195724,1.5549368036078717,1.4614583997879407,1.4817524969851275,1.4076526443395179,1.498327848232337,1.3842905342946847,1.3932995632896197,1.2065615119784996,1.2211525243001597,1.163132611503066,1.0167483397830916,0.8621236759762113,0.6917846562918701,0.6165649301666372,0.41200610489208217,0.2102968435137652,0.2157138030926583,0.11567960357930822,0.014363667775287973
4.109999999999999,0.3705047207389339,0.5391256407193649,0.6065455084319136,0.8947393883549126,0.887011539321553,1.114249912757482,1.1925108048670927,1.294088330072413,1.271532374452613,1.294453936836417,1.2505208887266575,1.5280629714953673,1.5988251474364463,1.3857551362528082,1.407278316124781,1.4981490315398345,1.3222039981805374,1.4930196243840943,1.3835584136269883,1.2631720576030194,1.2568836418341456,1.2299098655025544,1.0658918250611824,1.0659198253157407,0.8517783034112062,0.6805826748720449,0.6509085797514116,0.39218265075313746,0.3009103697751,0.2625387473520417,0.046235500327269335,0.05482882841570222
4.119999999999999,0.3927605955123952,0.5650012989150969,0.6039398973238769,0.8165069639146553,0.8777915966881242,1.0215276701536198,1.2041645544176829,1.324923254202457,1.265009565195538,1.269251392700402,1.2906751136267998,1.3864160495160858,1.6362536912212104,1.5123874118133136,1.4059133096055845,1.5031532019746847,1.3864852573913586,1.490063644602769,1.337270775205948,1.3657244605798553,1.4158001912776708,1.257739073266505,1.0974585372261572,1.0724334612555746,0.8214583936316069,0.7155624089908602,0.6212442650107471,0.49574815302481023,0.2898781431155081,0.1525115111017723,0.07013244117914763,0.024163905952652734
4.130000000000001,0.49417733833371946,0.602670082432933,0.6132718679399071,0.6648354897989766,0.8824275408137084,1.089444880650306,1.1242848421288807,1.356692518271028,1.34281874369508,1.288922474467291,1.2729378147772676,1.4370783074641136,1.5413105821213773,1.4709424589862305,1.4493758440037272,1.3935812608322002,1.357130982196385,1.4953945831104514,1.3538062171531315,1.3230782983878677,1.2412064997777803,1.3012457746195358,1.1226499100556446,0.9873527584502394,0.9424480465733052,0.8352797867023363,0.6435514395018433,0.42575116262537255,0.3731644481468302,0.236232178488837,0.1322989889278194,0.07400673307664231
4.140000000000001,0.33975767837170257,0.616825903478599,0.6019025909681818,0.7268662228387798,0.9042278922991765,1.1469733139877032,1.1694483912858697,1.2425663622237877,1.2411757614951542,1.317333424958075,1.3802238898276116,1.5254772682990982,1.6311777646982228,1.5219486047678266,1.3473184852277007,1.3144516599106755,1.3537173122071788,1.5050812000571387,1.4296655111696501,1.2681878932271706,1.1163477780704993,1.0655314878208322,1.1007590846870692,0.975094897710191,0.8115733225596221,0.6868747048802666,0.6726282515150565,0.5356470411871987,0.2591319097791217,0.25054773084892196,0.11310740227840364,-0.03674631007832246
4.15,0.2931421682280599,0.49709839421178215,0.5778275380319526,0.8066223739228822,0.8486896126691792,0.974995220907409,1.072527764380267,1.23937503131432,1.2386761796820271,1.2615500589719786,1.273724023215595,1.3714832598192293,1.4904048142582345,1.3851003693262316,1.4581297298724714,1.431914049923495,1.4193968013992997,1.4364471039957603,1.2881064888500533,1.3538726848800766,1.2855822454426977,1.1482675941891607,1.0360173862485353,0.9680393384328885,0.8095683142508455,0.6410636092321375,0.6370968165779413,0.46535378221183576,0.291392058364719,0.1819495743579782,0.20431062307726125,-0.03473620922816949
4.16,0.41836328033600256,0.5036703206484776,0.6179447153332318,0.8092642138894564,1.0162829034518799,1.0424092603382422,1.1382666664316772,1.3575116439662869,1.2597985519812267,1.2302946663324776,1.250762811994017,1.5374659318552601,1.6234085432214853,1.5477110615983536,1.4497795190268672,1.425435425021716,1.3637979446952708,1.5043125411396339,1.3644601506834986,1.2283967003745382,1.230903581404563,1.1917858627041498,0.9989290944101303,0.9608700682192541,0.8932871886203707,0.8292837126955966,0.6657303550050806,0.510918970865072,0.4832383301826549,0.17877602538253376,0.17457901023781147,0.032383696848309856
4.17,0.3020429245555077,0.5397891619168695,0.6021523261517643,0.7972682781329706,0.8020495483618442,0.9977096597109429,1.1772112126822614,1.2782534880753045,1.2544542818111408,1.3012567500388346,1.3567616886607963,1.503250286153662,1.6014946163678865,1.4919984616664073,1.4133934795318495,1.3869772236760922,1.3950466442083507,1.5587708688404829,1.408351568811621,1.2889397923995611,1.2273807452099073,1.2004966003712172,1.0910113070260443,1.0199819317447436,0.8906896160809338,0.6828626350676784,0.5424054237862247,0.47521483276951026,0.3663814099797754,0.2167618053545504,0.04876681749140838,-0.003915203963064398
4.18,0.37050006372252886,0.5988988243632903,0.54722703717637,0.79726225318761,0.9460650078313005,1.1169529239335556,1.1454584853938554,1.3328589065640848,1.2917405548100502,1.2851359071815247,1.259763613473993,1.4271115730726265,1.6112474288381948,1.4925875163557698,1.3746325432027577,1.4464300999775976,1.3627285737128845,1.3256916890377624,1.3335931758445816,1.3516193399412935,1.2626817357215343,1.273682811035789,1.0780740998472278,0.8983145614198326,0.8783531715389088,0.7144509828983847,0.6252015268854475,0.4199538344427092,0.31726941315093615,0.1743271520127563,0.059810806605966216,-0.03347809899653884
4.1899999999999995,0.3909461992586402,0.5064232025086838,0.6303049724989682,0.7699453615114921,0.9741251102775473,1.0101246563820576,1.0471841642889141,1.1851260638446401,1.2194940038846136,1.2171476151343055,1.3353314846666846,1.5632800986961226,1.6650305180038745,1.3340208976127195,1.3392727872804606,1.4589824359000454,1.532287567220264,1.421422188825126,1.3222196068808383,1.2298228694235047,1.194409450374667,1.1817801118683902,1.0326096290570137,0.8706170171902456,0.7809111185012939,0.7013326183219075,0.6632362820114395,0.4184625144716107,0.34412237781028626,0.15917518301183184,0.010637736966394267,-0.00561653998391335
4.199999999999999,0.41782562341941687,0.48701192730402615,0.6093687866211138,0.7496062446834997,0.8688862277393792,1.1341756046270184,1.159185871484378,1.3277469733228158,1.2734531428640685,1.3105577407123032,1.2845235511363604,1.50219662831204,1.6809782494992398,1.5366493267325372,1.4495923452649062,1.474963210429181,1.4570300937147675,1.4699433421198083,1.3120728104820008,1.1629080244336243,1.1679260124484814,1.152727656151454,1.0190655656209835,0.9695658821270998,0.9463536514572641,0.6923316803850291,0.5766190821236896,0.4502467289396394,0.39548629859929857,0.2245489398906708,0.09527482190321063,0.05262797834532788
4.210000000000001,0.3854591059761535,0.5410491170845805,0.5872129743699994,0.8001540477991632,0.9419615927823958,1.0590437679109264,1.1916695070367285,1.258397469530483,1.239916364328164,1.346789494112316,1.4093480082504064,1.556627658463164,1.6205260429160695,1.432386781947767,1.3594650735524825,1.3751815881022085,1.4162500613703555,1.3903119612354113,1.3243890801559277,1.191215108366333,1.1222844275930077,1.2054286943744634,0.9559572533422048,0.9210797101996445,0.9263747066353316,0.7225780757449939,0.5725947972450381,0.4370579880563122,0.4009958789925805,0.1716114536860506,0.05335693104465241,0.012690130830031475
4.220000000000001,0.4371958451677395,0.5640681489372553,0.632765172414528,0.7574154415238408,0.7414128094132593,0.9635038468988992,1.1454990318240914,1.1968972241622766,1.2907615677530866,1.2805356306383786,1.3826904833993692,1.6441993285497656,1.5429009538272533,1.5530676406642745,1.3831995703663498,1.4779015977669223,1.4739100344314482,1.5514110361835824,1.3338427142483626,1.3573461568521348,1.3155767910708471,1.253396864321327,1.095863383523888,0.981977346401702,0.8213376266594881,0.6775005775692428,0.6828529406764104,0.5176139989656319,0.4447960064972136,0.23815861905893254,0.19667706545093458,0.010291769810615331
4.23,0.319004232602369,0.507762725788227,0.7369018273682835,0.87193675900202,0.8762136969625884,0.9925977467008854,1.0625054616749354,1.316202495623723,1.3534751148300042,1.1830096978988625,1.3521050828354129,1.5506459570087963,1.5580922352433968,1.3760532277674173,1.3229565163025088,1.4445775828324825,1.3623440214869522,1.355657931645134,1.3688443949773281,1.365343967328672,1.245286195469341,1.1789723908907317,0.9843114153305954,0.9213733267198527,0.8693516758397849,0.7112181720759432,0.5849413602119702,0.5138063386724898,0.3144180821804023,0.1945439860120277,0.07365336421087747,0.0004238043800283975
4.24,0.35479579880414225,0.5755086994938947,0.600281709552109,0.7361458448677233,0.769565084974928,0.9945098199581319,1.1327746079522503,1.2783225128478808,1.302652104644482,1.308376983087674,1.3448428126494325,1.507297506789295,1.6157107691322286,1.4143196931784316,1.372188847465709,1.3192478626659596,1.2372185938762479,1.3546093971633175,1.351163294652727,1.2983495540111831,1.2230552069742828,1.2611500027356706,1.0430487197931166,0.9662112686370915,0.8772320494284351,0.6794810968367775,0.5910442091200216,0.4386495135491197,0.3310771855014171,0.10086843361192765,0.13899719739938313,-0.02580839221188374
4.25,0.4199903560062517,0.48911883613033613,0.6551030570056722,0.7383227590754802,0.871958324419299,1.0491920304938394,1.0135473819894603,1.2747157479656452,1.28661434077804,1.229861287261992,1.333998217583022,1.5853096818901886,1.5646798948905878,1.420156238571476,1.3612164692303328,1.4025271315539853,1.4119748294258525,1.3531851313410093,1.381399975570297,1.2305593857173405,1.2111622457518372,1.2231868590346746,1.1228420720168024,1.0343981494093335,0.7558522734870705,0.6261590530561351,0.5574014805311165,0.46273331727374606,0.29112709443083284,0.15876108724141944,0.01918162959087929,0.07639408933251755
4.26,0.33373574527304006,0.590217232444919,0.6691934150527634,0.6925209403171162,0.8179897142224728,0.9551725069532622,1.0581896046670989,1.2196501796136587,1.4213278282502726,1.2847262784385165,1.380462504450262,1.61010417116949,1.5728416876484344,1.4430058521220588,1.4408829860928458,1.4105173404626867,1.3975273819820548,1.427522562484048,1.3729446326926307,1.3360370258545955,1.2888781509689156,1.1946032920125147,1.044304839145943,0.9578547862689986,0.8047898632637097,0.755528659094534,0.5497006697846921,0.42887996031645464,0.33468047953367647,0.23084206040431623,0.0852633474520738,-0.028117350544408067
4.27,0.3920415307103446,0.5500073642392508,0.5591097997626756,0.7100829790434957,0.9382199272432056,1.009583808049367,1.0299343849538554,1.297844869294116,1.3983334906651983,1.2513198289822896,1.3006431559079983,1.5094527742029564,1.5604040319976598,1.424862719915676,1.360268507181232,1.4165382455215143,1.4778359889176633,1.436175766043183,1.2872172385393703,1.2327663774555597,1.2099922718180642,1.2079294624225945,1.1299281413303988,1.0440972939901025,0.9108884623888174,0.6577755589542006,0.630465410604845,0.4287246979034727,0.3462247228456629,0.111153792671031,0.08317094404554345,0.07920222043489084
4.279999999999999,0.4135455341469873,0.5519289394626465,0.6831922682089264,0.7734583165368931,0.8919620569221925,0.9739311151984906,1.0915423881740982,1.3236647141405338,1.394492234734797,1.3031215453195757,1.486417371193713,1.4964051409557482,1.555140594425236,1.5136241086759112,1.3926635761932098,1.4650785561571136,1.362802306358372,1.4033182376293496,1.2970112429018708,1.0974345918296733,1.2072360474151398,1.0592076300506263,0.9608881763353732,0.893769566890074,0.837651512924416,0.6947636591257619,0.5839041105517051,0.4615843075061433,0.4136759337652789,0.19312390426931902,0.05640723216551553,0.11362625270454246
4.290000000000001,0.3333046198378303,0.43689110188603436,0.6385538146363275,0.7439737685975141,0.852524275100072,0.9382881417320619,0.9792511163517119,1.288496792591209,1.2348889802377914,1.2623782713231662,1.3633116087462276,1.6035614470323623,1.4084966549139875,1.4080034653512834,1.399623640947528,1.345520687759226,1.413866375275542,1.3588600827631336,1.2699470869579603,1.1948688464404742,1.2667818511727125,1.2008725471047095,1.1446794141903116,1.0439859591339617,0.9384556274094216,0.8123264206959245,0.7771105385430818,0.4602451866204535,0.4245834973886837,0.15434988698794874,0.09605004318074734,0.0336212622487944
4.300000000000001,0.3665520472136049,0.5600040213010844,0.6975138367831213,0.7238963652739543,0.8290503098964701,1.0086675326688466,1.0918479629663362,1.2395792149291862,1.4139855306902405,1.2825198061410632,1.3247613582586755,1.484348089487155,1.5100697119367,1.44481700377616,1.4102529654094176,1.3666218777828498,1.3824077690569943,1.3466781532286847,1.2609894241013544,1.2769283397767375,1.1721524794883242,1.1838626803040668,1.094928031013707,1.0546270983834052,0.9157792697862088,0.6533692575727235,0.4726625011072409,0.4703676048862758,0.4996253709939979,0.23336508178257542,0.054030536474793396,0.01496368333038146
4.3100000000000005,0.4516056515561291,0.5712841938493315,0.5711756931224393,0.8379948963486092,0.8472858043132957,0.9674038544870188,1.0856039300465086,1.1413758996474115,1.3812176389010284,1.3331729577507538,1.370253254336768,1.5598412782167692,1.4258975508365699,1.4205517534817407,1.5963345815860144,1.3258153925796112,1.3433557303671058,1.3005129944875913,1.279298226946865,1.2693878241508407,1.244060437052688,1.17829165538257,1.033395907254313,0.9513990608203865,0.8610113160107452,0.6886968804629482,0.5611236283054296,0.5318664479748912,0.4370528614733643,0.19095410312785704,0.12752106062724106,0.14799803292008853
4.32,0.31426208794971366,0.4345807632807888,0.5860373133018607,0.6967004186996975,0.834790741138219,0.9973752489324981,1.04879052394634,1.1498918262502515,1.2787794105337924,1.1672053597516308,1.3361871543750805,1.5387265318637586,1.5810532438996059,1.4391902269422334,1.4702696808406075,1.3582499408804143,1.4241937440504462,1.4389643201792,1.4011541080455514,1.259712342017912,1.2055899473153713,1.129259157998455,1.0614393506421795,0.9479537483654826,0.99783731015746,0.723626017850307,0.6365716518804776,0.43140410941729684,0.46502349799594495,0.16501617965349605,0.02185923973254757,0.05751817580810303
4.33,0.30334656488140843,0.42353217073774563,0.5665535954707694,0.7748798221418236,0.7793375415403938,0.9457080584408822,0.9740731180701893,1.2871240672342958,1.3796493915980117,1.2688667373035758,1.3338910493505995,1.4715418261905069,1.433937125442545,1.408023811443852,1.4481389566818028,1.349023873465008,1.3696533370659532,1.3716968724745913,1.3509120675208508,1.2618139253887712,1.204660668959363,1.1367775659841997,1.139231967988798,0.9719285581537701,0.8098826907222864,0.716261062867439,0.5994476287334973,0.4376624546841019,0.46665010198171025,0.21422048526225113,0.113522007594081,0.06735941018878933
4.34,0.3078906291749829,0.5232797789522002,0.6055850097143105,0.7519458662147199,0.8405276116541497,0.96387548149878,1.08367380468643,1.2625850072767297,1.3528023594656842,1.3105147426470265,1.3935248272794274,1.5547446479553013,1.4359939523915373,1.4140528653391242,1.4607374433054676,1.4175720352901229,1.4810260473683452,1.364181378068045,1.2862513725275624,1.2752278249134739,1.2532402474046729,1.2396160742589253,1.143443557264876,0.9958207942459397,0.8732863026027122,0.7006531236331678,0.74249100122056,0.5545370555372534,0.4745939803894057,0.18463565616925112,0.13779964256170968,0.04056222524243222
4.35,0.3560022386250592,0.5790847636727805,0.6962378341822157,0.8221773935639656,0.7315785254393453,0.9513844882680844,1.114643431179665,1.2423642001830069,1.3476250066251174,1.2366051827743878,1.3927686171353857,1.611547842954464,1.420419976380454,1.3933208041205194,1.4199856550737109,1.4239037765002354,1.3953339847257948,1.3900237349167244,1.331337297233437,1.254119453896678,1.3983147395017208,1.1679667975830266,1.1671781365576899,1.0128708609021022,0.8503821269772781,0.7291608267337452,0.6041925299935569,0.5094477475191191,0.3322422193453203,0.16568983172393087,0.11080347398420742,0.037787918314662015
4.359999999999999,0.4572984758573807,0.475228158271077,0.6388578287200992,0.6786323042649014,0.7712239493848174,0.8778968265363493,0.9924194163026486,1.1827932188885635,1.422399454773619,1.2869470840793398,1.3944407937244256,1.6000732534737754,1.4543206014396997,1.3483022790357053,1.3409827294902816,1.424834931463568,1.4919481350677293,1.362809985441344,1.4585232087433817,1.3343551933768352,1.2646838687215656,1.1193905723183555,1.0433219181297186,1.0539682051040142,0.9404027175683684,0.7511754898833093,0.6943659914723243,0.5028485874557155,0.37865048823080516,0.27400056152509017,0.170502408619652,0.15562969704938723
4.370000000000001,0.25890346925873664,0.4583066601942262,0.5536428241241746,0.5814566354170804,0.7480511349646761,0.9618537582679348,1.0026262914828943,1.269197570508206,1.436763009122932,1.3973405566915207,1.475390920614774,1.5886758197463482,1.487749011149515,1.4248454698595034,1.4606461096338832,1.381746501537939,1.5214653219510224,1.3211789089919235,1.4331922292799146,1.231484678011737,1.1849321897259957,1.152218349598503,1.0414177799936317,0.9861904410493706,0.8174484402944506,0.7431532628156734,0.6416948765978829,0.41485398471656165,0.4167591704437372,0.22703165275165604,0.10480459574471933,0.07082856197448623
4.380000000000001,0.20285979123204495,0.47606502162089176,0.609024400755026,0.7398040011964924,0.79725034342766,0.9987507663188813,1.0065913912614568,1.1629615258752237,1.306320824438278,1.3144081396153375,1.4567756362296305,1.5635809642505882,1.4443103633856311,1.4075457691073918,1.4120591596665388,1.3486733319605277,1.4294195864210537,1.3440471293505305,1.3804856976596827,1.3178137219027288,1.339488446362883,1.1981620562709585,1.1232006238882306,1.002026464135693,0.8828777709071668,0.6895666158884513,0.5490487462802789,0.46084618837161384,0.38857739375015815,0.12419768765752483,0.09340030897079826,0.105831968329223
4.390000000000001,0.24533514674355225,0.4350821253714939,0.588915801487761,0.585278364606971,0.7145946842337008,0.8466197567696683,0.965310763187974,1.2406811708187369,1.4018939306514744,1.4252643810453136,1.37747690392835,1.5643514593183852,1.4376299732354025,1.4015445460851241,1.381380593865467,1.2406676698457777,1.3723525183446437,1.3014662224224411,1.3288010700890112,1.1692881484813589,1.2299014511757766,1.1976377954976196,1.2122179502397914,1.0230954016864424,0.9749387938368366,0.6974994620480375,0.6390533566371105,0.5598231003612031,0.414862616306753,0.14666649350195884,-0.001815057367881393,0.059875066192019544
4.4,0.27074643625167794,0.4154878344603905,0.6135480083654247,0.7347830085481823,0.7949375744613522,0.9442409005088457,0.9809252875027665,1.249051305156378,1.4287436058144563,1.2527843320349537,1.3136519191599771,1.4257383827113879,1.4457015767579673,1.4745903094580641,1.5370192048019713,1.3561266717455234,1.4708879763320153,1.4385698942220513,1.371436073199579,1.2367064763717481,1.2915998603679963,1.1496165326321277,1.1867189825521212,0.9840037388359898,1.002798699456049,0.6857625388461961,0.5624075739452775,0.39793301880813914,0.429759180515845,0.32592286735023446,0.1706699686547415,0.05323195307964587
4.41,0.22946863970355091,0.44439016989262503,0.5814253517447947,0.6489647046126692,0.8607501881274993,0.9312689398257571,0.9917459807512029,1.2386536507346615,1.2860968077186685,1.306249480730041,1.3640051609769757,1.413560433717101,1.2950080325035869,1.4233681127248066,1.4811057618662755,1.3710538372957548,1.4537723712447588,1.3761862529909128,1.3056715072534326,1.1845747896289025,1.1507921039963727,1.1220245575331953,1.1397383655620217,0.9966314378794952,1.0134895147723486,0.7097151791468195,0.5529560555626721,0.4189429556888546,0.43435730381592924,0.20759247551735213,-0.009484274579349736,-0.006573903035650787
4.42,0.21960036577375036,0.45758198733266153,0.6543213961112908,0.7306803882117436,0.8776910519087037,0.9783899204502896,0.9651950754320424,1.2455522936297712,1.5127592375908618,1.3232005945152316,1.3985450262189654,1.5044912464293696,1.414569377952636,1.3614481372512817,1.4125176354512465,1.3626066473367717,1.5421345785193443,1.4201070204330468,1.4132391615950781,1.2194647457775452,1.2940220615070854,1.1177246171582675,1.1357742471310046,0.9750469270835989,0.9865311145521812,0.6774885517438004,0.5061706619710856,0.4180880919448754,0.35965012736962404,0.20690509351807204,0.008867591956677134,0.008811216991264484
4.43,0.27948265583827014,0.40526353878686633,0.602457969842713,0.5984216647975376,0.797227288529092,0.944034984039972,1.0121123363107596,1.1459234197778017,1.4562831476223437,1.3798524002922876,1.4452286577835889,1.5308124723315162,1.3786842291747754,1.3427427553705655,1.5029566096288716,1.3872533211948082,1.5036624952319397,1.3155577770548117,1.3839075894135113,1.182991241562605,1.3120138457998751,1.1161863390073916,1.1710250207426314,1.0893271646663776,0.9456057796260593,0.827934227743794,0.7628124787445272,0.5936947929555619,0.43453453861013447,0.25720773753894977,0.11398262049229621,0.0718265049818412
4.4399999999999995,0.2569734238024312,0.3945459340600414,0.6523014768408695,0.7221883352105227,0.8125956048704412,0.93344795074503,1.0723705787249447,1.1836797749731898,1.395545855629725,1.2763220826743833,1.4467223106397464,1.44717928872444,1.391425258199989,1.3104347099599516,1.516680831407414,1.4226529544008606,1.4243945453823954,1.3227302779389676,1.3433332079524647,1.2114691529790291,1.2996734631010582,1.1240968592198235,1.1753593125681507,0.9788702120924931,0.9171892319980156,0.7474253977675275,0.6352721405246764,0.44937743371935635,0.5357370289463493,0.26514352408178365,0.05646938013116933,0.08507410005451263
4.449999999999999,0.32668922170853787,0.42279421975841197,0.6375804209706014,0.6917399715449756,0.7942513248106721,0.9798438296061157,1.0496876717149077,1.239694129402559,1.410251401706667,1.3968597609122608,1.4837571074519271,1.6022263415644247,1.4520189838463906,1.4116242549468403,1.6135961842828765,1.3045278717362574,1.5622480322518677,1.3795240230217511,1.3493959710433427,1.217505514238575,1.302610650491025,1.1531480641010574,1.2084561844797768,1.2103294006247594,1.002752744869122,0.7387614036869694,0.6521488112151589,0.39091289134964485,0.34666437158164887,0.22349183503757247,0.039022188697728284,0.11239199884441683
4.460000000000001,0.22867017346595925,0.34298855635490316,0.5862865248767725,0.6645303689027835,0.8164968345094711,0.8789019635590102,1.0071794792394826,1.0828472626499726,1.3452219743651204,1.3707939316760303,1.4293599021556924,1.5052910657283398,1.428862531937499,1.449640326602832,1.5563337928584635,1.3420379465559038,1.479499769140772,1.3865084243584096,1.38764537030112,1.2814408894565508,1.3119332750776551,1.1098823717383233,1.1540580699001728,1.0843908222526808,0.9056073759371898,0.7637407977448436,0.6852184876669534,0.521777610077662,0.4602139116062506,0.20370535705879841,0.047329183972752056,0.03818443218922965
4.470000000000001,0.27661781372380156,0.41143604064167527,0.6526463258007354,0.7696169965859553,0.9037997412582538,0.9875188430328163,1.059615711238639,1.2042407602134935,1.4231181841614842,1.4036106587883819,1.52237418399185,1.600400876575127,1.5229641359843762,1.3946263500660505,1.461211181809232,1.3319651934469745,1.6311043719493277,1.5057565555874755,1.4988642705548685,1.2994393575340861,1.3118802050909306,1.0829135477286398,1.1357307554962985,1.1322160395101468,1.05303773812438,0.7913256655032967,0.7095111968632305,0.4124255385095204,0.546327643293131,0.13954636840838003,0.06644415046813465,0.1357899020874317
4.48,0.2539760201286031,0.5087254990613198,0.6722162011869618,0.6617489103570097,0.7944155511924957,1.0483449809661083,1.0019730284275599,1.152396255024371,1.490678801787473,1.3574646943131365,1.4369218382214006,1.4986506712871992,1.4156420806611614,1.3668092146764368,1.4790474741107118,1.4785424691208078,1.5580498449308566,1.3493145398508257,1.384122219478514,1.3004110649776137,1.4037494782082427,1.1332059375225616,1.2186961739905657,1.1246125045091686,0.9928972328416708,0.8433124080558575,0.6698846038260682,0.5306308219410013,0.40531540593205967,0.14766308177545484,0.0341178045359195,0.09282638306870653
4.49,0.21001260758600107,0.42330447438391466,0.6675563944449734,0.6401758139805613,0.7347336791510769,0.8936344674480435,0.9835689934950762,1.1299500066636916,1.394003948055435,1.3470135365903504,1.45273076794315,1.504342040560391,1.3109149571823628,1.294906373837661,1.4849683556143232,1.4384657745596976,1.4613919358886445,1.2886379986631251,1.3190946302598976,1.2702108093923723,1.3430620322963838,1.0948518050506044,1.1420122439126665,1.1164889273969585,0.9897865765460065,0.7978568241648422,0.6289792088651657,0.6141404877458615,0.46581449816046017,0.251284292819199,0.05515063479814793,0.14601221868084235
4.5,0.17964086276314828,0.4240929433046387,0.5940853252870132,0.7106752401344598,0.8525589154732267,0.9294230326946498,0.9465771016906964,1.0666173515770587,1.4519371126092269,1.4118420203982116,1.5405699261812222,1.593806881493305,1.395542477318686,1.468985596801803,1.5177968772271837,1.385286125579391,1.5468746378828293,1.2947304515388345,1.341026148932586,1.357572499520364,1.447478960306367,1.168299486598229,1.2196466774864958,1.1130619638655603,1.0810468235922277,0.7697964089907617,0.5914366905770009,0.5740795831045894,0.4461750015855088,0.3405445682599703,0.028016040339566076,0.14140213513329244
4.51,0.1975045739071303,0.43021078351413367,0.7473115984867713,0.7466364706334124,0.7224527156911359,0.8965182333824225,0.8690830059141341,1.0312947815506206,1.2981095145770272,1.3396277176637699,1.407221424764578,1.5415776248501851,1.3804866877926618,1.3279890448373288,1.5119625098235985,1.4864126364721175,1.5353633944618343,1.3517767312093578,1.432515480382196,1.3117787360109512,1.236335821634438,1.1357265183668432,1.2797133610567581,1.1206653919623426,0.8746724484169889,0.766564188501409,0.5750527066504381,0.550736877548093,0.4055590779501993,0.22016828293996493,0.04840571638180562,0.06260543945450237
4.52,0.3241028345800846,0.37726991604254845,0.6255081516962052,0.5628143329361186,0.755118779073749,0.9211004466337919,1.0016543648497753,1.1136542673232124,1.3969055168550384,1.3040358480752736,1.653273527901619,1.5709823274405665,1.3964570845535447,1.377373962654267,1.533986237020039,1.3939769830790205,1.5395920805437908,1.3796624486523457,1.4174447142154984,1.2607231214267531,1.2968701793607924,1.1797140370481038,1.17514312219699,1.108263868688431,1.1021143111110199,0.6765102748928649,0.6825244362109905,0.5289804086542261,0.39464545607414314,0.171265122809921,-0.0028862142525691303,0.17021280330459693
4.529999999999999,0.18092028524604437,0.5273149061629007,0.7353388192995393,0.7551051878043699,0.8561865631021502,0.910113429498324,0.9701481248742696,1.2106208705093189,1.4924739286143704,1.422140006494408,1.504767375430026,1.3855580476072398,1.3458094282402604,1.4437784288450533,1.5635738905375878,1.4546566311122202,1.4423135937883664,1.3003932427456812,1.4456648480307814,1.3637898998675337,1.3597835290951503,1.0858408533877024,1.2084013662293103,1.1605212854939957,1.0223927959645942,0.8033883937795558,0.6887919994921771,0.5774413552670686,0.3780987324671229,0.24893431232850244,-0.016949137792610654,0.035864201951954985
4.540000000000001,0.29103666046716603,0.4205442375593966,0.7541105456312291,0.6917059285183885,0.8405467268578892,0.9855103768977355,0.9587339238989979,1.2253135624113733,1.3143998629232265,1.3494121520201519,1.4989624368482635,1.5584714184230157,1.377223289204699,1.4418467691758983,1.5246127166723413,1.3784625781619322,1.5958619951744548,1.32720694431537,1.34028287639548,1.1500231899869637,1.3450014397605112,1.1718173309638427,1.1225544304700463,1.0785473374329888,0.9785595853293145,0.7725758071364384,0.6866263527376911,0.4983140365401878,0.4226222071322818,0.3304013598035138,0.10581828600894921,0.13531320969180094
4.550000000000001,0.24780424339722812,0.41210919757443165,0.706223958542617,0.6819420506571352,0.8377239814451523,0.9590759479913458,0.9741791990652313,1.1457630300077062,1.334105060708607,1.4115450079604213,1.6041549543460272,1.63786458983993,1.4644858738594695,1.4158797779038979,1.5027612793938958,1.4030024639615797,1.5570170288160552,1.2847126126728892,1.448272105543778,1.339907473382396,1.355689683848775,1.11726374325282,1.1487331340797224,1.0072422554382279,0.9531839368407785,0.8978158979063403,0.7435636696281446,0.45791377891399454,0.4867203479760846,0.18936255438096666,0.0020283381789255196,0.0644088287237052
4.5600000000000005,0.23792741898111028,0.4354233854205118,0.6738215156799843,0.7304721566956565,0.8854928037837987,1.0079556737913902,1.030768990328549,1.106600976189948,1.3686903555710956,1.3834807252470045,1.3774684301682028,1.5537245012801222,1.3243395727534288,1.3423515404259074,1.503803207081846,1.4117602912338447,1.5072684022688538,1.3684217314127536,1.5545818041315809,1.2930297553475314,1.3719107870323477,1.1792041717923503,1.2469316807141424,1.1315035467091772,1.0293377008929698,0.8338015562583609,0.7751667206513624,0.5902351105682198,0.41562822207606004,0.2392484431998038,0.037108031817939924,0.14669942320710044
4.57,0.30777041427591867,0.4049958279326918,0.686826686206532,0.6877803679069775,0.777243191570723,1.0066737833676866,1.0826108189007333,1.1600896673791137,1.3841375991011295,1.4676234353195075,1.535270386894891,1.6638413181274236,1.3531277307260317,1.3806258821091624,1.5513557702933434,1.5146359939483298,1.6000351073768195,1.4388357958846039,1.610323573082297,1.5113309824367265,1.4648962775070982,1.1925503125106465,1.163404481601352,1.074181130711904,0.99367783290948,0.8840864401542732,0.7850409691759904,0.6430840036979721,0.5278004606108742,0.2411084632992254,-0.05024098563432421,0.11586142829588883
4.58,0.15798961657854377,0.3014991108793771,0.6895309964700478,0.5949653474425818,0.8760853775104653,0.9824862593017895,1.0304612449224173,1.200638275097524,1.4104509027212533,1.444257201675594,1.5431832513551356,1.5320213851183255,1.3281879697655745,1.4398321798313098,1.4714394129225967,1.4006349245224303,1.495300237481842,1.3346561574684612,1.5198381332671158,1.340891034229502,1.3303754959793361,1.1568567453387848,1.1787617639325523,1.0577189825673754,0.9381759569823149,0.7038488353455229,0.6862215513827425,0.510413262562034,0.3313932771505302,0.2265967385444178,0.06238865579311484,0.011903355139033477
4.59,0.32075774423683406,0.45544928110012417,0.7171216486268582,0.6901737531522433,0.7871654517301152,0.9400015802552533,1.0760831432527036,1.1364826209427341,1.403693519939522,1.3573064383373514,1.4327917996198234,1.4334030285373078,1.3508083364448695,1.458365962612156,1.526764010317798,1.4389368808131084,1.6238766249299679,1.3681057409462176,1.4536547990732858,1.3288455363947065,1.3547544032128096,1.1833861708295732,1.171686066369499,1.0744960101638166,0.997634806836295,0.8743642860822791,0.748019063844733,0.544361158654198,0.47894700645290406,0.2920213911047004,0.003267606586832188,0.07479517259313222
4.6,0.2424751828402259,0.4417278872110375,0.6448567629163963,0.6233340873927556,0.9030354239811863,1.0353879448735366,1.071223962282022,1.1321300044802627,1.349964853636756,1.472853538595162,1.5327511415531363,1.5201982282912867,1.3101603893926688,1.4239326978182347,1.5876236775694257,1.4490382819256011,1.4994728398454635,1.332053799172991,1.4487458058823885,1.2893149011882021,1.4042551719966716,1.1631452606853485,1.268477287113004,1.122030994562858,1.0477748380129246,0.7722903539414625,0.6432614795184499,0.46134436824611036,0.3615642562797183,0.23292851461175135,0.002077384035424068,0.07775521225447997
4.609999999999999,0.21789469648280768,0.42248468247526705,0.7737989802132925,0.773510263179211,0.9304737065498616,1.0273716775277686,1.0868893088072498,1.1352051511017716,1.3114411556638301,1.4370684232516069,1.5865310113974298,1.5429783260463248,1.473055705386462,1.444058378788789,1.5294357561323824,1.3685750531546208,1.6146513700228573,1.3743154162670401,1.4813020700619888,1.359511919349972,1.4205045855826457,1.2106154248493206,1.2941123333048,1.1322961840801422,0.9820959520136382,0.7251892162082257,0.731846106872054,0.5215415199414062,0.4180048859186377,0.27934136877315524,0.05722802411295339,0.13053122312194357
4.620000000000001,0.3026958601118827,0.44731993099011597,0.7487336634131778,0.6874672186227369,0.86897822785639,0.9356174778431261,1.1039331300184514,1.1386505816833252,1.2941879726277512,1.3854804556555642,1.4362072532033894,1.5448375285812737,1.2998992414340826,1.3909060239102469,1.5874090774006748,1.446489520806438,1.5518602083594542,1.4100714685337752,1.4432524604736168,1.3685315336517716,1.3864635531624225,1.2235040155708337,1.2401097915896329,1.023019161783738,1.0402542975299267,0.8389493450195535,0.6661494586155244,0.5019674215039587,0.48426047460415433,0.29998652776151746,0.06544152703856228,0.06145853997554311
4.630000000000001,0.28482418281472877,0.464546252337717,0.718074961533682,0.7105909736936583,0.9491473738654945,1.0127575927517514,1.1573265950675116,1.2028047393688595,1.3509217664488224,1.4391437974190078,1.4951093365311037,1.4406051588621638,1.35843275687637,1.4618712716021138,1.610318095250172,1.5059692657193422,1.5113148736455784,1.3812138073755018,1.462564587167148,1.2704732964945054,1.362176141716456,1.2072824914709521,1.1896953527873306,1.1138434847258807,0.9853819412265478,0.8390493145248501,0.6087868052789104,0.5092917591455133,0.42713163677455535,0.3139562606504104,-0.0007558348809562423,0.07447395319509925
4.640000000000001,0.2018530594788659,0.4538118071301084,0.7087662103402654,0.8065710879477571,0.9101035840807241,0.9217547561931618,0.9426379603026918,1.1077133969133741,1.2656219129909265,1.414875519844773,1.5613486254642337,1.5246322927537426,1.3553220045103849,1.464208002934281,1.5384656197219093,1.3993663184479965,1.5275001557043433,1.3983001159213728,1.5438444804579528,1.3443929765056808,1.419297234693982,1.1995975851782417,1.100838420622365,1.1765933383233813,1.0265335757202856,0.9078615184789729,0.7786696126943983,0.617444971137564,0.3860679481559045,0.1444971564102827,-0.08847441813963047,0.05508705302416451
4.65,0.3094534810074421,0.4699272919831717,0.75367360946946,0.7873243128533662,0.81826728829628,0.9495316546604424,1.0233048065782515,1.1659959612567032,1.4405434261537788,1.3982675981092776,1.3930290515389543,1.5037612034108223,1.3974919384634366,1.5120648335687878,1.5290009603496002,1.3643251551156954,1.4861366821426032,1.3482519626506348,1.4352721022115391,1.4148001555198615,1.3389441167692582,1.0383793895015507,1.1735520608173238,1.1171776123449897,1.0577462325043672,0.9002228800940121,0.7493498808344939,0.599744596087287,0.32112765727311926,0.16277312273901312,-0.03791454856995306,0.11312969918798017
4.66,0.23705775381931607,0.5248384958003831,0.7403836537746669,0.7540073109112768,0.9573063034370537,0.9463453939304531,0.9471900870570146,1.056984733307714,1.367312396033956,1.388726701926062,1.5568586532502673,1.5078651504667704,1.372596649009302,1.4580466441820779,1.6088495522823503,1.4467029961339093,1.5833467928379932,1.3864732499207737,1.4741821522295009,1.3005898970552745,1.3362132798677648,1.1535863568343512,1.189058305645913,1.0600516645813254,1.0283264563669339,0.8819632514916744,0.7575586287189336,0.5318548705080293,0.4371045322077718,0.2554196259212195,0.06418729870270468,0.1259570566991571
4.67,0.2930055899359612,0.48442474779965583,0.8695938804095616,0.7786071566572288,0.9243618410054226,1.0226858058346189,1.114101798197386,1.222127139615752,1.3643537727901012,1.4079546786786978,1.3768867503942133,1.4033923068151328,1.2996341936240488,1.470602615211216,1.5787633031766803,1.496116000404344,1.5377719723426264,1.3316551389596358,1.492049316214163,1.3484877888900764,1.4158654813189036,1.2047941528232302,1.1208254802721418,1.035953264147283,1.0036815465010775,0.8716926011643638,0.7390834947153969,0.5277652801306658,0.39587644659905297,0.30894087666024617,0.01897896845694739,0.13598021136427602
4.68,0.27174968098795055,0.4631637143609575,0.8532587203539954,0.8250615830165999,0.8824166735922925,1.0161025890214286,1.1227855803252236,1.1592397209913547,1.297914403287307,1.4255417877982288,1.5066166553645166,1.4801177609711196,1.439898688298391,1.4425476489593658,1.5938190761384088,1.4150649529214203,1.544226543655964,1.4363319442009757,1.459625167664453,1.349666586970775,1.3872063634255059,1.0644254043468684,1.1989386043986578,1.1417653204495575,0.9266866160464129,0.9122503018923219,0.7207778967042715,0.49130460226175043,0.45013790482979504,0.26600300515000674,-0.038754007584336544,0.046491444370628826
4.6899999999999995,0.31780645871804136,0.4330859032298684,0.7021534178145725,0.6989755865777603,0.924464641666237,1.0144732795543092,1.006266191753897,1.1708482326763112,1.3744705402367698,1.4946697865402603,1.5613436492017465,1.4434001356744806,1.3508260488267927,1.4336969884850823,1.605999412597122,1.5311849386758523,1.4965092986158557,1.353807437431934,1.4432774234529178,1.2989200435373287,1.2696073906375214,1.1816605148664172,1.3260434870723892,1.2358772397945625,1.120173042183799,0.858381459348925,0.7702872352860264,0.5873832083084405,0.361470176264482,0.20573500446448273,-0.026304878493585197,0.11768705899767329
4.699999999999999,0.36061292790616073,0.47330934130770924,0.6887991688251155,0.7907071407166645,0.983846518810978,0.9567634789436712,1.1242288637411784,1.1639912752272041,1.3148379977932292,1.3624034321935257,1.4413386479571546,1.505537879891158,1.4138647801945798,1.5067932709557326,1.6456834845976471,1.4940515183050234,1.474408287642703,1.4498886785993483,1.5058111828072527,1.4452122552423488,1.3501731658847855,1.1329765917444086,1.2368034864409065,1.1606194155083172,1.012176981292284,0.8127730240026211,0.72754630897016,0.6002103191652566,0.3538267841537953,0.24780348967547844,-0.026001528992304745,0.15592559190244001
4.710000000000001,0.3647042826613866,0.5059702766423196,0.6862269646641049,0.8083769717935205,0.9422945827631397,0.968655053435856,1.0775594328363975,1.0803696576000184,1.2645909559606994,1.3825593309710436,1.456646339968979,1.379841539625178,1.3652788418953825,1.5982351180211207,1.6429669051331819,1.5473512295486136,1.6049616343540902,1.405379537790365,1.4531204409097116,1.375182916145116,1.286603825815685,1.1979942924638058,1.1784325667464086,1.1916507241155148,0.9755710037685813,0.8148344432648604,0.7469369292341632,0.5950689863207457,0.4189712244223457,0.2902557883779876,-0.04655655540762114,0.04591461766752872
4.720000000000001,0.32918631429640716,0.4614452372722143,0.669705351306383,0.7806862916535396,0.984159256593451,0.9307295050153628,0.999084368333459,1.11338471220997,1.2787005000746663,1.3524399783270962,1.5219973594565814,1.4153440727413686,1.3965420744142318,1.416177651360085,1.497253399545453,1.4806174944834867,1.4791876059264126,1.2932374351958422,1.5111277163063899,1.3510875112473477,1.3200389155730134,1.1729704741453604,1.2345181346152845,1.1420911913678744,0.9807580087829211,0.8843786899884563,0.8065672820247902,0.631242268600045,0.458738352991816,0.3893315569570208,0.013169356565414837,0.01997619685725338
4.73,0.24858522097596653,0.42515964241547116,0.8517327152887392,0.8713272660698856,0.9316729106417436,0.9345624798803369,1.152404553131023,1.1855242739002931,1.3104239359675594,1.3827900873727295,1.387030228029026,1.4050691580440318,1.4023977292753553,1.4262541930484314,1.5840170134268177,1.489352630754948,1.517272531833254,1.3675441280516496,1.4835671441240872,1.3438899179302979,1.3627905039242008,1.1917479771715818,1.1562163700941726,1.1385105260941648,0.993815640596661,0.8533786466910095,0.7602404513065217,0.552705835876688,0.38325917547863464,0.22232566801282128,-0.1400594055832265,0.028556257962734366
4.74,0.3243426451722431,0.4464066844602449,0.7408812623431855,0.7100822014968579,0.9762629223553898,1.0459664152691686,1.1943331535100872,1.2035041900753443,1.2582733366340773,1.3080611149206434,1.4308807672120918,1.365168498438269,1.366921578513595,1.4834790676332543,1.5699981012323458,1.5263433473971615,1.4104431999383937,1.3402919992959934,1.5337411055558057,1.3606848975185977,1.414766056757042,1.1398399024902666,1.2462128296148265,1.0990329652389021,1.010233282054022,0.8740148112042331,0.7211992271189794,0.5292564609158898,0.3644679888125488,0.20468609889136977,-0.07466576090662792,0.10086788770392358
4.75,0.29779342734720876,0.45198668035947276,0.7886082808433443,0.7702251017313992,0.8814859220328728,1.069250896537895,1.134673038479363,1.1458204633698295,1.1658807098239217,1.3040138576890838,1.505283030048653,1.404829592299447,1.336176347509599,1.5133797548604353,1.6678279627383719,1.5030049525856495,1.633480071050566,1.48602378673402,1.557980315508443,1.511082210211042,1.396055268087079,1.116316749773683,1.2221736373685368,1.0943909992899135,0.9748281050239761,0.9142588524464271,0.7644437274700165,0.5810047329265966,0.36127457113275097,0.35489436350307146,0.007268349661818645,0.14462062022022348
4.76,0.2822670318037981,0.5821412237070474,0.731465478560319,0.7821399882747456,0.9564220005053576,1.030057812429969,1.1643752768022209,1.1087440145566314,1.1901759602529176,1.3133711010965252,1.437123584769913,1.3943923660378503,1.3176761864912576,1.4812656594595268,1.5520406658672132,1.4879875649143441,1.564547221860812,1.4220764198324682,1.4712218153931977,1.366103748457486,1.4190744109975868,1.259189997552937,1.199346407036722,1.102324739981848,0.9415519549344523,0.8657095505405437,0.7494608464957077,0.46112706955548816,0.3342768271178172,0.22211087786913128,0.01879854521620285,0.09913651328405935
4.770000000000001,0.2571207318565643,0.4886380705484964,0.7443918030293954,0.7840855033163299,0.9537779523877314,0.9108312024134538,1.101431491515057,1.1483199341098622,1.2616070627705909,1.4578828567742135,1.4232323273149072,1.2885950974976519,1.3016850378720763,1.48789472300127,1.6674939648961453,1.5190216774880083,1.56126292870784,1.4184167446414202,1.6695229703917536,1.466934637432562,1.4858732043356104,1.2806248219075222,1.2054366036893345,1.1479347266966806,1.0353855458763204,0.9936127234973434,0.8474535606090821,0.5601497811023013,0.3981724812149195,0.21202276602003894,-0.09876670304551764,0.1127150473820851
4.779999999999999,0.20861068573275332,0.4840695658747421,0.6813688809033762,0.7114147302965521,0.9119705587176336,1.0445801662556142,1.0681566424507576,1.0988154629804723,1.2798853218265462,1.3359822819578842,1.5170475368684149,1.4443841159230977,1.3954515090815047,1.4912419105786983,1.6061421924343298,1.5725187439377768,1.542624581464838,1.4271634038621912,1.4942895287264384,1.433103418382076,1.3661033127405215,1.214117433707277,1.3319857067329328,1.0498219027743978,1.016049011599827,0.9110564984886126,0.7529108889451194,0.6226923118229041,0.3097583496419669,0.17371600027575565,-0.055770021673451284,-0.0065598006766351795
4.790000000000001,0.29125454514780935,0.47510013522346717,0.755948850736089,0.8312092030273022,0.9699064572700408,0.9815420205307407,1.0659853646093576,1.1046885034939955,1.2361774730535995,1.3685823954248961,1.4806213234782857,1.3523893392113808,1.420063633561076,1.532817389641626,1.6448029414852994,1.53770713259551,1.5610030860905384,1.4355565333219173,1.5824326803386617,1.430546165047036,1.3794226785810353,1.2128781625015623,1.1927474752056368,1.1470715994535463,1.1349608385571934,0.9836929280097231,0.7654624392505692,0.5446253956810861,0.375793799624405,0.21317993437691057,0.023623525657090475,0.09234521280480945
4.799999999999999,0.30141137553425784,0.5784279486627782,0.7462902559643586,0.7075232281152031,0.9153687302020016,0.9166178626449726,1.1101631654416586,1.115026547224017,1.2031709050464945,1.3986280993289695,1.4344145672711475,1.2606961363291243,1.312208009277943,1.4690599276412177,1.6026827962847858,1.5822120800394943,1.592906457625487,1.5084095188803404,1.5628709681331103,1.4873204069894634,1.4173259993734348,1.2331813869018176,1.3056001627334883,1.1091200784059883,1.082572027992247,0.8561231658562998,0.7395283649996882,0.5573698380601364,0.38777959313287014,0.27780695964442637,0.039622546121135395,0.07837557651775215
4.8100000000000005,0.27908254448821057,0.4664961600912021,0.6266986154516763,0.7777655652536207,0.8498642210949584,0.9577874304880281,1.2105450604418855,1.1897875963518858,1.3129467804025012,1.3742911038549457,1.440195418719034,1.4415638076871593,1.4706171917815247,1.5409727934828952,1.5920668449040396,1.4988006301363912,1.5337536860797731,1.6049900326431221,1.5940235012981847,1.3530991672305634,1.4553100450691643,1.2752253965326652,1.2548975042393462,1.116466984836662,1.0581759622377442,0.8199797977846826,0.8765351084079508,0.7124940488696695,0.3973605846537157,0.14470411775215886,-0.021873579785402282,0.1071961404508415
4.8199999999999985,0.2705700259267137,0.4795897078444865,0.6721403411147404,0.715231261651863,1.0805895975015642,1.0297148286914912,1.038137169658834,1.1845459945861914,1.2625568748276859,1.3852327127988953,1.3877412245917131,1.3166159315182722,1.2738661273132839,1.5049042187186885,1.674613287776083,1.5194985806995798,1.5497833847332525,1.4306475554511557,1.5413237834270843,1.4984640209964444,1.3810446321227632,1.2313701918287077,1.2123306143146269,1.1441849712175314,1.0366486850844023,0.9631227789998131,0.8300179664450568,0.5949068395276689,0.35222843989998004,0.26313956887126305,-0.04663981721583598,0.041526077564005275
4.83,0.2837260249304292,0.4665122313999208,0.7650960207825533,0.8850793498940895,1.0343807307962576,1.0192407203942637,1.0282529868776886,1.1591822777714356,1.3844754670367987,1.3738913941912427,1.4812193577432962,1.2986822272481788,1.4300176737261412,1.4409912005289978,1.5821983433254425,1.5542786589389024,1.586484522292173,1.5087288336135762,1.5497042608413538,1.5203719426280127,1.4307639712602696,1.1925594489648572,1.2516185445020993,1.0913231329447914,0.9922120759697911,0.8413299488068728,0.7506614079047627,0.569942237385219,0.30497148261719564,0.17432742203498947,-0.03429253100733248,0.12849408958680716
4.840000000000002,0.35979222175699843,0.4041672234228183,0.5836859819252049,0.8143730445756981,0.977972127125339,1.0434839165989054,1.0264682678346007,1.0935957199130846,1.2678084641123215,1.4786535332974828,1.4437803411158208,1.2941972527031465,1.4117860030038052,1.4875011147771626,1.6087250842327236,1.61373650528284,1.5167357186401176,1.460184371455545,1.5444737549388499,1.516065054039342,1.4834561838431801,1.289943705573674,1.2958404714571647,1.1559284492540178,0.9922885585089594,0.8573713004656714,0.6927535902862461,0.5468920306261774,0.33835916803271476,0.22096665695617143,-0.041903802873151014,0.1314561908017554
4.85,0.2943166614667286,0.4792630287002257,0.6691607776527297,0.7058794555429264,0.9387975984842727,0.966356216076939,1.0627324006229313,1.1468579226650133,1.235663990791056,1.4292007444065338,1.4392338819380563,1.2082225915912992,1.3783561915006979,1.4683993961177264,1.569341166375693,1.5912059963906604,1.5396637629817334,1.492309798866194,1.606096441568146,1.4340874344583865,1.3107622904945853,1.3158115776453587,1.3035897402771297,1.1251635927751265,0.9546889715917795,0.8490218898536853,0.6711229413407075,0.5031572468987969,0.3047613427319427,0.22955786860706426,0.0071810966705299125,-0.004096050234616497
4.860000000000001,0.2864685849081221,0.4552037681547779,0.7918463984330416,0.819953136730035,0.9599088630913686,1.0359649752940518,1.1053691142498434,1.0601665202784374,1.1780192728350798,1.341301865368294,1.3937832557562482,1.2951373067787364,1.3481609454296504,1.4449401673426967,1.6116373544380018,1.5787463991508401,1.4676089649497708,1.457879607852004,1.5466806119793697,1.4034260645199992,1.362568481301214,1.248115366504304,1.2698356853713095,1.1594026474722228,1.032049276866065,0.9168871959138132,0.8389472216269956,0.5596638815782304,0.334198127372923,0.23080468092343878,-0.0031724533478179225,-0.022993546181673756
4.869999999999999,0.29880250909301054,0.3922591886013775,0.6374687970755674,0.7666426241312778,0.92633039945593,1.1050335009746388,1.180950639210975,1.0382319617432259,1.1982008346101787,1.383524445553151,1.4198237623936905,1.2502238814254394,1.451750168988032,1.5128314754171002,1.5220159212672428,1.5905607635032917,1.5253357869199162,1.525034630631858,1.5116310552953198,1.4386376058426715,1.333457074975045,1.1843517189591204,1.2317669611807294,1.104634197251272,1.0219384692694422,0.9266269105197913,0.8450918532448657,0.5426304173961433,0.2889287072198185,0.25836856092232113,-0.053706857398894366,0.07935317503217973
4.880000000000001,0.27452846840241385,0.5309710896060159,0.6627748491069421,0.871179856118175,1.024532559558092,1.039548579951934,0.9616090505803709,1.0830610504179594,1.1077443968690426,1.3991228570472,1.4374829022757274,1.2173710850320518,1.3562603545941503,1.573849262173402,1.603961367681168,1.564474052417175,1.3723776094266498,1.4392285856051346,1.5337541834854471,1.4457470666239463,1.2964275235000273,1.2308897740347218,1.2187030299410047,1.1141780335739133,0.8651907883641647,0.8759206561520593,0.6048737661266319,0.5334250207317048,0.3611604117342671,0.21385465011761645,-0.12261682122417406,0.002737302385430254
4.889999999999999,0.2064987805845795,0.5372209027835971,0.6635572767823675,0.7082691756930882,0.9370952013655935,1.0860191425430636,1.1629831996988227,1.0901811543725688,1.2817169172844942,1.4391223880069974,1.3890909835323046,1.3442195069086336,1.5214829116997803,1.5992513099056862,1.6205507025230717,1.5936888093677792,1.5473589175419158,1.5525854370619034,1.5399421771636548,1.3816829042588694,1.3061183859796672,1.2758689415635658,1.284970925325097,1.2048768093787414,0.9089382071861359,0.9236504261876848,0.7409259498275999,0.5773990566952825,0.23477789685448958,0.2669940725347325,-0.03966178505227452,0.04666228809462887
4.9,0.2643212557929955,0.4625012452018974,0.6733509611622982,0.7685857310705536,0.9696029925170742,1.0576071832638536,1.2403900528341987,1.1697962455919224,1.3037283587692952,1.4468270787654212,1.5101178664571322,1.3007858260862446,1.4321532828125996,1.4838327175903265,1.60046317887415,1.6249262441940509,1.4951194342210954,1.4959991267464527,1.517961378909202,1.4371914448191534,1.3598056376705245,1.3160205389673654,1.3038636605348504,1.1441577112745165,1.0429015025586545,0.8723698140284168,0.7224232274683035,0.5115022332016419,0.2869519417856488,0.17816978300423064,0.014962156448178011,0.008003592004398163
4.909999999999998,0.2807702956659079,0.4683181939943815,0.6988995289244768,0.7038297435191274,0.9997228837066511,1.1381835853011328,1.2014842685842042,1.2468205942940347,1.246366693111039,1.4155467307704082,1.488436344540124,1.288457553512401,1.4277860297023766,1.5428798820101879,1.567562284135871,1.6509034503762834,1.4521659600215882,1.4185294604373564,1.4948400975629808,1.4579249033075992,1.3272277755367468,1.2037721907581926,1.188492927669466,1.1874635281460304,0.9580876335582396,0.848771517323004,0.7827590725051571,0.6464875834871846,0.3565718435727265,0.14784875490348745,-0.11382001338247696,0.014710815392613652
4.92,0.2966090861371244,0.46623714196777977,0.6493763343945652,0.8317343709975876,1.0133529423126353,0.9948790321457113,1.0711651290586373,1.1696291623708683,1.353322895194533,1.5107493580101086,1.4803311842404374,1.235850727060325,1.4806487523123097,1.4751583718078756,1.5236115515243072,1.5998981314347056,1.5815471181669678,1.5119488902487073,1.5485295139309951,1.404370387704635,1.3346871672942808,1.3143126535555245,1.204830447694178,1.2189184514600788,1.016313011207921,0.9828387499467319,0.7662584290863881,0.5367635996206691,0.36846095782087196,0.19299830715563637,-0.13535119982181604,0.0009716190589743046
4.9300000000000015,0.2431914658735672,0.4530929892364829,0.6497846648094894,0.7608900195317311,0.9126255128732553,1.0593387243786991,1.1349156334600916,1.2098328802125824,1.1259942469763162,1.3686086211776018,1.486936299636288,1.3258922475172252,1.4698061306454804,1.5797880400127444,1.5251428864158076,1.5936359128277942,1.5442906514446808,1.5708062561769551,1.653069721197471,1.4477729457755055,1.316106941223367,1.2809680549968523,1.2363565202512503,1.0848166503517378,0.9826451101424042,0.9590798202297885,0.7803245475170083,0.6419292264458356,0.3301964059965014,0.2202406379364122,0.05946715444905686,0.04116528555852278
4.9399999999999995,0.25299778040460297,0.40691569780321035,0.6629593019242516,0.8661752371901764,1.1061761771877088,1.039522532101942,1.1297296693182655,1.1430299352299995,1.2759591620745334,1.4144688408098607,1.4418061672717788,1.3122668383086729,1.5443682824173441,1.5761064328788086,1.613436926306618,1.5999867633104292,1.5330662195405553,1.508796206890209,1.5098830815679969,1.4644053984634262,1.3829430088910657,1.3066917356701366,1.1825478641899063,1.0984391596946783,0.9224297211492428,0.7706223393585112,0.6663267007082048,0.5037502103842114,0.43695728649967364,0.286353131890529,0.018226776753401525,0.0668298491069658
4.950000000000001,0.2335922714404781,0.40696230229411845,0.6552064412325439,0.864859889614145,1.0054816979977692,1.0979556980697316,1.1568834052895653,1.2303695599170177,1.2405611462842696,1.4387543996197316,1.474804344284772,1.2837610599666804,1.4687783439720048,1.620195305777903,1.6195125923404132,1.604030049454111,1.560859294131382,1.5382681073476303,1.6720441091881875,1.4930164613137313,1.4006138610501535,1.424482305268406,1.2762930530991163,1.1229731559366265,0.9178424298181298,0.9007680187927918,0.8569948423488465,0.5567879056115939,0.3105981009926715,0.2768073341303475,0.05321546182231049,-0.02581936472306525
4.959999999999999,0.2804108037552024,0.45960332385990477,0.7318566662425461,0.8319353914238117,1.177553151398239,1.0690266478432422,1.0316645078025939,1.1205087087190175,1.1337505114637374,1.4865328044121344,1.477930468744541,1.2411289110605657,1.4367636160690573,1.6363024975031342,1.5784959145585868,1.57532823619575,1.5051995224502839,1.5982828098529918,1.5827655634168059,1.482033762579801,1.3351627897514862,1.23680950361863,1.1756273256867653,1.059827122661013,0.9808635568543299,0.9827758180834925,0.6756438223139908,0.6023633787306931,0.3072938436278041,0.20884690656495733,-0.15525801407847165,-0.12762369732164847
4.970000000000001,0.2668945303901392,0.3950245867473249,0.6991575234697734,0.7875433530708799,0.7890367188245087,1.1248358235824478,1.0359939028721508,1.17895931919538,1.2635605855923455,1.3685455402467084,1.3843555193216444,1.24033972362596,1.4643008146821686,1.6015927428613588,1.6607344852549033,1.6541514585245085,1.5682616299353802,1.5184904944713602,1.474730425310589,1.457335018937708,1.3829958490647232,1.2979061840882942,1.1020706734182626,1.0528191801199704,0.9426634756532073,0.9578683526739731,0.7011406300383051,0.5693012208881725,0.2883766679705506,0.26976256392325204,0.008348053610887956,0.018555204088719236
4.979999999999999,0.30326891210330675,0.44768591951098213,0.6951799571403542,0.6942038013344846,0.8686822322511495,1.0793444913093935,1.201814779495609,1.2301844235565353,1.2797046843601019,1.387424413189433,1.5481174783861984,1.3361687732410037,1.5781431850447996,1.5659568598601727,1.4879743935288485,1.5657361047222569,1.488403911018834,1.572685252584248,1.6359119409191736,1.476346430206156,1.3650862385117235,1.3584715804651832,1.1575914791622188,1.1832896980189929,1.009333791642535,0.9091479527250488,0.7859915417963184,0.485428050440501,0.3081207364622911,0.15145972527353194,-0.10611494987792675,0.016554624234162936
4.99,0.2878344538360972,0.4581864653488471,0.5812767499486349,0.745886531798345,1.0161784006530943,1.183869236016302,1.0313738439900921,1.2522988478110042,1.256879170094713,1.4408814409002906,1.5078080219203347,1.3310282969029328,1.4680314454573329,1.7023300942521349,1.6976674489709787,1.6598119742235926,1.5583296835556648,1.6326403895122108,1.5049207225293417,1.4629823138646958,1.3711587947777848,1.3354272224079462,1.2401645057900017,1.0763730362611013,0.9297515502133377,0.8967148676213774,0.694829796491629,0.5716547818967941,0.2956632822418688,0.20349156909208266,-0.04348872188056596,0.13172605559840717
5.000000000000002,0.2679899236718897,0.45964513634353515,0.5672717596344423,0.848555872409538,0.9776571301285812,1.090330089856529,1.0563102872779848,1.1818920440227019,1.2988494464976723,1.4435863757114287,1.4766742119634033,1.3127985499689592,1.5810678874599688,1.5647798077426334,1.597727600808474,1.6824816755796512,1.6636761860987634,1.6066818360021717,1.564522291711926,1.5828170495484561,1.3493467240907506,1.2621472686386503,1.0920108728313638,1.054856233617158,0.930701543854457,0.8720331253459753,0.6267591850313045,0.4862692336530608,0.258404850147974,0.2299358479318777,0.03949267199481159,-0.05669413052604097
5.01,0.21048607448340162,0.3899767669193855,0.6144218141044178,0.7783076562945456,1.0355508239491258,1.0859083430806125,1.0778662802973755,1.451551156736431,1.1645694925796501,1.3656043665634654,1.4696239262960415,1.278643931720936,1.5226807964329558,1.698510975945555,1.6405349298437089,1.638660526075673,1.495447788801724,1.4907732779157317,1.4987081409398975,1.5114052034269054,1.3405876798462555,1.3249623421896135,1.1869497439177543,1.0901855663969588,0.9351633313308491,0.8571143624230104,0.7304119120755808,0.6124160415920752,0.2513724908117475,0.16681470485616312,-0.04477601823133187,-0.010497117518765638
5.020000000000001,0.39634331325846794,0.49446323944312626,0.6397899538761996,0.8594627762645259,1.0519067271286051,1.200238778325016,1.103440782766962,1.268703333574224,1.2592576082896538,1.407035800706807,1.4392290970667825,1.3175944173886815,1.4572066054444046,1.604354880212242,1.6302983178824073,1.5902946539185105,1.4390258998892316,1.5183800089760466,1.530612415145646,1.389966408292505,1.2735629696541864,1.3471904547607336,1.1582946229306614,1.0327711433655005,0.922543232157084,0.8208533745670983,0.7542805517414651,0.5723785128530554,0.29049239446323677,0.27437216437114376,0.06189691114707814,-0.011539854774942765
5.029999999999999,0.2663304421453436,0.5347165236733993,0.6196064045927281,0.9006586544765446,1.0483274645550433,1.1275749017624963,1.1136867470240444,1.2274825432804113,1.1978200562867427,1.4846320062823584,1.4881067345949452,1.3478412940941882,1.6130887121191024,1.7307847732599355,1.6807241548105811,1.599189797825329,1.5473645220289205,1.5471859282437757,1.4805510034853064,1.4534643156013698,1.3393821220934732,1.267892086749336,1.2616963781568702,0.970502135695665,0.8613993776592492,0.866105091663824,0.6638571551774693,0.5466318555109806,0.2325064798573261,0.23562370732610194,0.0011062111093103604,0.0035081293917344943
5.040000000000001,0.28970228315590163,0.4123083814493206,0.6429349716509185,0.740927391372982,0.9938189948386743,1.191825714560985,1.1168976902739534,1.1518153965107765,1.1980811167504377,1.4614527712300076,1.4310747100419348,1.2802339717846347,1.6275710009698907,1.6894773997282726,1.5881086441989203,1.588501959491106,1.6048089124588567,1.6154111760857088,1.489120630095002,1.4586284783810388,1.34360406540124,1.358704288831553,1.1867931329736972,1.1331541276504387,0.9304143257982231,0.925071681273935,0.6435104266554313,0.6641601849622835,0.3864607249271137,0.17955351997391528,-0.030348299697112974,-0.002485678837365779
5.049999999999999,0.3070788340687399,0.4520572165690988,0.7393398416202597,0.8281510634731727,0.9913787370385961,1.2077856364791548,1.1589937342053291,1.2334037047964193,1.2920536981389485,1.2680494445409758,1.3709320731588306,1.3754687692416525,1.5043292161864936,1.5475345562253335,1.5077740845392718,1.6195753217066058,1.4046574070744948,1.4796680514714755,1.435631499724898,1.4736192596606068,1.250428465214526,1.2541170034276308,1.0691826836962015,1.0436690143982907,1.046911428302397,0.830196507312724,0.7414385384360216,0.5736781473928486,0.3814843957535358,0.24236935373917515,-0.07047542082207206,-0.006975853432250385
5.0600000000000005,0.31564831991369274,0.4534919010252523,0.644775387507095,0.7994868715989301,1.0130654262067502,1.1493932389812818,1.2144254063806226,1.3195086920313837,1.2860184324632935,1.4011133354085634,1.4183458818399335,1.3653640106497444,1.5356753106542769,1.451854305369494,1.5311568642443971,1.5427254465608904,1.5924109259858252,1.607881943768427,1.5858898567838349,1.4803891678942116,1.4067150639369048,1.2769406660610303,1.1790341707708767,1.095125923560722,0.9859298049778582,0.8831906904789799,0.8211594193708893,0.6321540534139864,0.3166439778176829,0.28200966705390196,0.028320466246022517,0.001724411396443526
5.0699999999999985,0.3281352333039896,0.523019135599538,0.6929690600063978,0.7969972829340485,1.035481574130549,1.1660839317149525,1.1430740183688224,1.2589057196731368,1.2290846249840004,1.5008552879394765,1.487337240455402,1.438211320543234,1.5873185929509104,1.6392653018395769,1.6597460820443954,1.6196196165091277,1.5270235166147754,1.6426199004720923,1.4378927533137598,1.4366043484141786,1.288403404296631,1.197217083296357,1.0908909015242072,1.0351184315708346,0.9220280284650257,0.7990288329773095,0.6378728048931533,0.5240224102964777,0.29236100035117024,0.19026942198466953,0.009110563141622048,0.09304349436237003
5.08,0.238409457577374,0.48446927957919894,0.6341464297862628,0.76981540396828,1.0139976259689938,1.195028856313292,1.0564798858598683,1.2867261959552765,1.2704395328045948,1.5013865205006656,1.499739265179307,1.5034658520866517,1.6115054114372251,1.7065718932540028,1.5824164315510458,1.5698785525751449,1.4708300730837818,1.5794867959244718,1.5125232086514278,1.4351635376256162,1.3671715191472897,1.2394189429091318,1.1193796401175078,1.073872845109966,0.9664701675088461,0.8359372228932922,0.6266544980554881,0.5736831468747913,0.3135949496381486,0.1730165875725746,-0.04099435090668267,-0.02699354737215504
5.090000000000002,0.34716109823421565,0.49036977975202817,0.5552593522147051,0.8348848145068832,0.9699840875396787,1.070486588912901,1.1529321786785691,1.2045885785492452,1.2274596138088736,1.449143297378152,1.4202899555795108,1.4025056618765896,1.5623897420407558,1.5717911279723638,1.629621847411075,1.5827596309859817,1.4800749357698455,1.5514790500716131,1.391755396113369,1.4989595038088757,1.2331779495090465,1.2834754000572874,1.15748538327516,1.1151898352350205,0.9790313966049349,0.8804949503595201,0.6389586823002616,0.4424412957614174,0.23008969878846883,0.16463356884287897,0.09283615575974472,0.23088532362982384
5.1,0.28282750779088967,0.5424802367018583,0.7064207937579883,0.7920464912064452,0.965526849144273,1.040791873274204,1.1984881657338413,1.2609462486900567,1.3116033480299094,1.3804043523196206,1.3367995913101818,1.3710562093933127,1.4769965303230626,1.6446370422264793,1.6129630314618384,1.6414099746583481,1.5697517553383311,1.536116911450017,1.4677874227657333,1.4357469918198256,1.3473151825867855,1.250095752596521,1.1866094149575914,1.0041368828068866,0.892111187756562,0.783315865787213,0.6563802112173772,0.5495320290971428,0.16164129423469675,0.11351085310731653,0.005145940984344845,-0.0665876596175692
5.110000000000001,0.2652970282196727,0.5559395221498096,0.6440765151599674,0.8694921772469564,0.9951345037434642,1.1783416968078968,1.1119488918962517,1.1587942860699185,1.1590498790342232,1.3909126749363938,1.3251409898805981,1.4085867415027475,1.560681140100425,1.6923787643214496,1.595999015316998,1.6998333709100522,1.4873592895668801,1.5743761926600188,1.5327996904242887,1.411253848761939,1.2514982282894003,1.2432772995199917,1.1086614258241025,0.9781896880651281,0.8019666752176254,0.9103089429800009,0.6369677567099216,0.5342503156623756,0.2655593066688248,0.19356698565862218,-0.08218404126692548,0.0752767058599974
5.119999999999999,0.23939398718525495,0.45920044744396155,0.5799875333842128,0.7841491066072745,1.012060741242454,1.2315619857228473,1.1912478613955901,1.2598243707931225,1.307037033171035,1.490225698782001,1.4412581472638744,1.4469134234147358,1.522401389108498,1.634594312017455,1.509142629792392,1.4887277101473009,1.473055786811102,1.463827900545585,1.4055200101261736,1.4568463932199907,1.3171663822920652,1.307758596319061,1.080776705502887,0.9921353562713142,0.8778205291398342,0.8822200115995903,0.6992471382085095,0.49858513363891716,0.30289351140049403,0.2986972562931715,0.05307857186263692,0.024636396687573725
5.130000000000001,0.3072044247619753,0.4588003576104872,0.6011464552233419,0.7853512047377482,0.9662456936233562,1.1321160103681578,1.1764133940222832,1.2321805156314303,1.2610427752669298,1.3463027599096444,1.3765314567530844,1.4806750867678207,1.6989111835965305,1.6563260678595597,1.6123730668220917,1.5762962382233117,1.532834421276047,1.5912505691722767,1.4511305217674546,1.449242599526841,1.2625929361355905,1.2040242408509156,1.1139397971527911,0.9947269760545351,0.8585667091287887,0.7653189747979383,0.720463770333039,0.4310348511664856,0.253989381689342,0.2794034091515783,0.005663320911076906,0.023058822268603608
5.139999999999999,0.2740673868901619,0.4220554984231517,0.6368034812803149,0.824461954409041,0.9705663463685371,1.1672776076690694,1.1827153581196803,1.263560345570919,1.2016444903875805,1.3509824043221792,1.4137599963385032,1.4432566730400858,1.5310594192468814,1.6086318996766735,1.5098813864900795,1.5355466998248974,1.4697332080278875,1.4152785501934568,1.4975539308727175,1.416349587998048,1.2275208793329182,1.2113836959387676,1.0847688265113689,1.0935260476463906,0.9600482361519063,0.7878093817369417,0.6441466970319383,0.5650557525361211,0.3176750120901386,0.19675861443261808,-0.006824764500721482,0.0682362228872343
5.15,0.36091848114888064,0.5638145997943409,0.7278896939078089,0.8809387274739127,1.0534368412900108,1.0881683975048135,1.2420168854685023,1.3462231452801714,1.2804040077800574,1.3886603428018631,1.381785154663192,1.3929340826684564,1.5630812032900039,1.6178206848930958,1.4720971930869193,1.4527098778743721,1.4849441533643448,1.565325766221846,1.4171497985796524,1.3769305129956093,1.3124102160323534,1.2626707902890515,1.1025565333284306,0.9943971580439751,0.8891985408765194,0.7565800449457548,0.6316466234928957,0.530677692903829,0.3029083714929077,0.2450921052281376,0.02927747258960129,-0.04392096924932989
5.159999999999998,0.34599012055565165,0.5745802848746014,0.6282484488458449,0.8384334134542626,1.0284298761823008,1.05390442415541,1.161304282788815,1.235791314708274,1.2475613632232232,1.3980388491347921,1.3763574986966565,1.4511972772610389,1.6163530545178486,1.6256898959910657,1.4929740260143662,1.5534430641572667,1.3957775409945137,1.4938552034885326,1.4757538455025767,1.4820759338030909,1.2195763216193263,1.2365055855238771,1.2059465974794286,1.1060241536722872,0.90767210363127,0.6763217533796719,0.6732007442281198,0.627727010264294,0.17703829326825385,0.020766973341777295,0.06634641649625408,0.07669165102366551
5.17,0.36140568136185286,0.5243012368917807,0.643349181520468,0.7995762936151677,1.0433637678044678,1.1415500177940248,1.2526519467756143,1.3843642765397044,1.2597522370289491,1.3744517217344168,1.487165742300082,1.453671528125414,1.4764026549924478,1.5892992788587177,1.4244107211422885,1.506928294882802,1.316093402124549,1.4557674233786366,1.399173665375703,1.4560171376141222,1.3488358604320831,1.2285555769710959,1.101470612815464,1.0290017051647802,0.8693855645036971,0.7468445321728416,0.6354537317372241,0.5644731303423526,0.29131120802826943,0.2326080759104062,0.008165079217175894,-0.00344574948119674
5.1800000000000015,0.27105063345629155,0.5668070642431433,0.5897189183018862,0.8563743512461023,0.9237367785236162,1.1101855592121876,1.235345143449614,1.2371740653560537,1.3159549000793094,1.4619526764744375,1.3007922236412481,1.4317838456666436,1.4504744483638943,1.6174210341550699,1.4974317016293688,1.549750905254242,1.4826567732610312,1.530630679980038,1.3874723344638853,1.4527901129776406,1.2551885153958404,1.3369663378210095,1.1612420918897552,1.0302285108029026,0.9646045229773338,0.7814931047208961,0.7041780391328722,0.4729511187543173,0.3163661095778282,0.21020528237531508,0.06762206723704486,0.013617855458944526
5.1899999999999995,0.3282976510541288,0.5206983940757888,0.6611320261317216,0.8953890767694217,1.084176825811137,1.1245898481922763,1.2844104482283736,1.393948391068119,1.117351619299277,1.4144290795233365,1.3815770759491615,1.4257019203723444,1.497008276709418,1.5567447826425664,1.5167115401192899,1.519273697438889,1.4458580991624244,1.4510278631146722,1.5686747334864122,1.4118178663611956,1.35482341192757,1.3111545397230537,1.1398361298989768,1.0175102311505109,0.8532127870938964,0.8047158392897087,0.6705155959082221,0.49023014806656756,0.33148941729608983,0.16684862210831425,0.036134444426778066,-0.03599526016900716
5.200000000000001,0.3667834969964697,0.5521035922314992,0.6750189509295724,0.8492629920424185,0.957968485725288,1.1138949102610782,1.2020578574543583,1.2647290228621757,1.1537951102809003,1.383307334470223,1.4018681456815634,1.4767470095551931,1.5046908474716059,1.597416908688143,1.5265743760580488,1.5106470572965194,1.3958168465536605,1.4972532765817046,1.3322186196142636,1.4525436475998958,1.2909179689134709,1.259333103015476,1.1293379290428271,1.1291933582691474,0.8909691031840816,0.8124306130158897,0.5239233977147001,0.42821428812689194,0.26022234991169,0.1544824929380305,0.05345254591112087,-0.0359797092266402
5.209999999999999,0.3055998765462147,0.48120155486593486,0.679615831190907,0.9251961680200259,1.0632732203682702,1.1383865111292875,1.2765747998563342,1.4284706820106141,1.244621469146837,1.3578341933927196,1.2441525094048327,1.4098711265708919,1.5068583797852257,1.4867636998769593,1.4154317632651887,1.4959655382962902,1.42316153695069,1.4870206610127616,1.465113914856754,1.4860231581310612,1.2587803619992057,1.2702255645697411,1.1016798714844542,0.99630452164693,0.8569617581861766,0.787044090611269,0.649196942953183,0.5441302146397883,0.2745106622819566,0.16687455997143608,-0.059869871211840314,-0.09548567005806932
5.220000000000001,0.21432978765322974,0.5415043559016417,0.7489827655500365,0.8986439630979766,0.9926231507789192,1.1452139897771076,1.1660216895111513,1.3180398631570598,1.217954665368341,1.3322778642182525,1.2935299890751137,1.4164120366662174,1.4893152387645385,1.4436839753981787,1.3669441682486085,1.5369739907532782,1.4033859080431705,1.4629898883104646,1.4530903486369544,1.3884244518399724,1.227111256311202,1.1163864114478679,1.0815501521089568,1.0458478966442186,0.9835576451511868,0.982620631976733,0.7165598722833298,0.5604763891577503,0.4456106185034366,0.18614287761499596,0.07454231107585428,0.050442590813020494
5.229999999999999,0.23038675357175814,0.43902802455358214,0.6296617414391117,0.8245276025674945,0.9680061006470729,1.153705207539888,1.2560490707127066,1.350621548723712,1.2543763657079159,1.262559171266447,1.366526768845157,1.4617578908685842,1.6155001203976482,1.631490671238644,1.441368139825175,1.4612541466952442,1.4042998287675956,1.41719614061411,1.4561454156442255,1.3289078149764937,1.2194224443494397,1.330323185639889,1.1801314572742876,1.0310789011483668,1.025706212709719,0.8126014359601575,0.6715743310497866,0.48955437595121154,0.29143491020494927,0.13926975706659508,0.05819781583453518,-0.030645757300862865
5.24,0.35826715178567997,0.549071953434147,0.6397555183079091,0.9233583173782647,0.9664849324769852,1.0914940124686539,1.1858567589792488,1.2308911822095647,1.2603372177921828,1.2892489664403106,1.3509364383517735,1.5658637111666207,1.5796454183632211,1.554246728409369,1.4650492635276167,1.5203430449958524,1.4733196492983522,1.531659131920099,1.332248463889652,1.3784292550545632,1.238525214817705,1.2618130743397087,1.1557594602523689,0.9873980280637499,0.8943742388034425,0.7584364340338484,0.7079653150476514,0.596722031413599,0.28604771079853913,0.14899915058889324,0.04648418455905442,0.1069314394021302
5.250000000000002,0.3115461276540721,0.4578384978186358,0.5668202149510608,0.8111388321327395,0.9388348201402787,1.1325599908778308,1.2114187555947775,1.2739993060045927,1.1982215067881514,1.3728976178586703,1.3375464495743339,1.494037991939616,1.5496427603860297,1.52066580724146,1.450959485096254,1.468011387981032,1.3503722862500562,1.5430923160769678,1.4476582748180435,1.3791001580029927,1.288376192670401,1.1727308343267442,1.1144073369566494,1.086433530812257,0.8544717657643096,0.7703932205972489,0.6110460303791052,0.5091461776580198,0.24659544984147133,0.22044338272857344,0.1170627104238596,0.09781743276569077
5.26,0.2789328273380378,0.4327413947755028,0.5705049976312836,0.8569469627302884,0.959861086971404,1.1111509552151133,1.279661845775908,1.3502222072321888,1.2241616669693942,1.217362268839093,1.3296406760177257,1.4514641120468499,1.591902422774363,1.543994469583966,1.3876622444449245,1.4397307694285992,1.3256739806996627,1.4248617029522117,1.424977250377097,1.4274775636687471,1.3599444498661761,1.2056001944106343,1.1117539412661446,0.9845169019368546,0.8842758814049325,0.832078692062295,0.6137900396312531,0.5472856349671193,0.38035271824517297,0.20430528816771795,0.00967087673898656,0.05028407625781296
5.270000000000001,0.3118575604140036,0.4831108473499179,0.5577397380101307,0.8206973234603566,1.0210240455483337,1.0534785905808621,1.160307729199639,1.2684904329697684,1.2571893980584825,1.3225371253859417,1.3435548495615228,1.486366351725273,1.5318123913465238,1.5583097707771523,1.406889754533208,1.4487415739994371,1.3824991734354346,1.510099649874067,1.4997067285287797,1.4108343154133378,1.390866188376511,1.1850144431671912,1.1539135344664009,0.9763094358436616,0.952019511297952,0.8466390275572321,0.6152197511765789,0.4789137447069305,0.2812359185777418,0.22266370701035026,0.053474759457750404,0.031951822058571874
5.279999999999999,0.39823058972651765,0.5208633824806862,0.6115912590124049,0.907600271181942,1.0200308449650342,1.0438389814125661,1.2909275778842506,1.4191474362515162,1.2120247158392417,1.2691715996413468,1.2835277183526659,1.6033198488718363,1.5150273735803148,1.5386133407917302,1.405937482318365,1.4570082846905603,1.2168048194886796,1.3972976205593188,1.3907887509492527,1.328635026367539,1.2806819566472796,1.2925671467674302,1.235116688071543,1.058615779919001,0.8620288945366162,0.8133609682485607,0.7119829201055815,0.43777327606008015,0.3457247276750795,0.1614054032417217,0.02711286023873645,0.018926737917535946
5.290000000000001,0.19007970000214633,0.5175351647230292,0.5961113929620252,0.9018170395808258,0.9389943544439345,1.0435457478093895,1.2369137867983446,1.308881433574768,1.1804986234340575,1.1750238697084652,1.308958989650556,1.474515990850252,1.5465502593576719,1.5094956176131211,1.3456390784873224,1.504428313684901,1.3720367815094052,1.5109927418963565,1.488522363673456,1.424254267271874,1.372179557716775,1.3130607413074948,1.1542644945106415,1.044305838779826,0.8723332477316377,0.7477835485434241,0.5535284424088254,0.4532371650809832,0.36917222809328576,0.29724176319971446,0.1186490476057439,0.06425857157950199
5.299999999999999,0.18213780038002056,0.5213186701809851,0.6147282454606644,0.8779442891794886,0.995308133509107,1.0692071515570098,1.217159576615788,1.342401552123228,1.271716617705463,1.247580049752451,1.3092965412035824,1.429555681639121,1.6227500240089388,1.5604462679946467,1.4423789049889169,1.4572516755336617,1.4213401381658848,1.5227102287577408,1.375605060026467,1.326316979337222,1.309665859158382,1.337482019949018,1.0890422224739853,1.0449590819704915,0.9230642394428968,0.8841748905613661,0.6606253955456827,0.47950714769582065,0.23174104027167156,0.1310641771499275,0.007703119959571131,0.008621285326998096
5.3100000000000005,0.24413214190423904,0.5730933651705812,0.5724547184583301,0.7141027084768905,0.9549878292706944,0.9197723546029296,1.2305559681827718,1.3098606554921366,1.2776478376805132,1.2735006565770384,1.2827887775744227,1.523744152522791,1.4083647014495813,1.438468848053587,1.3176178572065673,1.485839100347753,1.3812372831855477,1.560347670248617,1.4407964082557876,1.3484802860212857,1.210205131164689,1.2367486608169194,1.1743343606263297,0.9568015899900485,0.8111801475506399,0.6931569165477387,0.6406200041792169,0.4911232676637408,0.29978023091962125,0.10988017751637298,0.038541172462160836,0.046089784676739354
5.3199999999999985,0.30618952999608706,0.4699898470932479,0.5718356587539869,0.7853141167967554,0.9870513735169876,1.0095089852262182,1.1909163142628558,1.2772233649248013,1.1853864920224122,1.2590243173097904,1.2747998303716743,1.5587063420182314,1.501821076518265,1.485144366511093,1.432725146933467,1.4870203280641237,1.2762728093231257,1.4550723266899044,1.3985344301922433,1.2906251459283866,1.2753686046632657,1.2760921100352793,1.1426812194148221,0.9465219192391826,0.9250610867392428,0.7412197980074154,0.5504403645383649,0.4338851967174365,0.26511878155889523,0.17391193377068173,0.03855205799860532,-0.00590013093256439
5.33,0.3609008702595601,0.48472244731725006,0.5111139598215422,0.7619129503770504,0.9000004020659476,0.9810378216242495,1.2992378765537236,1.3042038861530867,1.3341130775074381,1.2457057078409477,1.3477709671568348,1.5247526825869233,1.5524554135682522,1.4840748400942871,1.3803860543806148,1.538584950911507,1.3608486498590464,1.4517732192378412,1.3717599302880725,1.2944424131334333,1.2378989943691319,1.2566440545136701,1.1134281774356174,0.9622052494531864,0.9352631215453028,0.8549006151194037,0.671452132042237,0.5524835416054643,0.3493223060936528,0.13258935539683686,0.06502955873398127,0.08490257779465404
5.340000000000002,0.3123483089236656,0.5300332506765552,0.56165230447987,0.9102783305861446,0.9665954215402052,1.0221714051805395,1.1375786708245808,1.235626100429228,1.2319240595799141,1.239943119560709,1.341834615315425,1.5971428547127864,1.5364465304757633,1.4809090835740841,1.41212176221272,1.53152559266288,1.3512449228349017,1.5348638897245612,1.5325332385287063,1.4900101468928624,1.2556494103440703,1.3360283473378596,1.1506753730116182,1.0555350268953085,0.9173619821949085,0.765044926721576,0.6395464193694615,0.4848471270055437,0.25313217434001845,0.23485666837355795,0.07345511677432982,0.0996494150104709
5.35,0.37576133415293517,0.5804577691572063,0.5995865927372385,0.8930212632336547,1.0361599433900115,1.0578589497028514,1.2157797467419076,1.2489666382340006,1.1916235864772462,1.1883284982769013,1.2564724156163398,1.453254351514441,1.5044235403813395,1.4379537621037957,1.2844344045273268,1.4356692177566692,1.355077712071307,1.390987470367632,1.3901786047771165,1.3286337838717288,1.2472598088405598,1.2358464707590295,1.14090665563785,1.052985201686243,0.9268355924514752,0.7407147680086106,0.733894110592113,0.5645472697299994,0.3220669044389001,0.11328586568823121,0.138587142523004,-0.0077400241020462515
5.360000000000001,0.31539970359107433,0.49763159109033794,0.5572932117147547,0.9512090872690566,1.0039937223205007,1.05727968373975,1.189263446306782,1.2004951209477144,1.2178645963416912,1.3041084701355896,1.3795770739717765,1.382066530749745,1.4849305691965682,1.5088969138162345,1.339164531319613,1.4745706622567043,1.3255633370711768,1.5189103151680365,1.471753801856749,1.3663724106950998,1.302140386372686,1.2616185599538654,1.2805435082020196,1.0689810982832575,0.890457424604193,0.786561594226194,0.6958096244179535,0.4716031750520898,0.33221822325096667,0.058218193817004535,0.03645703945718281,0.0297284181981958
5.369999999999999,0.3132485934638616,0.5414783641283697,0.6913439576490935,0.847436554893468,0.9451478003028977,1.0364722621404434,1.28416236052605,1.2267740634988973,1.2270449634767475,1.1190732321926427,1.281037815089721,1.586958966434684,1.6148684466532126,1.391940107388585,1.3838953012559132,1.4716191162912229,1.4354006164323092,1.524244130490213,1.377330894194689,1.3914124267954064,1.4477136478147297,1.3188843790238796,1.2538413478619286,1.1097201898795148,0.8721597094962723,0.8523412565343473,0.8101215743407385,0.6297042013722474,0.3496700267642061,0.21011658431991026,0.0849228136475828,0.01479636731851856
5.380000000000001,0.33231144006712765,0.5360654176599731,0.7308828106244714,0.912770613388632,0.9738092381055347,1.1006142091750786,1.2161179681962198,1.3036020309258012,1.3626657575947152,1.2432112301144276,1.3332838316255362,1.4777934550528335,1.5058525740805795,1.3888507842276026,1.1809991613331992,1.4512570582459436,1.3311522589293612,1.3057404412604492,1.3928120811115567,1.3784015599310513,1.3840239525384548,1.3393797491188058,1.1566977003144656,1.0259931143117773,0.8445534420410211,0.7452491425079971,0.6826576665617381,0.5413553570099174,0.3467979526876963,0.21378074871201974,0.07703980705407396,-0.02429986820351107
5.389999999999999,0.4196230425166022,0.6198957643704537,0.612455340733851,0.8195610913580701,0.9506494491851105,1.0536383834255953,1.2639998848727034,1.2228035458489996,1.242714001237542,1.1327860600283177,1.2863811270467616,1.543775830563816,1.5013441081845187,1.4221558502473357,1.3251202449400648,1.5436851904340325,1.5034399498976616,1.5490410964880565,1.4043377170590152,1.4190821662531976,1.3108988500298469,1.1763395780105568,1.0407042158295017,0.9819688728885774,0.8757799799446069,0.8135272677619756,0.7226199315869353,0.4780409894717044,0.2740739892091729,0.22543504531134753,0.1011556896031771,-0.00530081501866337
5.4,0.444893629747747,0.6727582233217814,0.6055801507302928,0.8185218300997383,1.0109534064384782,1.02749911262318,1.2299720514739219,1.1663352234435789,1.2368860357575628,1.161916374551748,1.334420167085597,1.504539164426836,1.4751825171405963,1.3224121450029855,1.2753777353246196,1.4721419942116007,1.3483987557157335,1.5462494519824301,1.3944299144137664,1.3707121492993992,1.316875439131424,1.336592040249343,1.1494619149260727,1.0350602429605962,0.9107629318146608,0.7038194598114477,0.6637091593589373,0.4120204425249671,0.25452135782702084,0.19755476674868458,0.07091020379996768,-0.00016974162595513598
5.409999999999998,0.41257220811814066,0.5207293539893783,0.5799410820222985,0.9197618054785631,0.9605315809290634,0.9681027906210329,1.1935728181895857,1.200558219278476,1.327269363420463,1.2785255679073977,1.267547351398305,1.5015139811246945,1.5701645815551868,1.4552366927408655,1.3336097544715146,1.5736431965044042,1.460914961036278,1.468539062801954,1.4249867776155591,1.3834647051473588,1.3131132372877372,1.263983920497361,1.0963136515983947,0.9741759277924579,0.8740304054941217,0.7629657359577239,0.7067877091871922,0.44643101036656085,0.2113514576335075,0.2759585861371,0.11623302198021183,0.08023015563199243
5.42,0.3415057545445764,0.524087207723557,0.5488463211665574,0.9090521077282004,0.9208311016660843,0.9453882089474729,1.2201912445858722,1.1102174566548717,1.2235773369803822,1.156752549821384,1.2758643628309883,1.5511750227942678,1.5550937577042954,1.4141611421483833,1.3382156863408932,1.493024337716587,1.384003112293716,1.505336325270746,1.4568292128463871,1.423395641912252,1.3133162937171767,1.2797126258928597,1.1814791957837543,0.8824523991761413,0.8929459551697942,0.8327011516486399,0.7185379169090909,0.49040664289249464,0.3579979865570551,0.10822591923550352,0.0025487147033471935,-0.026669019804241446
5.4300000000000015,0.3924965602329061,0.6100317694123318,0.6364118072618572,0.9717477895361009,0.9231891135200202,1.0197001581076053,1.1366456475789868,1.2917789502233925,1.3260613203846152,1.2507524090950548,1.3169063200014421,1.6077112473574553,1.4904140330509419,1.3401876183335688,1.3389992754261504,1.4977426014471469,1.4074181017493657,1.5034892310641845,1.412246748887831,1.267667606775589,1.233908890945839,1.1725687899888153,1.1197179379819084,0.9381562787187289,0.8886359010179954,0.8100433877306049,0.5964383938437616,0.4601074013267832,0.3230771428874803,0.24803353435618117,0.15987164926383424,0.09302449904515764
5.4399999999999995,0.4337387376126736,0.5060591941246937,0.5384420730054503,0.8622175463926391,0.9628009084665534,0.9671745645633771,1.1750123986134646,1.2571937335056909,1.3342127044131538,1.122831260115058,1.2724344162127965,1.5699788532945347,1.578255404072575,1.4831245898937793,1.3089493718392462,1.3830090044958447,1.4112663732577442,1.515824642876914,1.4218641540642185,1.310370492387758,1.1726276556862831,1.2259163516539697,1.161451595243982,1.0762939614221596,0.9122436531975173,0.6990365330801902,0.5927336681834062,0.5183713212307812,0.19505793795767085,0.1432676569263452,0.06417766037517117,0.04944609515600516
5.450000000000001,0.47102619378022886,0.5244433590604819,0.6295667713802211,0.7851429031233562,0.9485514098799757,0.9581773828116573,1.2640205701053517,1.3546014597260867,1.3830707014854222,1.2092134393040654,1.379662986491784,1.5319660539650795,1.5571347335770758,1.431329289433037,1.4134393151319102,1.4862766163038506,1.4023628504234926,1.4446040208859907,1.3685375447478592,1.2351394735964494,1.2920977952743962,1.2428112502411661,1.1404158897825742,1.0505506476870412,0.8032048359245517,0.770377299520514,0.661273407709211,0.4579877518926044,0.3263034113490544,0.16614774759805537,0.08534769801579048,-0.02365489628774007
5.459999999999999,0.4149582608380967,0.6191450596883419,0.5922703497892926,0.8631985826167758,0.8998603062798128,1.0644461980588051,1.2042629971911256,1.1890437176534334,1.2600898425739417,1.2546438187705318,1.3478262729174446,1.5700656580261307,1.5856244013574492,1.3671824533169792,1.3670258487525044,1.459209289850061,1.418329126364043,1.4959963493374502,1.3506305265572731,1.3373641688483309,1.2387463052781071,1.174529535734761,1.020430852941999,1.0073105450440372,0.9316799770372824,0.7226763845469751,0.6387477576679589,0.5013387059219314,0.23085572635887575,0.1610362016601072,0.0221800677415114,0.019004018509620926
5.470000000000001,0.393594125040428,0.4756109538850051,0.5063380527605202,0.8799588005596902,0.8940359403538364,0.9495225240925029,1.1769844385099861,1.2809017322067968,1.366098359692679,1.254347680655157,1.3803290130039891,1.5744217057650796,1.5667016458085397,1.473667872070791,1.4169031650211892,1.4364473888923244,1.4498294790624535,1.5793636192670333,1.4078229407869132,1.359452252849177,1.2297634927006917,1.1670163562948968,1.0576128937103715,0.9690030073396484,0.8657565293679327,0.8336782568394232,0.7241200771834817,0.4432746594517627,0.28373746037075,0.22066418333715607,0.11909333965254823,0.052479251213119714
5.479999999999999,0.4155104266051282,0.6021923065678353,0.662479136341816,0.8885063679421288,0.9586083126714635,0.9242733944566448,1.2217179725390812,1.2774959547255618,1.3155112068238157,1.1997916460727003,1.2422021339888534,1.5922317372994756,1.528169034348959,1.3127741137165179,1.3221994166677715,1.4963919284819773,1.3205576342991963,1.4171372498424022,1.3444897627733319,1.3680380307278386,1.1903599820020951,1.321877143222715,1.2366243008808278,0.9552648161182373,0.9763965022894933,0.8846024840331534,0.637636344293558,0.6551492447407119,0.3198249215414602,0.15720822161296688,0.09045841541619257,0.10046696074988348
5.49,0.32663222765924516,0.5751696159677412,0.6230758828957483,0.907508081834875,0.9008817404673182,0.8817170984398199,1.2092954771260955,1.2804890070552808,1.367367916112562,1.4187985050006193,1.2989042856812678,1.419759515108277,1.4483407949423601,1.3139095079553997,1.3850016987012597,1.638920546967786,1.4666382351677234,1.4851358824066498,1.3927184050690118,1.2802805670237838,1.2982139464487459,1.2729330215651848,1.0238972016652583,0.9364746392244866,0.9381221962144585,0.8257747541135458,0.6551739953738044,0.48960104436616386,0.22564218564888838,0.046209447558957575,-0.046594852388741434,-0.13477848658704428
5.500000000000002,0.43207015551635275,0.5954139145514133,0.6302574789051341,0.8641602202584419,0.9487322656585095,0.9604361461387112,1.2229016462098041,1.0631146771560949,1.3893456781781457,1.2531169487131975,1.2882197703576852,1.5276653913402685,1.579023857842803,1.3931608353144518,1.4011961215940298,1.5454595088403529,1.474792046505161,1.430794111993458,1.3269588550168594,1.3349942384923683,1.326695660822305,1.2839265557947164,1.05703442280126,0.9671798137862991,0.8349840893061056,0.8267595665389846,0.6674570861727551,0.4978733691995175,0.3685377442766336,0.14024520144949,-0.06506029369393851,0.0039729800720612884
5.51,0.3736176079299187,0.5457697693137522,0.7151076635575904,0.8775550959121773,0.8886522152844654,0.9556875874653603,1.1687018666334963,1.2715115071359304,1.329471010129972,1.2603296483563062,1.359081629404429,1.596675413562204,1.5426954593819966,1.364294543315214,1.4473996482830158,1.5548778951753057,1.5313527705910066,1.4167486733969692,1.3674300267573505,1.2864392199374202,1.2484766201774709,1.2405863968373558,0.9892704729534884,0.9405289763386391,0.8735235643345716,0.8057182613612086,0.5290957642978688,0.42147297468321115,0.21628771881179693,0.054965431644456234,-0.03976484786137692,-0.02293809718464617
5.520000000000001,0.40551589715471426,0.6452843977298668,0.6000361785859877,0.8483279114905342,0.9463809509678868,0.956314373461436,1.19451485160829,1.292559531131683,1.3405397628864253,1.2884888790332594,1.334935641513133,1.4974017648896754,1.3595887336333712,1.2636572258050591,1.4393061268923786,1.4838430193854668,1.482649589776525,1.5262357205971664,1.4198957580439762,1.3924447143288619,1.1570927273794995,1.234620482033505,1.0862604450253504,0.9352995417038449,0.812013054395751,0.7744440622163498,0.7052398075989752,0.5559766644227887,0.4459675890336706,0.16941225870550777,0.05772411206016323,-0.028466366174858183
5.529999999999999,0.4392854509893156,0.6074372466693878,0.6008938625474007,0.8071429538628264,0.8998452853643438,0.9650042347007125,1.1505754698055952,1.2301065198679255,1.2830613692080048,1.2543810821049586,1.3498371714786603,1.5602904548466314,1.6168418901499275,1.348872564295556,1.4177752523295126,1.5180477361453208,1.4778103240606966,1.517709877601012,1.4277487156618198,1.3791841758508108,1.2001445685725436,1.1386978767511027,1.116725628153828,0.9908645924263948,0.8077257359756029,0.7002599760354272,0.7593677120380453,0.5342245516327184,0.2725286669491716,0.13390296292206721,0.03240583822862815,-0.07906581654513764
5.540000000000001,0.39612710886776753,0.5179900921136957,0.6106883851860938,0.8179827919228685,0.8555406198561251,0.8976538133811145,1.0607619879220103,1.2084220878551002,1.391147070797726,1.383729656094319,1.419246714490716,1.523965578842303,1.5412381406734144,1.3353732491403925,1.4075079826025187,1.4957289079799128,1.4972962306748199,1.5235280575762349,1.3644487301724029,1.3656206704898708,1.2955453362506244,1.2551310072623731,1.12904768643596,0.9407332945200223,0.7719757861341814,0.7149463193778148,0.6695403779624954,0.4792421429122086,0.32604858916299645,0.11835160211774139,0.004200061389979217,-0.019518077047608287
5.549999999999999,0.35582986303957015,0.5549615367962589,0.655011387771855,0.7577969743238487,0.8531441718843705,0.9408900124548567,1.0870126621084306,1.0422030108322233,1.4726398502187954,1.2906017100618485,1.402736850965595,1.597343539884836,1.525920097598371,1.4032736473328815,1.3778778533435512,1.4608338880404135,1.4796279516811646,1.4210479386619406,1.350754270893001,1.4002292753859766,1.2726954100720254,1.3079968833736544,1.0795654026950328,0.954588781757197,0.8360433307821271,0.8050973143187242,0.6971467743365617,0.5142398262988108,0.2803682115836998,-0.023743828142659105,0.035272474615336655,-0.11041130501294823
5.5600000000000005,0.4240287036479553,0.6272408673375491,0.726967953973987,0.9352841376454297,0.9066163480513855,0.9686020779394884,1.189875787479734,1.197705800141704,1.3511935800016137,1.3159223733356595,1.460281689656242,1.4624774732968284,1.571039776509166,1.4577038973200938,1.4459864905267996,1.488753569831797,1.5357602822616436,1.4797833566793472,1.425854469982459,1.355669375779641,1.1445693486282997,1.1611775912576103,1.0573426094506067,1.0049458714033093,0.7515076583944459,0.6937868981934459,0.634028490676119,0.5101679845587946,0.35860525853011094,0.11287991025755903,0.012027513478284357,-0.10486793004156074
5.5699999999999985,0.41752864048353006,0.5899267344613308,0.6174138588159559,0.8048460452930307,0.8973549254225722,0.9184394283960091,1.169516387498934,1.23183758915567,1.3360391375751242,1.2623173112098247,1.456453301338088,1.5348421598095447,1.452984510354844,1.3369046161913458,1.4175090859215094,1.4538929328114496,1.5861772649942774,1.4393209144626875,1.4267670242194797,1.272534092676628,1.1405940384610267,1.2459455865722673,1.1004966745326856,0.9507127368773487,0.8670468448927825,0.7585144240807509,0.604258729632874,0.5138948371626847,0.25021833137283506,0.05085695371084426,-0.064656582038421,0.004717942065451397
5.58,0.432545214434822,0.5652103122636644,0.6521636988767285,0.8048596498271828,0.8779700622622048,0.972147358279512,1.0870481706410098,1.1391035882575384,1.3611133003335807,1.2235145116281554,1.3431391080034294,1.511116100397807,1.5084758380056522,1.3686961750455275,1.476252002727234,1.5796565619239646,1.5006935864729931,1.4284076119708524,1.3972939552263073,1.3397481098685922,1.2351054302912516,1.2712115708831757,1.069763469942362,0.9261516429988919,0.8255114737528895,0.717996113463348,0.5144162746330976,0.5852589889791585,0.264164716820614,0.11114186912363536,0.0095393765871145,0.048088052755113346
5.590000000000002,0.37257515506542854,0.5744660321313981,0.6835941755619359,0.84431731964809,0.8736687881995242,0.9162849263659919,1.2353049917664678,1.0604485872528597,1.4305900922189214,1.2607203217803165,1.3661055262797541,1.4792995010877839,1.4896948776700039,1.4414443001010853,1.4258015670790176,1.3715117801416843,1.3615845606230472,1.4201926004594432,1.3934357172552794,1.3786909738743471,1.131258136569858,1.1882481734832373,1.0479709373512194,0.9344093491823419,0.8202358875090437,0.7749961109168628,0.5784451401369755,0.4702224951970804,0.3187576648394221,0.18876183232185256,-0.01673375233038804,-0.05575178506374857
5.6,0.3480247356157505,0.525073691594037,0.6536913309338923,0.8675568893528134,0.8796744558805278,0.9240045562714919,1.2291434794468044,1.0830111412296735,1.4257855889840627,1.3605108841900617,1.450158050502911,1.6052267190083764,1.506664219190859,1.366688837985571,1.4263944687124752,1.5371704162664785,1.5114398854679953,1.4184615004830192,1.3449997802491405,1.3658719765220089,1.1846321433470073,1.175116581234787,1.033249381168646,0.8040879134980721,0.7460564798404171,0.802411003890432,0.6079232018301141,0.42822724164928067,0.2839710838679707,0.08457872995881743,0.07257023051498175,-0.11139196292196384
5.610000000000001,0.4288465144614674,0.6091394076145977,0.6396817739898074,0.8525285354932153,0.9190585419887426,0.8935105246901596,1.0935728385075345,1.1114837109007405,1.387633949711037,1.372491845271332,1.415947134452901,1.417807155046313,1.459904234506524,1.2984484060739474,1.4943617091756347,1.5593317341607764,1.5069973441653974,1.5230480781395892,1.4761272904560123,1.317086963780324,1.210914646517413,1.1941763062948392,0.9472396943918204,0.8852537749908757,0.7346363574663148,0.6882542970050359,0.5406215274300654,0.4112850923785011,0.31961548259979644,0.10461550492171012,-0.05441064491730271,-0.11985237834749232
5.619999999999999,0.4478713442448804,0.6321699726371259,0.7084815324425795,0.8131794667731516,0.9550033884841559,0.9553305954894231,1.0811510112469562,1.0862925471321185,1.2910747490508765,1.3241061386951034,1.4044337937782818,1.4848893392611715,1.5018782360144827,1.3420993908955852,1.4408088720118328,1.5284970437825574,1.5580551143372208,1.5250344033630907,1.3687021103297028,1.3796008732715943,1.168944906400958,1.1374809193548916,1.0355519793567927,1.0034336854055257,0.7675970764342139,0.7474087091688039,0.6663884655135757,0.5174523869267773,0.22387907673255195,0.17527480284747401,0.07599367720732712,0.011978871606419493
5.630000000000001,0.40591919714933217,0.6261568724917346,0.5939652077816376,0.8280742903101551,0.8627743350712953,0.9853037102801507,1.2579956732759463,1.2191918906760442,1.3371772367540924,1.275542599395063,1.3175773993817192,1.405072979517334,1.4495985984180986,1.3171206075101725,1.5000671277346462,1.5760319572889263,1.5663124596068732,1.421572662271726,1.5349018743651885,1.2820459042518209,1.1474054905550528,1.2015407141709438,1.0905067520593523,0.9006874141011417,0.8341891604505072,0.7763634107962021,0.6362183258423189,0.5325721565716863,0.37777081865447676,0.055458914924633694,-0.009113194041709228,-0.07999095553258012
5.639999999999999,0.3685265166152813,0.5318754993874452,0.8341477811997249,0.81232279447546,0.8355585433554019,1.082616777115038,1.1388549976785176,1.11190962763883,1.3632105226872524,1.2899284915485776,1.4303697181640003,1.4156482397029713,1.44484614537478,1.3676745249641047,1.4604300323585921,1.5187917190848395,1.5560023460299577,1.3837808608752935,1.2565529647001434,1.2132713374505468,1.0641398808241584,1.0548073263724942,0.9655293132076226,0.9151576130582587,0.7833268484134116,0.676334422328131,0.5619010614889968,0.46142458863654334,0.3302003066299514,0.08524019816798371,0.08867012001772642,0.020970819011599397
5.65,0.3886768544814623,0.5787945787641356,0.5274975247398561,0.722156569106572,0.8129629017940023,0.8909696546693454,1.1361509038554045,1.1842994376055558,1.4816304011934083,1.4156409237499568,1.385748575795287,1.484788577407444,1.574851367767136,1.4095056244795154,1.5157602009659148,1.419986034680488,1.4173541965471905,1.3240137874808777,1.312470033573738,1.3086842532027236,1.1311243721670152,1.2206137265711694,1.000991718925303,0.9377056060036099,0.7927887939554275,0.7393237737649724,0.5490694614624303,0.4782080399837814,0.3760962357820838,0.13897813079652038,0.002911339197575552,-0.02421382182554742
5.659999999999998,0.4786058237066055,0.6095994400684778,0.6176792812906822,0.7207902441743861,0.8571410375361531,1.0179011362641577,1.1703667017153352,1.18435208967284,1.4469750737932332,1.2959416297635635,1.3976484549451647,1.4667809776949423,1.4982682812818557,1.449240779773711,1.509608199307187,1.4120971658149508,1.47785555092649,1.435931209417772,1.289706240991953,1.3494227479428647,1.1159708405781594,1.1476684668623354,1.027847850177402,0.8810236160424805,0.7433332880975517,0.7495764434853727,0.5139849911362107,0.5381033217802683,0.4846655812335282,0.06359542025014633,0.02778474504404451,-0.025080870810512995
5.67,0.4079850509343004,0.5790014863759446,0.670858273485154,0.7511936024812192,0.7924410312491108,0.9871457560677833,1.0573552291816992,1.1418078396007836,1.3627697238455707,1.3220766657845782,1.3880370627002117,1.4078751040397623,1.452827319292568,1.3901321388153602,1.5040716091594637,1.471970432577578,1.523874360888542,1.4591268945484117,1.3037599107176097,1.2763707459872382,1.0290854760480477,1.116596420604632,0.9973254265483771,0.9080598661698007,0.708919173941816,0.760156453290925,0.5262351749619794,0.39463477435145833,0.31978821123194506,0.12258039003622305,0.05513957811460651,-0.024318618986114184
5.6800000000000015,0.440627470896345,0.6227408120759338,0.6131537123607108,0.8257219616812602,0.8180622238272302,0.9540528311347072,1.2242837498529113,1.1869742170310276,1.3656564068111885,1.3277645618976572,1.4170254144283871,1.5068355606762258,1.4352567658691522,1.4241479410076825,1.50032574631957,1.3904299074676065,1.402980931122434,1.325810199825764,1.222541806463479,1.222867222347496,1.1438521743948726,1.2493725951897228,1.0310569816117698,0.8741847338203459,0.7237277849472585,0.7231289522963229,0.5910990290215733,0.5404006110635052,0.4400575940161001,0.015403785445687143,0.04705706257440467,-0.03919811604131183
5.6899999999999995,0.45710520670389365,0.6134934287869246,0.7000674607326739,0.7450125102458666,0.8173992731994296,0.9691043228583323,1.1235270797477066,1.1997704568833167,1.3485522948713933,1.3176665900024385,1.4141029708207529,1.4637836541791105,1.405675390573379,1.3663134088041042,1.4470240726546617,1.391274646933116,1.6703771802202763,1.4257793955067677,1.225242717893135,1.1341781404076734,1.079120079512214,1.1667224043453328,1.0404876274991883,0.936905689654101,0.7868408453601413,0.624563635211033,0.41074271891363356,0.41577880261109684,0.37749176077675395,0.0545368159546989,-0.05575357591850778,-0.004007628651704877
5.700000000000001,0.36411139116821767,0.5875547747359162,0.6720879175569413,0.7618321367260918,0.8354840784360068,0.9854707061825086,1.0547825547117307,1.1177987234822386,1.3753573354188235,1.3904548615491796,1.5439542607199663,1.4691513278415633,1.4449761503551999,1.4083482152963642,1.4891423750245143,1.467988378514983,1.549506784834481,1.40491057723745,1.3245871802955427,1.294902873377119,1.1035877872710642,1.1910123279874978,0.994780174052932,0.984558200449464,0.7259129651485761,0.6695273008426561,0.590822704213796,0.3804924213893226,0.34561596642648507,0.12171383909960713,-0.020270568373904507,-0.034822627078658616
5.709999999999999,0.4806165164871211,0.6261156185499933,0.6495111374159075,0.8229789765306983,0.8593290753501263,0.9959274440139786,1.1360720457689792,1.2062977970383661,1.3644038689761542,1.3042412308405886,1.4741648069715754,1.4002594834110036,1.382257995431904,1.391217260036086,1.4984338512709532,1.6145037262714559,1.6853260695021917,1.3778964421822413,1.1857358344195537,1.2434879834213297,1.157113725376577,0.9994400484383895,1.0748260584820228,0.9306715049552003,0.7921292236401304,0.6297283549208406,0.5568934891887608,0.40628960985003165,0.3871949377132053,0.07716063923294975,-0.04684078861221336,-0.0064662134665302365
5.720000000000001,0.3587055448985953,0.5612310493073668,0.6720133200284143,0.7996052985453894,0.7416516062639701,0.9161417145877354,1.1283381018544627,1.2160454386530852,1.4489691395961886,1.372015967728757,1.463359195506454,1.4428831935114341,1.4101065416719387,1.4405564393205545,1.476722087632793,1.3487022138393507,1.5485506384580028,1.3496539833318795,1.2118834432640018,1.1944818732169313,1.1575256656708817,1.123020185881824,1.0008805782752712,0.9326712950575298,0.7512160049004765,0.6512393368607876,0.46323732929165495,0.4269408928511249,0.4027521127796003,0.0787171478592721,-0.04200175621440504,-0.1064588555852963
5.729999999999999,0.4480396383359892,0.4701450357170019,0.6793117312245587,0.6970809068046357,0.8725987566373145,1.0290120162653111,1.164856491472938,1.1491050421028155,1.4009243248895846,1.3749330063056684,1.469819787013731,1.4564814515284068,1.3737929236478266,1.3876115624577599,1.5423432775489956,1.4700095916193465,1.4740235035687501,1.3029974371362187,1.2968899783485786,1.2614454911280797,1.1144286759619448,1.0604100801251826,1.0519039796520053,0.8695103885544668,0.9880316488726658,0.7099508507768538,0.4644399970224762,0.4160835667045061,0.4963359228395847,0.14738050455935436,0.05543327188520601,-0.06271636706846426
5.74,0.42579247218038313,0.6110425599499879,0.744287683155092,0.7798475065880339,0.8020335447660757,0.9454653649666673,1.0433595923197312,1.0755984108888756,1.4464621596865932,1.4582031424500452,1.5738276986285211,1.4772475399341476,1.4093268318841419,1.3391413616423435,1.4943611787920381,1.4408880855452049,1.7097549975766175,1.4736187666788718,1.327791670617384,1.2409293669563994,1.1145583737539162,1.1468643527541627,1.099410589285333,0.9808112467434997,0.8009980547226216,0.6838898161140434,0.5706843949505688,0.39246585853095545,0.361203827162329,0.11606014420054069,-0.013339632121815326,-0.03478806840995176
5.750000000000002,0.4641317048169338,0.499187201474329,0.6559183568837086,0.7691453122824714,0.792413376045315,0.8809793226049658,0.9966616867786109,1.0128275352235945,1.3994931483236928,1.4947803585305253,1.5066824067936728,1.480367992852422,1.3588222752682395,1.3846642922486792,1.54338252414707,1.4773079498541974,1.6535182583149122,1.4455864722393463,1.3519910730281766,1.1813501686572816,1.136780453257176,1.1426256521462728,1.0157833882049303,0.8731590238283224,0.7580954657552403,0.5775257410845296,0.463715015698051,0.33660289513380354,0.2944697370533728,0.00032149976765403956,-0.060324739323107016,-0.04236954754796138
5.76,0.36349982321351393,0.5756504522550168,0.6899308502145989,0.7911502669523752,0.8241540302261431,0.9445395215243505,1.1274130340363477,1.2167582113011985,1.490328472515403,1.368695468174383,1.4621460899355225,1.4149533955826183,1.4123804627488137,1.3707974175183488,1.5189352404320862,1.4488105493518422,1.5431640692247524,1.3689704809269645,1.2446795365329741,1.1881146016937911,1.185738754729202,1.093986507016862,1.0309790651611528,0.8722046959851009,0.812059721970386,0.7770363772635882,0.6455506175574135,0.4680082246349437,0.42670671322629555,0.1636647617851971,-0.037588385968065643,-0.033677403775583065
5.770000000000001,0.41679608591046857,0.587322796570135,0.6865357961108296,0.7337509522461056,0.77792636242532,0.9896595663774302,1.1149791682023027,1.1548085698966033,1.3960045086515922,1.4304821166468096,1.533903047042461,1.3843870419778368,1.3289477429222991,1.3948448266683686,1.5367520348207122,1.4587241920000746,1.6556378508857645,1.3993450027897691,1.1917488511952476,1.208671645752352,1.0997562129689316,1.0898306715221804,0.9169532246920917,0.8659155132945973,0.716853195703559,0.6402840837483312,0.4823169703690268,0.3948691082321496,0.39664971151469525,0.10340385443546353,0.08799117716045554,0.0023040206121080486
5.779999999999999,0.3483758980265085,0.5986452465216701,0.7672466095422499,0.8545286165058843,0.8465536501856643,0.9986686205453024,1.1555677011019219,1.1025707220989558,1.3722419722264838,1.4370924312988924,1.5409125729993294,1.404094895722199,1.4343901137307067,1.4457503617460818,1.542817469195009,1.3491679824600962,1.5534147185789893,1.3264612059442273,1.2162968018497593,1.3121017613238124,1.1330913291620048,1.209463880478504,1.0740073498550011,0.8898580816568387,0.77464836441204,0.6831504013331285,0.5970600661503228,0.5095794236278568,0.49899981560106,0.25621480837427574,0.045306469880461754,-0.011474457903793776
5.790000000000001,0.5285954293835842,0.559706682907191,0.6682089776009414,0.6628986335304419,0.8250873360039063,1.0510041176269307,1.1066417969253322,1.3087557131215477,1.4935325793826846,1.4794037090009806,1.5761685854990073,1.4451596784808813,1.4605378760672292,1.4960096552050033,1.4917994503306327,1.4736907935223618,1.6124272307389125,1.4131605681430668,1.317238645991118,1.2274330601375747,1.1858525778954625,1.1684975643460311,0.9844442625968264,1.004885589725784,0.8658411253836221,0.7849766459430849,0.637097690744836,0.5111412989711105,0.5033497379893794,0.12409560146727555,-0.07632320683201584,-0.023723739469067855
5.799999999999999,0.3376886410721799,0.5272077537606459,0.6525428944779661,0.7427004932419674,0.8071883264136216,0.9448875272747377,1.0571250674998862,1.141010103946427,1.469663594889694,1.390793409081013,1.5108903673505463,1.3797746692424013,1.436457658259629,1.51929689316044,1.6342977943057109,1.4614775766445791,1.590402355445371,1.4001238120735298,1.3611848930912802,1.2544763103142071,1.2023316254332888,1.1119916192984283,0.9645592102142548,0.9235450093726617,0.8123737176984894,0.6419564439525809,0.4482011734399775,0.42540842540585727,0.4108580280643521,0.09750587056000756,0.10158735124320045,0.05957592296155655
5.8100000000000005,0.4418602247018684,0.5310016382038844,0.6768425561691189,0.764158425548938,0.8371870237932237,0.9839518885267127,1.0285790382108806,1.1799201433698734,1.4174251732162753,1.4910735294451265,1.5765997069785391,1.407138110191287,1.323345434491567,1.5476319639236666,1.5816804925803325,1.4004419298714739,1.6469992637324178,1.2985949095162752,1.2519622627090528,1.264602084628936,1.0784940198504405,1.1505859479181946,1.0303885475611285,1.0203523035355015,0.8161127983159472,0.7214651607457859,0.6729849004799726,0.4938935733364297,0.30878773098281825,0.12159042705497905,-0.012714631549298479,0.0053671930619783315
5.8199999999999985,0.4002030966031001,0.5080756893174994,0.7667793500049541,0.7887524498164075,0.7831118023042628,0.926086936345162,0.9727507303340717,1.1224805570237473,1.43995498179796,1.5018852779939589,1.4848828558910165,1.3872200694737764,1.381605690446307,1.5287550799443677,1.6320842729431417,1.4340284684445757,1.6719458091336792,1.4290664503806114,1.260940221764637,1.3483837680670425,1.196563618753599,1.0809165731501658,0.9487691003283167,0.8269002326298159,0.7585896220336112,0.6421654949285487,0.5961928960784466,0.5110333226679851,0.5191758766070143,0.1540785039528785,-0.0030085812494288124,0.036510485391716946
5.83,0.31109003661838147,0.4021774253421734,0.63722052874917,0.6760122450824563,0.7608761691071476,0.96453730020798,1.0347740869102497,1.119074928099295,1.3448583612698042,1.548344830505032,1.5872001932141013,1.449614706280975,1.3930620803506644,1.460818387031212,1.5954253792991484,1.4468533354636253,1.6507195819189389,1.531919793589687,1.2739256907230803,1.2416143710933842,1.1880714013523155,1.1370242514023168,1.0048972624663743,0.9111842082433479,0.7584621387055134,0.6681725136860697,0.5061091067237512,0.3989379191566438,0.32882274394501876,0.053734448521436676,-0.12534284588845407,-0.0383246917872231
5.840000000000002,0.37213334051531116,0.5371156458477196,0.6792547916251923,0.7122807498937365,0.8983234199638108,1.093675788928648,1.1090124452879115,1.1774535340645944,1.4360969988724255,1.441919232476174,1.4405652442508887,1.376634269353669,1.455979833377335,1.5701205820980062,1.631436919559567,1.4661624281128156,1.6425186511385963,1.3813131184651974,1.278530859161085,1.083025031743638,1.1856754200187016,1.2294295998609863,1.1491556830391856,1.0134327442787094,0.865241322566289,0.641727009654801,0.5958490209618658,0.4853820106051933,0.4215679154160612,0.11831856449961134,0.057598649749468,0.02450611637330217
5.85,0.40580681345744984,0.5775530199315518,0.7606201313888058,0.787601535133496,0.9440985652551555,1.0597357029711814,1.0238341266848827,1.1948742993669605,1.3749048296183632,1.5050758774868156,1.5493588514811294,1.3887443687712222,1.3950272621895086,1.5408754326434482,1.761481276803281,1.4190722681135857,1.5446417601088387,1.3774804730510324,1.2453897090429242,1.2510095030922708,1.2205925074048762,1.0918567444494875,0.9027240562707588,0.9347758293097341,0.9019725133650904,0.7559363291613693,0.5934864855483959,0.5566153860528391,0.49109841090201445,0.12071734284418745,0.02362181401692425,0.08302545191872565
5.860000000000001,0.36845179743182266,0.537358989634695,0.6977030076954738,0.7296367332991432,0.7887787453783734,1.0377886372225533,1.057767181792481,1.1944536830834298,1.4130515526989267,1.4604774523798745,1.4891086843897836,1.4304929632702017,1.4629221359093372,1.43535117952611,1.547057938895998,1.3649200762196303,1.5770840683475993,1.313846859717023,1.2621679521823215,1.1986443276635692,1.2247522192398985,1.1738588549302955,0.9983522611878108,0.9101017983309043,0.761221938872701,0.6878784111084095,0.425255266024661,0.3818849332365633,0.41818555484631137,0.20248810686952348,0.017625641449176926,-0.05799896498081799
5.869999999999999,0.2644567370259164,0.41078297360795846,0.6263374636816065,0.6728203150350804,0.8173852429236992,1.1111341862935702,1.0929703760196139,1.1628192479524706,1.3774869079022167,1.5152259513779058,1.6380002775718305,1.353996628521935,1.371290939210576,1.6240670092255185,1.6926558479238105,1.4133633947116784,1.6232347606958275,1.391942041506717,1.3876363903422118,1.2887795232888626,1.1606502845616182,1.0177272709265868,0.9450817802611061,0.8683901889330881,0.8025975035181969,0.715202153644268,0.5103659335106866,0.4419858946508359,0.4137773516808108,0.15663060477542579,-0.004153633161200671,-0.03515367261888134
5.880000000000001,0.4488714959083565,0.5530735614797284,0.7092220304447193,0.7253800528711566,0.8939718436850711,1.036965962928218,1.0968719754937037,1.2657862715566055,1.407463842931763,1.4341793277382135,1.5704511217424486,1.3004186348829108,1.4136207546828894,1.6323043594159221,1.672949983921708,1.4065710899992756,1.6971585438821597,1.4549368554968658,1.3412721831133352,1.2026675442945702,1.1645821890103654,1.0895980650747472,1.1138029132305127,0.9431327111578824,0.828659369282119,0.7019168223680898,0.6619480941069096,0.47663778886966107,0.4480919101922113,0.12018359777465344,-0.02301934865000809,0.04103705983463639
5.889999999999999,0.2812062519781201,0.5219160668224831,0.718560538463999,0.7234707550983885,0.8056437055478882,1.0550039869369998,0.9906378862368705,1.1564586768304093,1.3319259132769772,1.441911004293833,1.4866870705270525,1.4601271504406999,1.4044891742325052,1.5138131754164041,1.6785598553129573,1.4526191970419806,1.6323252628365874,1.3332606178600526,1.303547109157907,1.228584153767307,1.2599311619811064,1.0723539158264572,0.97107062547855,0.9078459790000535,0.8918657050324463,0.6854248874092175,0.5642183017709631,0.47924704880993935,0.5052950025808661,0.06699293892945278,-0.06702935891841474,-0.015141963629234569
5.9,0.3919440858326903,0.5748488837120269,0.7421072150364098,0.7405620105016625,0.9006148716209796,1.0950090211557977,0.934454429840974,1.1876368326353701,1.3953283678026356,1.6082545401002908,1.561716968224744,1.4268618673517925,1.4433631350626819,1.5260486999224616,1.7161972912320438,1.4886171707649856,1.5892571660801964,1.2944731382362162,1.2388438248151081,1.1455875464235703,1.0994472158466375,1.0488695120344567,0.9782179566732374,0.9473430166596517,0.8656345783454263,0.7041368165218611,0.5035040921528503,0.3778753376291217,0.47153143216205695,0.16682147512393775,-0.03756119486492701,0.08665805760647544
5.910000000000002,0.3787107161543967,0.44129241518109397,0.761171781730498,0.6964153620237936,0.8069776256965382,1.1209566186983724,1.0958361459530181,1.2079620903425439,1.4115700796960307,1.5138946885109303,1.6461815266463198,1.4624554502210219,1.406995296325115,1.6456132109270252,1.63576463172864,1.4731085136657902,1.5788258044253456,1.4761632691550493,1.2769927385497455,1.3424833362047346,1.2740632069404558,1.1364180026899937,1.092670513222429,0.8943502833091334,0.8109760424580621,0.6744930945026717,0.5771121171904736,0.5706555128000448,0.4292511553504449,0.053345714805277576,-0.06578357654534928,-0.062428252580816856
5.92,0.22982564149338794,0.5015151009997157,0.6827967261905548,0.7461614459433041,0.9116633870489625,1.111094473472898,1.0396252661471153,1.1609932453861251,1.4063986116570348,1.5771093241720515,1.5482447298226802,1.4154954662341201,1.3912326033324591,1.5466138780680752,1.7186191321118773,1.5039717224896643,1.6402182122334092,1.3125506581049802,1.1746406907306788,1.2503444751101074,1.2460866245627453,1.1375900776048622,1.1258769280662402,0.9522058735671903,0.830514316128917,0.6974495443664637,0.5386391464997378,0.40554642483645387,0.40318997383026706,0.17258089457561254,-0.04676173517263625,-0.008833817571799012
5.9300000000000015,0.3224265195010195,0.46328418010984285,0.6684251727071231,0.6878712145887385,0.8191721855912945,1.0609593293606159,0.9882117802522314,1.201358586778389,1.3053657137215495,1.5618664877162665,1.5063111590731293,1.442529022630406,1.3507726842962111,1.5412100364866905,1.5822330070574286,1.43653210317582,1.5724351896715767,1.3360452581954747,1.2941348558090937,1.2463546983992215,1.131609605723388,1.0753959170432297,1.0658243689710105,0.9299136321202197,0.9501487087552519,0.6818633611891439,0.5232845610958017,0.4002533621255697,0.4344732958292051,0.10699212705986998,-0.011521854725572295,0.0165586030339587
5.9399999999999995,0.31861452876723495,0.44656575756723466,0.7145075664612185,0.6837188326650763,0.7783061865821437,0.9697251570617076,0.9873913820484929,1.1714013788384656,1.4226083468273198,1.5937594828547503,1.6152414132794484,1.3858182707027542,1.3915546233739111,1.5767169682925233,1.5925205070506767,1.45303443549669,1.5230581762872206,1.2948296894358042,1.3293556942787648,1.1832661814694818,1.1189714001676205,1.1717522666297466,1.0700680003302638,0.8976814459651765,0.858174896197016,0.7757231834897922,0.6214602880845089,0.5557710922617376,0.35129428444751803,0.07693553066053083,-0.040800235832988724,0.02567574459597305
5.950000000000001,0.38720549604402577,0.5771825080419356,0.6783113157059828,0.7349298380480915,1.013332465914035,1.1730249763201883,1.0056428830994655,1.1637944888762857,1.2864409356499071,1.511318479182483,1.615724805950544,1.415670646292239,1.3920339506282797,1.6088410697193238,1.7375212285093313,1.359298803368133,1.5953729329435202,1.4458660460525872,1.411374963306613,1.3518617555441335,1.2398602519460231,1.0770153232869297,1.036264430918558,0.9970143509642445,0.863291435812667,0.6973077292513643,0.6012937162027463,0.5085216056385435,0.4464160457791093,0.20891617277591934,0.007550940207783335,0.03258088409292837
5.959999999999999,0.22985829225881158,0.4504487486307689,0.695740035022218,0.7362742366564409,0.8912175021279086,1.097500932476596,1.018282414409894,1.161127406082913,1.3464202044957974,1.6132168853956754,1.6676355299937988,1.4325001600594625,1.38349107339307,1.7211192519888243,1.6552577441937821,1.4379258264331318,1.6120410141280201,1.238757110377449,1.2968804279546315,1.2428603946926517,1.256578025176752,1.0991945570215451,0.9893036121929478,0.9078780387762297,0.9453779762420765,0.8670372518664579,0.6585722966185615,0.47776703276985855,0.44809584440630734,0.1607901451180993,-0.08453442906388853,-0.07122945256972056
5.970000000000001,0.31525968977949054,0.5176806939353589,0.7322716046768379,0.6954896759162325,0.8930722858461627,1.0778510643145913,1.0495729280868957,1.2242391594359716,1.276336314520662,1.5194624492351114,1.5494777508208293,1.4166390039688284,1.4301480782042946,1.635731880330662,1.6607873075927118,1.4315436008325462,1.535350943890591,1.2341612759857998,1.2671135259394881,1.2142804119837751,1.2229797960562039,1.1715963180252378,1.0779240438644881,0.940050731419033,0.8130751863622149,0.709210031905586,0.5536613520342583,0.4495331527207486,0.4290851193437949,0.17635729096363906,-0.025613517585503183,0.07387003228793632
5.979999999999999,0.3965481219966383,0.5900498199261616,0.7353390301016975,0.6617028707969984,0.8533768524787195,1.1283265739725048,1.143356799377721,1.2310137748214836,1.2959531676237406,1.5880094929407718,1.4817498685021677,1.4601744793446139,1.374694188298289,1.5842360499920805,1.6020944673891462,1.3760524652459434,1.559535551371745,1.37409485423538,1.313742778949143,1.1623897349903243,1.153871735683174,1.102665295486075,1.091544048164436,1.0000371144827962,0.880549472040882,0.6555341983228422,0.5993047961154386,0.4234914497980324,0.33483008691041566,0.10792504118635723,-0.06521167555393359,0.19524369142506506
5.99,0.25118757319732626,0.5192922294978393,0.7297769781085912,0.762385766891406,1.0187396963878388,1.1576461414679822,1.1193607127891174,1.2241393364459567,1.3574127948628187,1.5436632825894663,1.5582649387147598,1.3478759854517803,1.356860569312653,1.5704894535883003,1.604297653236283,1.4432924662334963,1.5544076205816841,1.3641188917483111,1.336726151364564,1.2950755418282611,1.31027101838713,1.1607264524803118,0.991109021664562,0.9691479179962816,0.835777703593797,0.7035676150066321,0.5399253930298312,0.447260860105558,0.35688317373397355,0.06437476003598255,-0.06939205250646356,0.06424839091002005
6.000000000000002,0.3951527633027559,0.5438626569944502,0.8103043582001563,0.6924947243466152,0.8546994054994995,1.2544671115107913,1.0659538465608782,1.1960372250178826,1.326996487922455,1.486336749853887,1.5198338190370264,1.4046371212502147,1.4144861566940623,1.683871751423872,1.5761681188767862,1.4250598536868277,1.5387514462914769,1.3110046695545796,1.3127947948359369,1.2968140360181954,1.288084031769513,1.1725707837824328,1.0851948525073996,1.0735718145972535,0.9430041475149273,0.7559384334188954,0.5799353234419692,0.4676738758348798,0.3852512065699188,0.13914036081414746,-0.13716307473144235,0.031958333021885166
6.01,0.3658938829015919,0.4068623834150975,0.7510830820708546,0.7596445620901943,0.9063050883693274,1.128746684437036,1.1172312939692401,1.2159164320395939,1.3383522537228787,1.489759622134715,1.5484061011188426,1.4339068369801613,1.439724064020024,1.6850919051757116,1.656680470368458,1.3568106984667327,1.5000176753995265,1.3680696690198313,1.4135400954328476,1.278095540450564,1.2478506012819315,1.1558653078866123,1.0469243206488812,1.071844963793408,0.9834110075881825,0.7808473887702633,0.5220461256329458,0.5140527208153748,0.4163125507042867,0.1633723416771535,-0.02965339594459841,0.080341786910013
6.020000000000001,0.38858194027757276,0.4466937679062183,0.8091256665903319,0.7674050624188887,0.8379646851889718,1.1100281827441256,1.1067613790769195,1.1343573958647195,1.3476564911867528,1.5109140660092109,1.5379808517374987,1.4008072996407614,1.4167146139468396,1.5777045153601166,1.6848785655131602,1.3675967190656113,1.6127500885862691,1.3264164212562317,1.3284353041913886,1.174612202592009,1.167331677059302,1.0368862609568823,1.11745750128072,0.9697774864860244,0.8714793185630769,0.7435406373942544,0.6582745756953409,0.38066184154201277,0.30889885108321286,0.07327413480542654,-0.07446357875232934,0.08463887417947688
6.029999999999999,0.2588516854772383,0.4986497850555701,0.7798172130316045,0.7594620891431652,0.9623826266542088,1.1375759825709306,1.0990620984475634,1.2266534373103244,1.326686656490518,1.499583130375393,1.4969902514259545,1.4268946149273278,1.395607669010856,1.615611069902038,1.744904867996138,1.402671966369739,1.5345973110495312,1.3824529777275236,1.3529756282883916,1.2950798528329877,1.2058339068766035,1.1436430484844191,1.0781907834944429,0.9698255528118576,0.9000009397506634,0.7580955610505545,0.578437672657494,0.4833653015856636,0.4219842533949172,0.20016671377759257,-0.06664266599493307,-0.008183822386818553
6.040000000000001,0.36333415173875566,0.5406154421120154,0.7822132019312372,0.8170164673879767,0.9278478004167876,1.1287791624368535,1.0661689756068098,1.172239265256754,1.2955894089809943,1.4199827975380954,1.4788530413084613,1.35231993764186,1.4130921890442403,1.6420580595528134,1.6573145942086116,1.4069132655679062,1.5919615368160385,1.3510932660798485,1.344963281408891,1.284782459190289,1.2713090238837939,1.0688755376993764,1.142795363094218,0.9942127120429157,0.8590571119860841,0.7513874709350047,0.5925557562778008,0.4749006175839736,0.3633415387437326,0.17304115828271247,0.0024573075299101264,0.06291944974734957
6.049999999999999,0.38608371132609026,0.5046730762157025,0.6353541436630059,0.8461328521965189,0.9692418969107599,1.1100159503804403,1.0438622747143298,1.1158896669321108,1.1734344457038546,1.5419857059879887,1.4998304942173624,1.3537755865651508,1.3387905347477846,1.5899962690818443,1.6805490273770878,1.4895455163263762,1.4287687004257914,1.3698494509053216,1.2998025580778292,1.301180944540526,1.211031596058431,1.0947410960784658,0.9875979212407922,0.9597981486639842,0.8630249074279603,0.8621070871490881,0.7030437188692065,0.4749740926293296,0.34283516721986984,0.18573877887651774,-0.09285185632628289,-0.028220572283137957
6.0600000000000005,0.28838674661352404,0.5668956717352502,0.7492515137179881,0.7903382704894463,0.9598064488398995,1.171093194319244,1.0941781357552884,1.1988887343105878,1.234614078542523,1.427278042943668,1.4484790676988735,1.35539315927701,1.3289480215742324,1.685497876439309,1.7108853253818366,1.4314861996268116,1.5159931099634842,1.3767887571840705,1.3567120127484384,1.2587483727426345,1.2235114249840502,1.0449444280870877,0.9750746099545117,0.9558755149748499,0.898446861387038,0.7533020530097185,0.6574625049955258,0.42621326394600645,0.3054460294446716,0.11637237014478277,-0.1462699334701917,-0.030445568196335183
6.0699999999999985,0.21968888560501038,0.48082339155601117,0.7656483877464719,0.7397758227094461,1.0617375460109149,1.1226226962512555,1.169858073646464,1.1668127561088901,1.2939651132499637,1.4872828539097334,1.571000332513823,1.3392768594518603,1.3694781618200216,1.6009323646081313,1.6249076964933067,1.4770750478187975,1.5137697908288954,1.311230028825889,1.3331666807215838,1.2086533346162933,1.2979884793188665,1.1655223338427,1.0334301294804336,0.9469614104956104,0.9174858116648019,0.7901821929297621,0.7552234237084472,0.4680754906255662,0.3440285635248193,0.13907432822673485,-0.0830489216113853,0.03785457605526889
6.08,0.31613619276765526,0.4775651444272762,0.7415138336891125,0.7065240419640134,0.9556562902778524,1.0587726847631234,1.1278984846292273,1.2500117892170877,1.2750365065857499,1.519155464382299,1.4752481062595628,1.3223703042702777,1.302933982911521,1.5815882873372908,1.6796490402117024,1.5019542011613696,1.5781795870492614,1.3515577381718575,1.3486497285193306,1.3036777753880204,1.2152839887125135,1.1148320428966199,1.0965385822712161,0.9112699012343412,0.85943674361059,0.6641111935370305,0.5812225344653419,0.49005248337935575,0.34651164514212923,0.15651923208618296,0.002047641105707409,0.06368049098078851
6.090000000000002,0.3702029311658536,0.5318612346059801,0.7433840653326003,0.8648690093830007,1.0380910559115797,1.1086883205725555,1.054455024708,1.288233564159096,1.3263175116325168,1.512017942104724,1.486915615358834,1.3832211676439183,1.3985698857118938,1.6351381510824732,1.6046502061667192,1.36346860813114,1.5413984497657016,1.3434939043285894,1.325002670777273,1.2506533720187705,1.2167214153531059,1.14886949658091,1.098164543073796,1.0697296992051482,0.9049606841762265,0.7250190757649255,0.6330869005009084,0.44283354696805516,0.37895206020673183,0.13256846092339003,-0.020395215169937843,0.04946884905313835
6.1,0.43959909054849,0.45677811351541053,0.7321884885814753,0.8518670875588243,0.9209958599816579,1.039458948975088,1.0429535714538458,1.1913953940599886,1.2445969990457315,1.4388176826979693,1.4155045552880114,1.4426472832674417,1.4117791686078307,1.59583126252917,1.5074435298926814,1.390453057438502,1.4434704623432548,1.3965234915664146,1.4203464918643964,1.3104085593307284,1.230906737875773,1.2437485673843875,1.180918293597102,1.0317677037941912,0.9022153697777832,0.7479394029525116,0.575614001532387,0.4477282462187701,0.2742417669589648,0.1927819912002668,-0.07081475336755018,0.1458534459523645
6.110000000000001,0.2511828897554527,0.4566073762821724,0.7096762796896117,0.8632263149388203,1.019310036691809,1.1764994430384659,1.1321268690838253,1.2905194143644287,1.117713725239312,1.389694524168999,1.442840473598587,1.4043481248845013,1.296538287501941,1.5395810631189075,1.491071811227351,1.4299172982236912,1.595669962078144,1.37318137959487,1.3898502676081335,1.1953660461112834,1.1673966709690928,1.0649193928786287,1.1483060713754762,1.0800079464741181,0.9025119375487035,0.6621025643434132,0.584345516018216,0.3912113590910058,0.22668238216407227,0.010104661217224647,-0.047657669666419544,-0.024161726882363746
6.119999999999999,0.3966686310990324,0.48804442332946485,0.6852096841955596,0.8276037590399618,1.1239311439254087,1.271150429045404,1.090381094969944,1.2091966957256828,1.254659749518855,1.5008532367156917,1.4897096025034282,1.2895421883474878,1.3017413528852992,1.645743726902933,1.588472783358251,1.4640275693657308,1.4867256353283307,1.3463789269629771,1.3865554015444828,1.1878310680395856,1.2044571048292754,1.059941593909923,1.0932064390293896,0.9408577679032948,0.9182485911799433,0.7451355576505342,0.598425724317369,0.4737094368717283,0.34348370782179194,0.21015482863638724,0.025910442013635945,0.12472183567828471
6.130000000000001,0.25077512186612744,0.4454613780347929,0.6265392973721666,0.6796621444439014,1.0112824604255126,1.1547250818603714,1.1234320526604546,1.2816827177219798,1.185156661692251,1.350322571782615,1.4139983925106225,1.3961793073941844,1.4665815163064673,1.5879858799945858,1.4777086399298087,1.4019118349835336,1.469194102859507,1.5059575504099119,1.3939176233768735,1.1365714843068782,1.2531117825901121,1.1337988282750986,1.1367853909102765,1.052788754342992,0.9613077386208515,0.7596578040051887,0.6830538053994805,0.4014999715025386,0.2807344981134177,0.17158594510126654,0.025332177081767427,0.08690207904595043
6.139999999999999,0.3050819950198024,0.49001769704584475,0.7743943058167916,0.7676408472439696,1.0027656158758014,1.1218454320045947,1.0888150216741648,1.287449080846525,1.1454756940985513,1.3924824958239443,1.5188964300116101,1.4161849564614424,1.3848350337764375,1.6005865289761425,1.579265996490635,1.501220857652312,1.4710120265153617,1.3618917961552957,1.396205148486669,1.3007427449331002,1.1877894959968152,1.1926592900265467,1.1389309898076279,1.0534784498867487,0.9338510325209531,0.7518207175999956,0.6243690718484689,0.4823027910889709,0.3145418426072143,0.15309179251256677,-0.01552438598324414,0.07890649661078263
6.15,0.3144779244258597,0.5095006403333187,0.7431675081638485,0.894494651066796,0.9585632838879637,1.0187602710753598,1.0661605849802742,1.295094026724897,1.2300981194124558,1.3866727213219336,1.4445652005052927,1.3681886235352714,1.4673336385033269,1.5152943374239707,1.528223518481013,1.3643306291794517,1.3776117289222323,1.3764569666713287,1.4250030691920936,1.212130804346808,1.2586154779560474,1.0745357275688239,1.061193818783469,0.9090330320214126,0.7659556722746793,0.7112902712438495,0.6699274597390256,0.5082744401729402,0.3712057924017933,0.2396096462759387,0.05159190181949547,0.05025905138218727
6.160000000000002,0.3604308736719445,0.38766887549162954,0.6932511580178067,0.7823152183347268,1.0475543072997582,1.132697527794905,1.130864121286378,1.25845804850441,1.1382932266313472,1.412266331122595,1.4494804611486272,1.416632013003859,1.261310432568275,1.5870464107148319,1.5147268419067177,1.4491789436508875,1.4578661686589087,1.2842936580409767,1.3907943737596298,1.275926718285624,1.3440076932046383,1.2187247819813225,1.0198533097591163,0.8998962273421153,0.8728213497156836,0.7550505537813621,0.6695855362753979,0.43338502421211067,0.28767403476421494,0.1254851433250439,-0.053923268503339644,0.11024851694449965
6.17,0.3770422127845989,0.5251129316807049,0.6261898531661849,0.6929875106493175,0.9709723076394451,1.0831276351973607,1.127420899131998,1.2323640360405037,1.2281905084589653,1.367681628794106,1.4300750665423865,1.4356006866956177,1.4292517444103112,1.6091795650251757,1.566292403832863,1.3724906994810073,1.3331858036306286,1.2854612515569257,1.3662062084869189,1.2737800161329966,1.259160909907523,1.1887327280215485,1.1703564127143766,1.0221368947626666,0.9903564300321678,0.8332877271197946,0.6346305896236986,0.4944813734056949,0.2650349977093336,0.08032187462935955,-0.004726215343647789,0.033745374259403875
6.1800000000000015,0.4080350518036724,0.5234795194540682,0.6623286846342692,0.8237420420776834,1.0408079166210358,1.0745215092105798,1.0925522253467024,1.3808981682555659,1.1858427618905996,1.3808141521589161,1.3925008176166416,1.4167144779138376,1.3927561323365127,1.5985786177111754,1.5026662691934756,1.455002808495463,1.4558998147967104,1.4438943735324787,1.3793439415506883,1.2650369397595813,1.3406472386471364,1.1710022722920292,1.0436262208685751,1.0043860811814775,0.9174051040029163,0.7790532237866695,0.5525596943988694,0.5566352606814009,0.30168717786588417,0.27299303898699345,-0.027891862941040953,0.0173945778397315
6.1899999999999995,0.34833877195771223,0.4761829982721443,0.6841979387244174,0.7845335784723447,0.9541728557835751,1.111050859924788,1.0327257193758392,1.2228742483031885,1.2116986844504232,1.3590169033471655,1.401222386165793,1.4517630767640763,1.4445257575198167,1.5786851581325854,1.4876267362330506,1.3615440176651812,1.350862559547108,1.276702610495984,1.3045603022833885,1.2847986455121272,1.271078247557703,1.1894547399444895,1.144793143572191,1.0043394381352,0.9201315197592861,0.8202236103242246,0.5893846803606086,0.4685374154459745,0.35517116208846705,0.20678953087178206,-0.031214106563938582,0.06351449314600444
6.200000000000001,0.4179707470747085,0.48360082568013096,0.6555559364665072,0.804604540510222,0.9627657752980362,1.0377400110357367,1.0561222111319293,1.2299424626289888,1.1177912594799269,1.3617332370126742,1.2636326853580833,1.3496462194462435,1.3502520166346295,1.5714626862245997,1.5374592424403783,1.4127775473448978,1.473296207709279,1.3024126470121902,1.4115076259768398,1.4114549739820048,1.2879944576320124,1.140446047572161,1.0851500475914624,1.0096764483602334,1.0222520224828981,0.7673024911462518,0.5318914121970169,0.3963968605596344,0.1996028221104917,0.0791919371847816,-0.06752433783419308,0.13331644499244164
6.209999999999999,0.29594422919089797,0.4650971243801748,0.666162437565606,0.8975190378315535,0.9342796710298865,1.0761236785482666,1.2328157270810605,1.2392753393781217,1.2428395703315318,1.2922019870378234,1.4047880845106084,1.300812347011553,1.2875020772441756,1.4847585825788017,1.4638886456646223,1.447782521884993,1.4063398088018992,1.4134944453258904,1.483812724954243,1.2949977068975975,1.3205943774204638,1.227046731536196,1.0314438400731845,1.0332954713146876,0.9451709269974388,0.8010110544741778,0.6485038267312903,0.5667680064124161,0.25032305027557056,0.17121630029733742,-0.04293053261405781,0.05634033951858085
6.220000000000001,0.3213126320095979,0.42297563802899213,0.5568392590316769,0.7902370393972471,0.9364541839652257,1.1066130937032925,1.0660054637497323,1.196062384400555,1.1817601312471713,1.2498066808935446,1.281541912580483,1.3228757598847236,1.3281491406647021,1.5402124128167012,1.5804490883212705,1.478539359338822,1.3867789109661461,1.3355635258326046,1.3880443546021726,1.2340795109414358,1.378487462439172,1.1560664142357522,1.1697920098681185,1.093506903345153,0.9836808028936329,0.7731151614117389,0.6071911851593242,0.561835469095942,0.17523770099344885,0.07652154357423421,0.0290320540623981,0.060824094984206725
6.229999999999999,0.37061923686909354,0.47164518502408315,0.5457377762400358,0.6633866599435247,1.003267839320617,1.1505034174241218,1.163931211989272,1.20609645996233,1.152657225710458,1.3190373817449363,1.3897483975708587,1.2926611125821892,1.377247598235108,1.6265105764773764,1.5463669729167762,1.4273847080731823,1.395415269354229,1.3790469592294095,1.3758450422749453,1.360337680150773,1.2714719671860368,1.23300090974126,1.1221334622305594,1.122840161542403,0.8835476753644806,0.7710416427158151,0.6036362793743157,0.48988966174604454,0.23314485162814988,0.21698250107530487,0.056423979293448515,0.143444360132921
6.24,0.2695499112248367,0.49812983161018565,0.6369993629055481,0.8597893632258177,1.0685156586653504,1.1101630883979268,1.1599377353206348,1.2696077956523633,1.2038228659998829,1.2762678874685913,1.2671037593012746,1.2151731659095506,1.3431352958602816,1.5701900747143198,1.5719866021773015,1.4566339152811107,1.3924456411362178,1.533475692697256,1.3744253769397363,1.3134609413038838,1.3015972304221088,1.19419630650954,1.0882963639848364,1.0233365345969438,0.9565430453535037,0.8418078967920908,0.7261666732449092,0.6122778486484997,0.37963683539298454,0.18914055978436684,-0.03313356501958294,0.03358087619885657
6.250000000000002,0.31935904222487516,0.4145464524914328,0.5631908131702215,0.7723758319586232,0.9483439484197219,1.2007690421650388,1.0972896631248015,1.2941793835502449,1.1427771847960506,1.3395349511710943,1.348406000706501,1.3392453552328447,1.3991012175971542,1.5232243729266504,1.5259853747029164,1.5579032868057312,1.4295559652086425,1.4407212109316938,1.4325164261120018,1.4116558589837767,1.2608181698888823,1.1261151571375752,1.1552314174843823,1.0286806256421746,1.037231769678889,0.8898360907504579,0.7053986450884152,0.45701560735017027,0.339947466908914,0.17650929383199943,0.036747261088770154,0.0982251008094645
6.26,0.32660559749523743,0.3718848437109084,0.5052856409233625,0.7395452274235156,0.9633285895571595,1.0484536168436043,1.205234650423192,1.274450513745955,1.268951748084558,1.3253447776494096,1.3346009982422435,1.4305610167570753,1.429735833174614,1.582363925647359,1.5618367098632517,1.5471047106793827,1.388404301221405,1.4189258689528534,1.4614017352168445,1.3425419585056066,1.312489559931259,1.2172446763819371,1.1096281296185346,0.9457778003677044,0.9299407256629473,0.8145806057867271,0.7287453294793559,0.532263060728777,0.3441334924700638,0.11971403714457494,-0.15958130719419006,0.14813280783180588
6.270000000000001,0.32791619882247525,0.4428534468919527,0.5816373636178551,0.7823275185745979,0.9825203986184449,1.083004041236959,1.1715074226852618,1.284015237671953,1.2487817971060573,1.3816228787916343,1.3455408432776998,1.3934891259534954,1.5546124876561858,1.53006047944463,1.5794038003332096,1.5321016880293354,1.4118886248174893,1.4219459060238757,1.4439488750765412,1.3003595111137354,1.2702129200319878,1.2346175822709617,1.164672121489309,1.0213721123600443,0.9114915868592843,0.819073721270652,0.6907046829081209,0.4503612423185292,0.23622649109716323,0.13271157450644722,-0.046627525307608136,0.01360673395061976
6.279999999999999,0.2617520731264706,0.3845550015424828,0.5420030248643753,0.811763254336708,0.9792649707289107,1.090687791354556,1.0436936441622329,1.2898541969228583,1.21097791336545,1.31630182361776,1.3496130994302185,1.3799744958177813,1.4638469393326738,1.5610949507917355,1.4795889194199434,1.4137020385683163,1.420498586994638,1.4365497070142765,1.3814527855299936,1.317990718588876,1.3167180587852794,1.2318427541793997,1.117303819831117,0.9791450648586704,0.9319560955595514,0.7954623449858589,0.7490028927385063,0.5536265317877814,0.4180443708518201,0.2996270111436485,0.06037673103633122,0.06713540399962607
6.290000000000001,0.39583793364421305,0.5499269850403548,0.6148452730508135,0.7499454315705458,0.9527736561240575,1.1446271267199974,1.1623746621266864,1.1859149611046167,1.1540125089602895,1.3947148030617065,1.399450735065909,1.4042250300689436,1.433436224337146,1.614480658356244,1.621875279918089,1.4359087662074606,1.404110612115132,1.4562098451984486,1.3957709831352312,1.3230272960129714,1.3013766347306763,1.1862449704902478,1.1899194645442024,1.082906612714855,1.0256624283055444,0.8466126371014833,0.653837757010954,0.5550943756670779,0.13174875821906756,0.17439695216313914,0.02303151557008541,0.10299595685862298
6.299999999999999,0.3831196182913524,0.3895516114522942,0.6069495473426578,0.8351463523068642,1.067667673499529,1.175558956380468,1.252952478825482,1.2953901378742303,1.2801640409089554,1.3473568278258752,1.3951718800451123,1.3739287197002925,1.393849552771047,1.4679161455828453,1.389925037571071,1.5311904314413172,1.2931640675111256,1.3759568746581246,1.4088519072839385,1.3983732002272296,1.3392450162609855,1.239407512195756,1.1611984702214426,1.0242800231263993,0.9493975745478263,0.8348054319138357,0.7488418404773636,0.5081939554574367,0.31893493372849924,0.2820959856741715,-0.07437659592738295,0.11009220356505398
6.3100000000000005,0.3451751833454981,0.45274274646347556,0.569351297254462,0.7652304964097336,0.9445071774773968,1.0630434765151224,1.0530740031049444,1.3125542863550508,1.244948625610359,1.2967086482489658,1.3343407774044431,1.3988629130918107,1.5077709412039546,1.4969983145572325,1.4723164994908287,1.4829857445375185,1.272062021193737,1.3551940628541899,1.400430524368663,1.428675439144493,1.3740799167829263,1.2507994795974349,1.1965490000557384,1.0920971441880392,1.005238811632929,0.8462687673944274,0.6192097210882856,0.5115697011444243,0.22661218500839544,0.09147979838997497,-0.03267511767177253,0.0749855307288213
6.3199999999999985,0.38362663208708786,0.4906838285565179,0.5745711629078759,0.7611060470346438,0.9574618170183353,1.103765401324737,1.2578072968051066,1.238685118601902,1.120672056012834,1.339610966395517,1.390494773564929,1.3804780790457944,1.5225888653122093,1.5288973706369402,1.4913629492804081,1.5011635217572024,1.418437180273608,1.4332489977045888,1.4228328628728837,1.4110276444258094,1.3585387750832674,1.2487253481287142,1.1849300263848948,0.9369112250839808,0.9338061784161518,0.8574285764662901,0.7274137632468629,0.5678241143573025,0.3077997790101774,0.25773135022665733,0.1268435185785332,0.11358345124204125
6.33,0.31837900347409986,0.479895836656247,0.6074416382398647,0.8347512618190042,0.896304583808645,1.0870924612510373,1.2282145285656993,1.3348109850200869,1.3074781992093958,1.3194881915126804,1.3560848870543796,1.312359535949398,1.4137678561100402,1.601023222777679,1.5057543651562555,1.5073855118990338,1.2904410310710488,1.3973597447459185,1.4260154906794567,1.3464846198809683,1.3164497181765231,1.2871359352913314,1.1699853288805258,1.0048527327753356,0.9474740050764665,0.7742564711305077,0.5932736443383839,0.5078847011944103,0.22048232823500294,0.09615412092270675,0.009842914526962789,0.06259444018244414
6.340000000000002,0.3486208825208838,0.4449460504124402,0.5456659927178135,0.7769714516613415,1.0387131961758524,1.0867927207907955,1.1319095762612412,1.3070589411923461,1.2310421272158152,1.2932113538403154,1.3189357666299588,1.4096302072500266,1.526374066630327,1.5350233571703222,1.3679326250221944,1.4373934075352508,1.393986830180984,1.4733532574632415,1.4423053253619333,1.4304156179986445,1.34277520543485,1.2337397142716469,1.0185650065181933,1.1110176756805008,0.9846804607313824,0.8940452621018002,0.6996921768895429,0.5265210739372312,0.2945608762204357,0.130360292669296,0.10541113298197177,0.06914871784739607
6.35,0.25858743449342325,0.4594088592829837,0.6515529562523901,0.715288706770452,0.9435778093880643,1.032466666274338,1.1275913430058835,1.2446348707945285,1.2015556868410364,1.326173259739382,1.3866577143953012,1.3985618089734322,1.400391283839448,1.4268292769738449,1.472939429875582,1.5409459615194254,1.4571064721205516,1.5217618293195159,1.42119821969394,1.424502971869709,1.2837597761079313,1.2362346522842207,1.1746631722158727,1.0847097529641647,0.9204287271558853,0.759273091018836,0.62124164276582,0.5270204355821392,0.2004250088153003,0.2621201147183847,0.03281842400952752,0.03803580186171955
6.360000000000001,0.24550223142617875,0.46873012774100276,0.5911305543511106,0.6866976959341087,0.9128008322160567,1.0327851294822308,1.1730148309877055,1.3264540890848524,1.1444216996550183,1.3072670603263616,1.328892017403915,1.3978547870292444,1.4727551800687635,1.641556027939516,1.4834820823767885,1.531816597300717,1.4315238077074608,1.5099136059269664,1.4288968178476606,1.3845011012636905,1.2581425126380987,1.178191982188923,1.205788860727182,0.9719068792108606,0.9228633779389437,0.8247602126231817,0.6022502520168244,0.4713510240629907,0.23474092564464918,0.11251846717539428,0.10676740755361809,0.15303979697160663
6.369999999999999,0.27816932793581384,0.4454705587918782,0.5664543039558523,0.7589303535144788,1.0193262706166981,1.036990404584893,1.2005858132081406,1.2199672082219435,1.1406854933168036,1.3546971702353665,1.3849837916104861,1.4567589254179498,1.4983490382816864,1.4610217208780258,1.465124006808662,1.5890921450838804,1.4620637623016788,1.4692627933649534,1.5028683230847106,1.408755922136564,1.2588267361973449,1.1673632959892846,1.0677399838758732,1.044598040327161,0.9981817039576133,0.8830805629426026,0.6309714859242566,0.5931953210839728,0.24498780206263307,0.18375470363874025,-0.036408048777375544,0.07269816996550013
6.380000000000001,0.2707074165390285,0.43362916901602233,0.5585699638667323,0.8464294995949759,0.9813932853652594,1.0088748774432748,1.166173398081178,1.272274056110925,1.3546551200462122,1.3989777560887515,1.387525949033074,1.410459895403971,1.5240023641075713,1.4725744637149045,1.5074511577033887,1.5097401267036257,1.4659147625383286,1.4989817782442194,1.3529684577806007,1.3963633559785598,1.3188261120024685,1.3699439545803576,1.1156839748713736,0.9991237896745299,1.003435227191843,0.9011521555669383,0.662101547074306,0.580905120401306,0.31719681178194964,0.23600850991653005,0.018900872326730354,0.11018853368120012
6.389999999999999,0.19708137894952582,0.3768787952350821,0.5767405507549741,0.9091231667993555,0.9686826441413414,1.142544463690636,1.1625419601932625,1.334089846265352,1.2561250015047942,1.2481777277532247,1.2427778268155523,1.3952638617973796,1.5628498681070462,1.5807680289863275,1.4240155461306039,1.564290266161227,1.5016031687770357,1.4118451312822375,1.4127277206537856,1.4242608880484968,1.3152594201090742,1.2512479275151194,1.1649319346121019,1.123922998418876,1.0048592129187657,0.9163615876350142,0.6895374259775051,0.5143708312583002,0.33921608604315223,0.2569252394963614,0.14967058906183411,0.12644041448843826
6.4,0.3225379440925,0.46752699006330584,0.5618144032556294,0.7630250782579105,1.0248684650292574,1.134920007974459,1.1976250788158862,1.396171395768577,1.281026834193645,1.3038510573369133,1.3302888855973758,1.3589762558460696,1.512618150171094,1.6314004365186865,1.5071887550299965,1.541946169237011,1.3909367250926812,1.457181297116863,1.4735093593129105,1.4176061525532688,1.2449948957624657,1.1841753183877914,1.0810756639671277,1.0496045307608997,1.0791269741767084,0.8021758258265478,0.593905571122938,0.6179714460740402,0.30930543147358885,0.1958331945750547,0.06094971291561699,0.003732848455915351
6.410000000000002,0.23965810379636826,0.477636060281378,0.504553694840796,0.7617993010027156,0.9246397903043665,1.0250210209052293,1.1316999426577377,1.3075913690385956,1.2193757260007365,1.2275776032305872,1.2805103259370425,1.4488140556750337,1.5451517528653038,1.6117371170670873,1.4983482638703016,1.5272137454307573,1.4231580624867604,1.5010934050940854,1.4585148828668382,1.359524283799888,1.344491972334032,1.2748742968674032,1.1250150035550317,1.004449863641921,0.923076224216728,0.9293428976141513,0.686616546375514,0.47280599336455487,0.30609113332986293,0.1472180008140785,0.13151890362319107,0.04395779450986099
6.42,0.1804823400946733,0.42608363494836354,0.543072031422217,0.8184613975625415,1.0723967061844641,1.2836321913356934,1.2139892614595353,1.3960854407241596,1.28126896942944,1.35367128383179,1.3741349684721202,1.5701630218045952,1.5058367597095828,1.48770427060567,1.4483470002004781,1.4490427113977546,1.3643360504580284,1.537574900705422,1.3975644940763436,1.3898058467360457,1.3782153061623312,1.3358900361177,1.1839584952168447,1.1127698755877367,1.0179379638755275,0.8912941300560207,0.7353326831724578,0.5100934732543475,0.271684924550222,0.26748761763444917,0.10796419679052527,0.10203894191014404
6.4300000000000015,0.24127728639449048,0.45963007182694526,0.5442711946671162,0.818245453984659,1.0232291583711637,1.1421420333999306,1.27673655444461,1.3936079299737039,1.3066304401934385,1.418537115877923,1.408836803989308,1.565273317449385,1.5292146345527082,1.463787546150078,1.4549313130126151,1.5097013220832256,1.3560160226488414,1.4733677814472195,1.5236473645284818,1.486898278191512,1.4100839136536094,1.309930387473609,1.061391813385111,0.989285701559644,1.024856982710778,0.7602127402772826,0.6783383087558872,0.4738535244893868,0.15703519645867106,0.18397872970203927,0.07660856686705153,0.09428486668699768
6.4399999999999995,0.2939976371264185,0.4555980312074603,0.5935173239868656,0.8315616240893656,0.9445628149977339,1.063248864359284,1.1968651676808144,1.3927313083467576,1.3101590292540186,1.3094656008668364,1.3932887855761404,1.5334713126014334,1.494209125390251,1.5654489983350919,1.4784873607887585,1.5518889523103516,1.432649746664291,1.5192275882480049,1.3701285638882434,1.3674943322430384,1.3467284614769306,1.2934342805264185,1.109253639437065,1.1002896102819366,0.8919486648607269,0.7867266978584923,0.6699086217243092,0.4664299732872121,0.3368833464706026,0.1790874835111129,0.068560920620394,0.15801397005954726
6.450000000000001,0.058356388144616425,0.337318918937261,0.4694931837746645,0.7354974843175967,0.9944764128802531,1.1412691318050887,1.1453497624361568,1.2944087544113163,1.3175407843440836,1.272674860231439,1.3148377615837403,1.5053695067140276,1.5124236486409106,1.5733539464204134,1.5020268474938843,1.4434193866605423,1.5148484281626156,1.6382618996245584,1.4979456205159054,1.409992198395512,1.3258099877105152,1.2524458448462632,1.1958549222937378,1.0236714397806614,1.0382255596093657,0.8879493168977195,0.6237848525594305,0.49126338449302115,0.22645683777623318,0.16204503211254845,0.07270140613617117,0.02009389683290021
6.459999999999999,0.2281537798461694,0.43994927522554184,0.5905494559778697,0.7667942108016558,0.8635692585359578,0.9653993001774117,1.1761347629859507,1.351963928837715,1.3230322796390748,1.3628269799591768,1.3629253296007064,1.5558965337541006,1.6186755123637153,1.6449433367886432,1.469626190978763,1.5199052312641217,1.4182797973036203,1.4087887382371953,1.4191241998901152,1.3814873878560414,1.272335892016461,1.2326113701267993,1.1967182627862383,0.9729320898318191,0.9228636320853003,0.8292707853071359,0.7504981411007482,0.5364297558157641,0.275718192109534,0.20328174025661971,0.07454602643044807,0.03966178609326179
6.470000000000001,0.2964123791124752,0.44020082354012013,0.5034877995344058,0.8070610082874489,0.965538903851568,1.1080174487820718,1.2068140715092135,1.3197215638642343,1.3339151028169178,1.4003044085863958,1.3559926451418562,1.4705878536178694,1.4941907147766846,1.5082520016483487,1.4284692868566178,1.4920092471760273,1.4120393457501106,1.426552175968404,1.4427086262410034,1.3938344273441852,1.3484550279681897,1.2398555688428352,1.1661285377689206,1.0335711300081325,0.8919028387338263,0.8412842687614254,0.715769763903849,0.45455019727279317,0.22418379725028934,0.28072378414074034,0.0905924237512298,0.10412892406091276
6.479999999999999,0.2633397208136049,0.4263916082365258,0.6129661224408827,0.7176755962077008,0.9516701116782875,0.9576401137118153,1.030196718770691,1.3067237541803036,1.2736821240465201,1.1831818621752441,1.4054685317302569,1.5987234670345933,1.5802626090800238,1.571065540260919,1.5290050174280785,1.6055946054612027,1.4622549949091452,1.526925474794141,1.4827662537735335,1.4402201848830298,1.3531043365469113,1.2829732778965808,1.2279480389668214,1.1129015905034185,0.9705440817442006,0.8271468076131786,0.7344745473649186,0.48539118288437966,0.31799014329025005,0.2715815718422397,0.1443339118119786,0.04523138768746912
6.49,0.27784342851773786,0.40200632519275,0.48583558874267946,0.7924445284389019,0.9029261452996307,0.9821578476054109,1.1550720194561184,1.3124679639383343,1.21141905683742,1.2585243521265066,1.3477287109067728,1.5898204743221152,1.6577096961796185,1.5389651986413455,1.4307909278941668,1.5930215208738199,1.5235557693895816,1.432244040331525,1.4054746235727285,1.381778003896314,1.2558628132865863,1.2338878520435095,1.154383648232793,1.0810555394425023,0.911752790333248,0.7454785039469553,0.692739491282808,0.614279297151968,0.37064305401359604,0.27158363584234735,0.17302925584764509,0.056874091289427185
6.500000000000002,0.28906589406365546,0.4194023470021813,0.4790142996846253,0.821676258327934,0.9151411299901697,0.9894799108819405,1.2474966389135014,1.1946000474463077,1.2013542457215909,1.2862711582836759,1.2766778989494898,1.5667297561978364,1.5066804671064529,1.3838197557653462,1.4404060198907567,1.5190831164104868,1.4467476133049753,1.502278547241832,1.450807312262645,1.4024226117080778,1.2492819038587661,1.2104197852010916,1.1680273760499018,0.9948299794758175,0.8748194390980389,0.7969506034054259,0.6660416140031069,0.4944492070241096,0.33962374182672883,0.2424394257454222,0.12184781065212338,0.08002600372111712
6.51,0.28845985826232323,0.4539138575954498,0.5717331229991836,0.9163082920352482,1.0263048630352962,1.0901555407196166,1.2471262400095533,1.27136574102374,1.242299823055106,1.2807130655759908,1.3504254815755843,1.618280560663079,1.5055909512085361,1.5474624649894164,1.4566686765740815,1.6280397726256592,1.400355454826511,1.459523076712753,1.4488380265013059,1.5072422746544538,1.4057589201778398,1.3411332554072242,1.1060713762083973,0.9936751957849247,0.9215020646688643,0.8459259004156585,0.6824285189618715,0.5243611753698203,0.24980895557249638,0.17621513345764572,0.1424684994431289,0.07779985323809019
6.520000000000001,0.2297054319033714,0.5024243076957692,0.6651699675052735,0.8514678461607583,0.9425287971282296,1.0558910889325588,1.2379394213223103,1.393630965270387,1.303067725228257,1.3614647119761911,1.3967473607075784,1.6103381746312508,1.4492213549752693,1.5168174285714768,1.4459079546128917,1.5443487021943159,1.4659422394377257,1.4735595354043562,1.408517009440865,1.3431102609472747,1.4178303282191926,1.277253091887064,1.2347275442441297,1.0210030154150709,0.9148689017103357,0.7463938304080011,0.7319342585700794,0.5567587585553928,0.25792586680452756,0.2386640406061118,0.09768536496059275,0.06639731591363242
6.529999999999999,0.1979058559515819,0.45095156336190745,0.5802013306077657,0.9774831164769869,0.9979270574180141,1.108620632779192,1.2282253392281983,1.29901505307329,1.2602692821933343,1.409680894379907,1.2718529570003123,1.6242048676105445,1.5481052519346337,1.572842488051018,1.4343477784162155,1.5185166451333627,1.426179305760245,1.3779216115045818,1.3518833553613252,1.3783671542980107,1.4142201270122718,1.2743320569369299,1.083408907781334,1.0238211539577688,0.946891394939308,0.849576636893103,0.6195729090226604,0.4946383208834962,0.25297218105015534,0.2505363980138974,0.16340002347656285,0.11970599201238281
6.540000000000001,0.2982069138281833,0.41425131724711406,0.5773347213493701,0.8270601632471413,0.9126050247436435,1.0157064143277423,1.152132051992386,1.3048756766264022,1.170436598851109,1.2532642884781642,1.420102872032016,1.6216074669724019,1.402482730554806,1.5316319036299926,1.474384899861985,1.4503651508786126,1.409804106847321,1.3738164355133946,1.4146229008788234,1.4291660182708483,1.4367455391322421,1.2956322510193938,1.1512654186843978,1.0676560609067964,0.9166721687334588,0.8627039638145844,0.5954155051406045,0.4691237819287284,0.2416683591192915,0.26347006157176084,0.09824798076904265,0.08162475210051036
6.549999999999999,0.24169218576181298,0.43356235176735103,0.5405295184595742,0.9139921789296092,0.8877329733992955,1.1285774649643008,1.1852782520187541,1.2805258611720203,1.1565627019421572,1.2754005501946724,1.4508045335246966,1.5759804011975822,1.5650609258346,1.4776516747703021,1.3965005558828918,1.4691154344662578,1.3663566529903481,1.543129621235021,1.4515112286332665,1.3857770399794274,1.320980135103013,1.1685269919433885,1.1530456896712116,1.1171819264265408,0.9302531549289625,0.7607502429921111,0.6244733944778827,0.5024774956842706,0.2662559991069295,0.18046970766296694,0.15290353276535779,0.1605347671706917
6.5600000000000005,0.23584565300616533,0.42353900450316545,0.6605556997556334,0.8703908496880545,0.9964483756229224,1.0568649624366728,1.2656735845314715,1.2791534851475213,1.1598599686351305,1.2900015440344277,1.3048949699389654,1.6848625420832495,1.5995950491781936,1.5145837594759284,1.4725993324331732,1.4864872365553408,1.4211701626513424,1.5266117970832291,1.4588022525864834,1.336312300754543,1.3817036728994303,1.3413714148746456,1.2072198779616812,1.0070456466405697,0.9658852140546936,0.8415800146066873,0.5746003321705477,0.4209292418274062,0.26705527225300546,0.22076349478164212,0.0722658170524501,0.05677442264454172
6.5699999999999985,0.2884048168714966,0.44196251818364524,0.6504996123967599,0.806979336843968,0.9232247514964076,0.9778173190828606,1.1971622846331416,1.33143671091743,1.2067003524121993,1.283872944106404,1.3033445321405093,1.624765921279632,1.4654226931658578,1.3789847534280637,1.3767666179899702,1.4391745646004814,1.3709699894233303,1.450130046798008,1.3465632799157619,1.425553908226023,1.3042814911246228,1.2024827825969457,1.1662357218457728,1.0547815981863717,0.9100358245974831,0.8772786632064514,0.6395515438588191,0.6172628089547981,0.33292591132802485,0.3224749161163796,0.11730109589346376,0.13880394551559622
6.58,0.13676534662902062,0.5305889118226025,0.6895927232632029,0.7810525906185593,0.8414339873042266,0.9334729447645647,1.25310904468734,1.3482154472710322,1.2520386657532083,1.281536424609325,1.2861956716368872,1.5292315142243107,1.4590749464223638,1.4101936681081455,1.3933061072040958,1.4014423965441045,1.30985732694564,1.4767475038137803,1.5207507613390994,1.3791069283116248,1.359878294919334,1.3342407581623825,1.1902128837476476,1.1118687260395073,0.9539318582618682,0.7425610269024862,0.7191528214916538,0.6862476906558299,0.3061408971069598,0.24403262421403993,0.09180083687484578,0.12280086891733906
6.590000000000002,0.23236400591551076,0.5003344443442971,0.5466770189724705,0.8723003876903153,0.9921340423426637,1.0388884004488368,1.2367285616830739,1.264366878289351,1.252945115741264,1.275539882088743,1.3286783994986284,1.6395805110357837,1.5568247741936716,1.3831687258257457,1.4434182384642256,1.529455864362675,1.4838479549420784,1.5167621347083107,1.3747407614350342,1.4235329289314749,1.3128161399703993,1.256143035097917,1.185015288131233,1.0140394306011336,0.907206670807137,0.7347723050959505,0.6654858907213642,0.556729181465093,0.2895842232912448,0.29302304175453525,0.08512575443645004,-0.008167699609723775
6.6,0.23730601309771723,0.5164907783371071,0.6251663172546391,0.8941142920399927,0.8777997694645425,0.9162813356787685,1.2377153341119764,1.3519996973392554,1.224651854478551,1.332758757614254,1.3084948959778209,1.598240074069162,1.512749754954184,1.4985187217799107,1.4551201216327527,1.4857697390863724,1.4394321951601083,1.4440929527412039,1.47008675073555,1.387694164295916,1.385638513567852,1.282215633796791,1.1589976261602424,1.0415270652342399,0.9817446782590136,0.8036928124523011,0.7078867846652426,0.5075470062904383,0.2902446546029279,0.19668601648810233,0.1816091447895574,0.10223769303068297
6.610000000000001,0.2936963159584844,0.46379093245702235,0.5483691181659195,0.7537505530839576,0.9339415078125539,1.0066692801291452,1.1406147893741865,1.2248272219402245,1.2638747977654465,1.2570018456541785,1.2908030115938922,1.5424414499258665,1.5411201795644087,1.42887839135521,1.4554389763461957,1.3936811429572358,1.4544169404752072,1.4959838714909939,1.5019303335424041,1.4719808405461359,1.3398243221288024,1.2404478328736772,1.1138298716450723,1.0495554879285498,1.0393597961747392,0.7876086794559349,0.7128604519856733,0.6111102605861432,0.2713541845195256,0.2574220555520196,0.1053988402987227,0.08135323314551278
6.619999999999999,0.22877739355112883,0.49541050598331926,0.6808910787688511,0.8808493086394795,0.9355541177643577,1.0166005263077054,1.1433033063239395,1.1806282024658006,1.2687683005872312,1.158041245930159,1.241696522512981,1.5723882316356592,1.591770996742527,1.4427706504051208,1.4176118790388927,1.5038473436305417,1.4340743289420148,1.4968266286563925,1.3640647561863257,1.3265923474895285,1.4201700162693376,1.2992556575790348,1.1927177910285165,1.135172993903084,1.0112688719768697,0.8773582274528896,0.6971583758661327,0.5096621114267197,0.3071494215984415,0.20337529299063983,0.23899623015914398,0.169673991879712
6.630000000000001,0.256104321130293,0.47520631501558297,0.6240301672688373,0.8379860860760036,0.8656420436807283,0.930984931714007,1.1757218888567726,1.2580971144153419,1.2340353797061072,1.2028400581794485,1.2770902955439754,1.5287496485714818,1.4930342980872524,1.3510952489834978,1.378305212877257,1.4495644097646239,1.3883477338094221,1.5298292175391588,1.4358939707861254,1.3954294142413506,1.472666678904068,1.441739971987573,1.2256813770932653,1.1321687191154868,0.9445627913059477,0.7905162787582668,0.6011051262519295,0.5300371513984226,0.3374462832275638,0.2847338215415488,0.10654012734821056,0.1451581101787924
6.639999999999999,0.2046492116317571,0.4390292570221236,0.6240922991322813,0.8706072752897571,0.985165122035269,1.0505140421324315,1.174744463511547,1.190524784497074,1.199758892024208,1.2605051214989358,1.3405831397486931,1.5770433580189962,1.563455117016658,1.4645319834576365,1.3938199938178137,1.4934398953698735,1.3723289449829925,1.5068180854080775,1.455465159372332,1.3121370195569093,1.3687245528091798,1.3350343192244205,1.2225258544320319,1.1565295060214456,0.9924577640073774,0.7871581308981008,0.701502205613335,0.49683868554082156,0.3031500679120306,0.1980372761851707,0.07180620318168456,0.02245002740396854
6.65,0.30614932880887685,0.45062056734464795,0.6164956598828234,0.8847161265889387,1.0442015440034418,1.0022434666354998,1.2933362461423255,1.3165408455515184,1.3740064457944106,1.2773689335656773,1.2888328682366288,1.5103476579540538,1.5135832041704398,1.4021206097785277,1.3623310268574331,1.5393490142678772,1.4428669415124182,1.4044843196101509,1.3735472378397173,1.4553384153128777,1.4160719302640965,1.3168959643676945,1.1892255867895338,1.1787541094859546,1.0220642193928546,0.8170335128875446,0.7145264165847846,0.6153884526340779,0.3235974609503379,0.16061539816934517,0.03933717310362176,0.11711034570711185
6.660000000000002,0.2794922665545007,0.5294340711710286,0.700054382537174,0.872418258524578,0.8943355962934257,1.0643375522336007,1.1187918538325945,1.154327802294653,1.264501152053203,1.3487940585220621,1.2645002193659152,1.5091116179450488,1.525145515310069,1.408637880269908,1.3587011765647858,1.5689351171679002,1.4672602070229885,1.5308789698640817,1.6026166863194518,1.4236077318193812,1.337729486818467,1.1659492606820183,1.1978897495910998,1.046234517891383,1.019071318332256,0.8644668047246743,0.8267892383196555,0.46462678686297404,0.39245793996902045,0.26851542935590317,0.08102901936491881,0.09231971828583009
6.67,0.3403786145301142,0.539371728684534,0.6844678392763646,0.8247307009391247,0.8183693664217845,0.9323129811047834,1.226907728175813,1.1457722999142474,1.2410243967952586,1.312503191045487,1.2141629766199753,1.4671739509630597,1.4403734929299856,1.3590448255839591,1.4543528719757253,1.5860861347724229,1.3489607426593355,1.4789724920047154,1.476113390437078,1.3349760020249104,1.3321978866308206,1.2777101196280807,1.2982309034639323,1.1542739339645094,0.9706023852440417,0.7710759425064453,0.5795772077222946,0.5875888451168577,0.4135727657631044,0.2351979545249164,0.10174982372323974,0.15329837847266414
6.6800000000000015,0.2752753699105118,0.5796656962062328,0.6379402657111876,0.865483442414804,0.8573792886809833,0.9599848153596424,1.2633263174637581,1.1834786886606314,1.2948780832408573,1.215785773991661,1.398842890966947,1.5423099836801777,1.4306702652467393,1.2991734207506769,1.4436360127764205,1.5604244980367397,1.5314906703289926,1.4654131915935862,1.4930731259786951,1.4014789466142152,1.3489399955074086,1.2652196537928877,1.1056720011454366,0.9792804453748211,1.006744684216849,0.81004381810429,0.6738702384316472,0.5001813851144993,0.3126398555861101,0.30476492247503095,0.07606560006428977,0.0325267313266468
6.6899999999999995,0.31141985711527304,0.5460007108954,0.5839839939498968,0.8807333479150009,0.8851822053862597,0.9710874874314821,1.3329965648930293,1.2331335873267517,1.2963399925581982,1.1860237334648436,1.2950161816924297,1.5980885332244665,1.4631444721180364,1.3622479704956223,1.4437095444154242,1.5414810732373465,1.393015559518029,1.5277106934183537,1.53450527567469,1.5867956670932803,1.3764165064762484,1.276116487296446,1.212686536915763,1.1565237351148887,0.9652082104590258,0.9096960259351952,0.7477500262900596,0.49736621707030043,0.30492103922396846,0.26725157408042327,0.09891780347017397,0.01393366865930689
6.700000000000001,0.30427888064661585,0.6238193158676646,0.801449372424439,0.9702880302658677,0.8752320310513584,1.0565439676049648,1.2781188772055811,1.1981840942686564,1.2138982575654484,1.1366594070888152,1.280420669614478,1.4874810980355049,1.5330171033126059,1.4696110822865747,1.4015424274795287,1.5092736193505765,1.413516462851642,1.5729825690395798,1.5597045363429907,1.4249157449461016,1.3487346910068339,1.303806123676413,1.202318772627882,1.0678137388121203,1.027995687388762,0.8628010466806221,0.7654853485947106,0.5788421850232827,0.401824507506354,0.19196850623520817,0.03370262891519383,-0.02130991885521253
6.709999999999999,0.26613400789237307,0.4621430159967576,0.7124879097150816,0.9027193936511874,1.0305288439481484,0.9970406974547231,1.221022247612637,1.1919766008737218,1.2571047587365496,1.2755467954213668,1.2617091715519841,1.4672686605768095,1.4580321005318932,1.2943033928758407,1.386922923777458,1.6165218603657208,1.4498862914691657,1.4825803737884078,1.529494511975192,1.431632506004146,1.3800529232235421,1.3012337776593497,1.248861114610586,1.1015807835506086,0.9334592012991858,0.8171424591886032,0.792938803207103,0.6415087664284167,0.39764923447632006,0.2404173841563248,0.1561689331478631,0.13025567951252953
6.720000000000001,0.40577751960755576,0.4388437961814049,0.7275101175715932,0.8261609412682487,0.839009814206399,0.8846345514723073,1.206594340831114,1.2189456144925102,1.2310395189847578,1.2236472192122634,1.3400555444041842,1.5522119459205788,1.5072522867179017,1.315984632335132,1.3322881023394877,1.4384489459482648,1.3963079738227044,1.5098045681561316,1.5242646233109653,1.4869441232922829,1.336202619083077,1.2584406391164313,1.2120589347524917,1.0685893582089798,0.9866403696557297,0.8844801965333924,0.74689476115346,0.5636541575623781,0.3781436208010352,0.3148015599149222,0.16140642803846017,0.09638866455762998
6.729999999999999,0.3930783461949815,0.5601454836222184,0.6476754283273947,0.9183110297495984,0.9660122158913493,0.9746264197861748,1.1397072965512205,1.1549229290394851,1.2397944066630444,1.1767576648822602,1.312119255498225,1.6707238154581927,1.4947090182010563,1.2843983235739058,1.3496683112772334,1.5326459487738329,1.3294838310637354,1.415690245565334,1.4798596488199875,1.50128773534623,1.4544378520358978,1.352305784359011,1.2348382767570398,1.2072468190680872,1.041970090535513,0.9065419997303141,0.6698106708992939,0.6691088262656955,0.4995983538316681,0.26104701100184224,0.009830617626856223,-0.00429706403550615
6.74,0.2837852123460104,0.48229409583228344,0.5988222691529971,0.8394119877618126,0.9397924199008723,0.9832146095422006,1.221927643328331,1.2592212984453475,1.3019120780333355,1.2947127458046266,1.320568422470088,1.5883019457554994,1.5325569659256182,1.3672688396859638,1.373423553556338,1.5260281825011175,1.3672698782843522,1.4451663277251936,1.42405025326483,1.2984580610193326,1.3249905733328355,1.3219077595758613,1.2808012251627612,1.185923369756429,1.0742758871494902,0.8741096589080104,0.7012501619602536,0.5350269298204906,0.40628736258458653,0.35885842260088474,-0.02550294744193721,-0.026658931170428286
6.750000000000002,0.34868895344251527,0.3726846496917052,0.6281637894776654,0.8529787622257977,0.8336258972463083,0.9586123815857197,1.18244115672745,1.1780201121574783,1.2643957632208245,1.2257080183327964,1.397373530207907,1.5164414692319244,1.53598669128485,1.433038431676945,1.4545301075036656,1.5826258388146872,1.36896845017803,1.5262477813527258,1.5104573980903557,1.4345256537372222,1.3898884242224838,1.3362590084503605,1.214389128448592,1.0921243659426845,0.9480129476147637,0.8526907126796973,0.7912083336862091,0.5858071848447812,0.3874109184547436,0.2970156672577381,0.0725735963431871,0.09433808096478233
6.76,0.24415595612957092,0.4909373173260577,0.6692166900232035,0.8053300804626845,0.7447560745452437,0.9455683123440884,1.2792870855034995,1.1901916345388863,1.1628966139342367,1.1748041859281946,1.3297863797687561,1.5023174307067029,1.4979738375307095,1.2862817244399631,1.263278347743717,1.553763308758068,1.471195891539105,1.5153140745733777,1.5978309959005768,1.4384505322815608,1.2997574238978877,1.3175809970673262,1.265049229652053,1.1060247018776086,0.9651448022730229,0.9003762603430611,0.6429988755024684,0.5313768745442131,0.35381454447563443,0.16070990512176894,0.07948481226566424,0.054215041680468604
6.770000000000001,0.2791002156293585,0.5200332887118252,0.7076988851760277,0.9501841500591611,0.8424615034999672,0.9333686592909276,1.1736486411980713,1.2066372484126553,1.2590463456169296,1.236169192918974,1.4055237989705511,1.508726553888909,1.556422822844369,1.3232059468697424,1.481916317648869,1.6127128034042935,1.4516891230801594,1.6807812343460744,1.4553530675659756,1.3975046909138968,1.3732185148764238,1.3156578554654716,1.2343015768822663,1.1275765187835238,1.0193647000922186,0.771408458105596,0.7273264459236841,0.5995327580551751,0.40327072164311306,0.22306875259683911,-0.03187810683168623,0.11128248348570373
6.779999999999999,0.2820276081636437,0.5624596905089508,0.702886002954717,0.8311081885891605,0.8910238321518449,0.9439485246258457,1.1435154605809685,1.1341744681300248,1.261597610993066,1.1301786109730738,1.2190996821277282,1.5355470873880523,1.550178116086632,1.3734597272506441,1.391411796737133,1.6032488454578084,1.482565259163757,1.546493102909487,1.6363880022631332,1.5115720061310873,1.4318445853173434,1.3819519298910143,1.2455439685116956,1.1430052676497227,1.0590557217336254,0.8927721060139384,0.8166285110169985,0.6077446836309961,0.3746800979523855,0.23402761006241654,0.020425158387207785,0.04299377672751643
6.790000000000001,0.3186878123598976,0.5105343664728753,0.6066901690822933,0.7928837270003058,0.8311229411834111,0.9129689524629976,1.1132504596973374,1.144984795249019,1.3152639383249758,1.2259762232060558,1.3271156935783608,1.3821276465816048,1.52969673057506,1.40769399165282,1.4737211668788686,1.6143610258485828,1.5059974320288643,1.4744892777961158,1.5007046984192067,1.4507191303749445,1.445377095714624,1.2844438465184869,1.189743966812947,1.0399376921830157,1.0022919326615287,0.9148222777354446,0.7093786576535913,0.6153202187156614,0.36862209808426094,0.1860489606403579,-0.041084302609311056,0.05468935543290024
6.799999999999999,0.38188734394080137,0.5589343092486845,0.7272019396692456,0.8514613669033487,0.7820342696944627,0.8828142042905203,1.1221123101975545,1.1348632511404846,1.254129806196976,1.2518323854285274,1.3940808041368369,1.4565783820694709,1.4788771600579576,1.341655426596377,1.3881205512534665,1.5834663889472302,1.555277743462139,1.4822240467827805,1.5071150240498286,1.4430231133875298,1.424736760055998,1.3262287069954903,1.2584033285599634,1.1231778906748604,0.9299869905191904,0.7223566788030087,0.5584557294761024,0.6270468989200065,0.3646957235021485,0.17063022209893647,-0.02440753733534281,0.06814795100629897
6.8100000000000005,0.37447380349586395,0.606525334596278,0.8259360472077457,0.8697968479835493,0.829158103592543,0.9726514340254233,1.1603360855045102,1.1857922447270615,1.2873763414277977,1.2692790788416781,1.320162354779581,1.416620512010472,1.5279631426828044,1.2314277901715787,1.3934713376245498,1.5768600776199801,1.4754324594460935,1.525077920583196,1.5631020968361922,1.5528156465039888,1.3658437537032566,1.2906121497883811,1.318395465923542,1.193640978382396,1.051116628823219,0.9206703296494759,0.8234279945098427,0.5695561805359344,0.3703651138057564,0.2498665823839803,0.06735810636250336,0.12420298575557923
6.8199999999999985,0.46079850152404206,0.5303514908872596,0.6274500734669524,0.8987087641357978,0.9033317605926418,0.9782150693880037,1.1895802217019757,1.148909691936273,1.353401981332268,1.3719193173380242,1.4089712880520737,1.5842292464744387,1.517334020646993,1.3113937750313387,1.430423817079384,1.58277756082653,1.4109059468283682,1.5982055310471508,1.5647341982369591,1.4864660813247907,1.3546636430628867,1.2866891644517036,1.196725417170288,1.1526870777784084,0.9530508093075287,0.8369815277946357,0.6848488794337925,0.631637188989031,0.3429726344103331,0.17496860278029439,-0.046443790294423026,0.027594823217986925
6.83,0.32345204789500154,0.5170603142915361,0.6539934560533612,0.8402055259331054,0.8440872377166282,0.9057816259031927,1.0577291228721575,1.0282445106956608,1.2880651316020988,1.2639923261063255,1.4022949654976014,1.5409967979813892,1.6387016793406064,1.3464279911244839,1.4762609995382996,1.6330032292565193,1.5903080918197503,1.5579902640977104,1.4924829721848123,1.4991573522477415,1.3392982039985792,1.2729013360360844,1.2514019942183987,1.1145363409245457,0.9819261035113466,0.8930519655651497,0.7480305938108972,0.5958865931997236,0.39870561329983645,0.23626658695019995,0.019510428184089067,-0.0003266170833318774
6.840000000000002,0.3812604636177946,0.4820655354847708,0.7368268688103032,0.8918610023193179,0.9281241667154831,1.0167070743106497,1.2089150242315962,1.226619004197628,1.2295417465680032,1.2616954515508374,1.3056738824166676,1.5078488886410932,1.6537111940717515,1.369384821993835,1.4439248654515098,1.6640261838212278,1.5948747665919871,1.6072933304847712,1.5639048275187428,1.3946641020293844,1.4001465746772852,1.4183060318020895,1.2579111691766118,1.20748841855934,0.9923294061423129,0.9584421070402979,0.8449596738353476,0.6352267964519456,0.3936280033584219,0.25151146724974344,0.044461909679875906,0.06350218136213566
6.85,0.24102882738488524,0.6276732302409732,0.7317433059995879,0.8350755582722117,0.7736054330884843,0.8703013469491689,1.197659830427298,1.1819644053568663,1.256217879615452,1.3086714113400357,1.3754613117011458,1.4518887490254837,1.4307330413996293,1.3485296819498918,1.4076945822667561,1.5737164588673263,1.5152528480330085,1.6255565139004504,1.56521207895178,1.5761847199157317,1.476284636975035,1.3628627115741172,1.219025650546702,1.1445873435307188,0.9263463475858749,0.9075829277253015,0.8179013336891401,0.5606991772992397,0.3581330664677818,0.23808684338773137,-0.044158082212740486,0.06674888128282075
6.860000000000001,0.2859378810065985,0.5495636993387853,0.7086737171286429,0.8561795148606343,0.8228049884871413,0.8480921965545367,1.1042208893593728,1.058076286495266,1.340345491151735,1.3171276140239438,1.2950724502731092,1.4199400566229083,1.6304222774769568,1.334715274965976,1.485313373828678,1.6065804405166024,1.4230136861257203,1.587918048891425,1.5571978823298382,1.503067005333933,1.381746373524536,1.396982830137744,1.293512919002115,1.0854612964058412,0.9615503268569421,0.9234960413603073,0.8064045844272736,0.5807726328444598,0.34430516165994196,0.3007866875599794,-0.008342345314996804,-0.08592388894771279
6.869999999999999,0.29609050073869847,0.6858335561100759,0.7431703124738204,0.8139449943321893,0.7584626037216989,0.8874307986736125,1.1012510342260609,1.0865877190141875,1.339676865313311,1.3059866669438236,1.3251729310342357,1.5013354805538102,1.6121102836980237,1.393060462484086,1.4709218214370114,1.57910881188994,1.5782647328864676,1.6333591533572673,1.5516045789401731,1.4282850774807767,1.3263540772867626,1.3383392243336598,1.3068434797501507,1.127668429333182,0.9167706776414751,0.9542624385090936,0.8052686438252944,0.54860001390906,0.31235552189308863,0.21826229403364786,-0.03951792769915659,-0.06633092540901238
6.880000000000001,0.3256389804402128,0.5820688245218468,0.7910779179840631,0.8858714769546001,0.8029372053352752,0.9681951688944971,1.2050376156586629,1.1951620519658228,1.2897902077510985,1.2763887125595699,1.3786579817243134,1.4652821774994513,1.5537112297131457,1.405287806912606,1.4523353488618131,1.529496971928885,1.5774581310444244,1.5743665293930953,1.6060931540345869,1.5280342337932677,1.3442277694619822,1.30211687041374,1.2594213848779068,1.1053781756363061,1.0157863821159234,0.9107673684311225,0.7337934477838537,0.5768775061097852,0.31654218479647694,0.17059557190747943,-0.03440248908066984,0.04790224941413413
6.889999999999999,0.3773129583793858,0.6004555109874871,0.6333401498806422,0.8297258746939788,0.8761281605787001,0.9302185118446307,1.1669992149934825,1.0977155135547618,1.3758725959308258,1.3354343728727076,1.3869951412039612,1.4370497423523183,1.5336501103609028,1.4019570918224642,1.523973188530186,1.5303245111123798,1.506472089956548,1.5849818742378476,1.5186131357257262,1.527663305704664,1.4288100833296673,1.3448811999457901,1.2311839640359072,1.1406647162940147,0.9934866864189209,0.8909632379981322,0.802601675677973,0.6108441087777327,0.43784487135553873,0.24882056586664475,-0.013170058851202395,0.05378344081496511
6.9,0.37772367625951836,0.5722343777250916,0.7173592430214409,0.8186315063096807,0.790970588900623,0.8960708814495618,1.1164453366876892,1.166192830877368,1.2672130656064502,1.2221178952474605,1.3863493644671996,1.4247601351589971,1.570885506478432,1.3456108891768166,1.5324145088172343,1.5211189444785578,1.4866389697951439,1.510833374221842,1.4673379524811427,1.4417108629856759,1.378060196173207,1.3829831565080624,1.2889659058782703,1.1317454705660819,0.9284629626508911,0.9263252446036758,0.6924101372402406,0.5813451880737016,0.2930859889355069,0.15006396418942333,-0.00795578783842613,-0.0025986726840048005
6.910000000000002,0.35818538774958486,0.6223586077879736,0.8510959871029291,0.8417708779551545,0.8083805465031088,0.9393256646683978,1.1192360292926335,1.1580061983494578,1.2035139195156732,1.289200827293253,1.3446555938703906,1.5015497439437318,1.680853917409799,1.4548561517688277,1.5458299399650657,1.690716432382016,1.5760554899787018,1.4627378519906733,1.4663621282384744,1.469087409998566,1.3185098241775164,1.347744777204071,1.2123274027987563,1.1547945556659065,0.9858011962371487,0.880892675902393,0.779371294109178,0.5201186705362444,0.35564304309820605,0.17848419261073487,-0.08586970481414824,0.13526551617378138
6.92,0.3620232446524563,0.6335710154508538,0.7384555605585086,0.8157286854514052,0.7478900448236507,1.0173045035016244,1.0764808832301656,1.083298771486173,1.3839310170467332,1.357055079035761,1.3074021780335614,1.3979474398350327,1.5268175904823285,1.3301841484170989,1.4736456201250858,1.7346340055943046,1.5655542796357789,1.5801822168973634,1.527642106776053,1.4786871358828748,1.3090467188696997,1.3616901877013636,1.19239309101774,1.1479250333530056,0.9538397944246333,0.9457859141227184,0.6874953279748857,0.49087803031031607,0.3737300384964793,0.11594921641631624,-0.06054249507456474,0.02315611109423526
6.9300000000000015,0.4140643531558333,0.602343854747168,0.7655862648059717,0.7363416817004464,0.7683767461225008,0.997971549200396,1.1925136072982874,1.146406712175727,1.3376354104171941,1.3092950557530312,1.4599385666372136,1.479226092955906,1.6796849266668419,1.3504992489501304,1.53442490407108,1.6613294454006298,1.523929347532493,1.5050537759191465,1.3459075325365668,1.5107956727780267,1.368813362297401,1.4024374681766736,1.21740495787757,1.0909324002143106,0.8908927746753799,0.8766233917000379,0.7824000164115344,0.6050871958750204,0.42333141637277244,0.3389636401793127,-0.02954049405709994,-0.11414043967976129
6.9399999999999995,0.37547607103109754,0.6381882682214537,0.7122823963587512,0.7709903580821338,0.7594578311301555,0.9863550907208547,1.1215081264646907,1.1604521020417262,1.3374209672464632,1.37087012442015,1.4121658167604128,1.3976388135946713,1.6464743148855525,1.4934836535120433,1.546084127606475,1.6337188306827188,1.5132504107623341,1.5535274955975353,1.554066015499723,1.5792902315473574,1.3603762675215798,1.2795367571548484,1.0822429640168498,1.0265918560340204,0.853383061709692,0.8839718500779535,0.7969378095001979,0.5991112344058714,0.33773926455771947,0.11141176595324398,-0.059223122675782294,0.0397687178914158
6.950000000000001,0.3549376168343324,0.5862298257553595,0.7409861886752612,0.8223019262332518,0.8573308135023375,0.9832823347841655,1.1554729018400913,1.1284468989571503,1.3775819905977393,1.4456787181470463,1.4624721888114889,1.44436049685575,1.5722395950840888,1.4246914275294342,1.5133108622422855,1.5793288331299413,1.5334478211622364,1.4880870918874014,1.606925738079738,1.45433392777119,1.1721780985782886,1.2516393114726818,1.1355689720334954,0.9825122635538248,0.8738491421715928,0.8359804985837912,0.6736195643832422,0.5601897028456787,0.3519459782690213,0.2453703051368807,0.010510426238125373,-0.056446473027320074
6.959999999999999,0.38112708251279925,0.5858268959784566,0.7543221055235889,0.8833826287630667,0.8091733103535066,1.0941501505418545,1.1716531429968158,1.1752447598909104,1.38170212378065,1.4370969071763826,1.4778794250625793,1.418400012920034,1.6464236303550686,1.3992481285281875,1.522308055669895,1.6820046629611822,1.5350703561979293,1.6128866903847525,1.5194545749396249,1.448175284808797,1.4865768608309538,1.3830824339807735,1.1730638104973876,1.0671735536603935,0.863911923461683,0.9258540801684801,0.7870195725482063,0.5919802828392529,0.3200024770726361,0.18361245872205362,-0.09644166603919319,-0.0797992638548534
6.970000000000001,0.37288033077812544,0.6332748258766989,0.6614980151385399,0.7616256291083101,0.7891290612077962,1.0032126590283847,1.1888763309767094,1.1712392999924421,1.4686319690473704,1.3098539206015314,1.340908472133467,1.320802669571373,1.5117825082469478,1.44734279262402,1.5922212798462072,1.723719094891066,1.6251092207985944,1.5978343414330458,1.5717262572006736,1.383749303314955,1.272152783070766,1.388007682973347,1.1372733127939354,1.032886999721862,0.8050049415102215,0.809032667943852,0.7095102835549649,0.5952037696924644,0.34806755165020276,0.1207381004312849,-0.0736034359727898,-0.015450006672948838
6.979999999999999,0.44921524509016403,0.6200470400549967,0.7055367324531443,0.839405294471911,0.9034053912521479,1.0517869516331442,1.1363270141458324,1.1279860068384304,1.310801577303509,1.3640699330748833,1.4041424254080852,1.4373656332486973,1.5684760065800132,1.438194508673179,1.5368135691592566,1.601856866826821,1.586169635075831,1.6466390095181276,1.4928361749721248,1.416151188206448,1.271604997693025,1.2977077319030412,1.2167638241445686,1.0464376128810642,0.836554813233049,0.7980235565043771,0.7815856238838148,0.575215907564831,0.34518441245255366,0.12032799508198644,-0.0403015097038677,-0.07676146899610803
6.99,0.3701176994912018,0.5586940328551707,0.6852053520039509,0.7902911221647823,0.7924788167771838,1.058916270748855,1.202559533648099,1.1016802462264574,1.3263503509230365,1.392209738291187,1.3963113312369964,1.326710452484872,1.6027035337561344,1.48025912646849,1.5284107940450649,1.5944742935397092,1.5556621143237175,1.5797664146542536,1.4621945237554028,1.5390556845424483,1.234047259749182,1.311258137418265,1.1158719581759873,1.0019834479624603,0.8849548282110486,0.8243473529168575,0.741934799781759,0.6013045570134372,0.37967467840086333,0.2091698054556332,-0.059410716403773225,0.03434944453421981
7.000000000000002,0.37820762843645817,0.6117504264656979,0.6873828217082928,0.8502334673801658,0.9044840600386586,0.9879236587069417,1.0356490707260984,1.1431812081181734,1.2924491625979702,1.3050439510104335,1.4637630492931608,1.3129413245364465,1.5560070640842842,1.407500368170802,1.5845498489921799,1.6457586850262813,1.6025756051668643,1.6399008124953447,1.4882528658766705,1.4257414797048376,1.1559268852882996,1.294236394030011,1.1218564300656222,0.9423234274505281,0.8495316622209035,0.855364619372135,0.675019811160448,0.6849838611240349,0.42397871645197716,0.22730466682364014,0.02066650240940151,0.03618513593301586
7.01,0.40919133257556634,0.5917025218182017,0.790671627791497,0.7579325354559644,0.8315461146242273,0.8475634311052114,1.0494506272870823,1.0852040234626197,1.385878013143091,1.3348164892010095,1.4286268460743077,1.3615392617257183,1.568668794347484,1.4343546274624461,1.5602766502468155,1.5503262540665432,1.5643978291148657,1.5369195981868222,1.5141838844667537,1.5913333072550961,1.3506608280184838,1.314917908909199,1.2587996555505825,1.0047364212599716,0.7325991038622961,0.7746162739595324,0.6373940231610832,0.5126398012177714,0.32308117812576365,0.07906878213935002,-0.031845111293007565,-0.07338024407704508
7.020000000000001,0.3800043058586909,0.5957722722792477,0.7483651594614998,0.7588687625333712,0.8321839099092184,0.9287690106722986,0.9854191726051327,1.1693291286907213,1.393379195146548,1.3895200053328698,1.4103948875346604,1.3244185220605929,1.5531931609334126,1.4669160547677058,1.5347167036488347,1.6078012967913486,1.610366032574058,1.6690334105379834,1.5426855759319034,1.4321334006637108,1.222457601672606,1.2756341437108127,1.1567197155097184,1.0242884299026158,0.7930452344438143,0.8850234781563391,0.6864543225868693,0.6021401324510682,0.4188477223045982,0.20501332048930626,-0.04806026688183385,-0.13123835901404068
7.029999999999999,0.32918699452057587,0.606811718908197,0.6879150493096453,0.7760323389501438,0.8161193068553183,0.9237382685349639,1.0861568698235347,0.9508482806077764,1.4708708557533634,1.5248232123505392,1.5107445210411583,1.4775163188291587,1.6313344668659915,1.4957798857855298,1.5012739454316961,1.5730915793720206,1.5791483692116794,1.7333847209913569,1.5474368755895114,1.4073215400589763,1.192774662170969,1.2162426293875224,1.124751206319995,1.0080356950944618,0.827117585484759,0.8800320384300473,0.7591509373129434,0.5627786298152812,0.38993273267858486,0.14857979545687175,-0.1545418562710844,-0.14091945486219293
7.040000000000001,0.46375900914403767,0.633117350840763,0.7328856960957006,0.735213141173884,0.8709622794603324,0.9515299655342335,1.171196886264567,1.1268897008938774,1.4241184809120846,1.5102831718515106,1.4587713733045475,1.360131866278554,1.567117591759156,1.534995623362644,1.549179037945511,1.6674645680301519,1.5753484293681246,1.6120579792094674,1.463997757317396,1.4545826475316435,1.115674494806315,1.2497488945440618,1.1335260891328842,0.9982582187849294,0.8132657378873371,0.8240885169513424,0.6860640648112372,0.6050069820809371,0.39647007957556263,0.17882755395886135,-0.04423397153309261,-0.06562902014185304
7.049999999999999,0.42363720457190807,0.5897412484219083,0.6277060772758732,0.7523803239835218,0.8714726170428961,0.9668229266957216,1.1241904313727185,1.1942917337849464,1.315040328150798,1.3489026720799544,1.4433590914013685,1.3351951421471548,1.4993825856795722,1.4848700071888523,1.4971019215576276,1.5860007791664086,1.6376092218911191,1.543000493143964,1.4576713161942951,1.396522817702284,1.1879975283693076,1.343402135054043,1.1117851587203194,1.0259039057333788,0.7894311962586977,0.7890667248911876,0.6683358366531458,0.6485094516162326,0.38819466201127545,0.055556953166431514,-0.1307220375568643,-0.09209751084689619
7.0600000000000005,0.3667172246190201,0.48389416441630645,0.7962124394983309,0.7568098033530335,0.7786101166524177,1.0517219902007378,1.0760474826522954,1.102226921435308,1.4353355315730765,1.477986255202067,1.5048534307408068,1.336227851727915,1.6195904170482445,1.5683973424726998,1.619455122359694,1.5730468512085924,1.5971598685912551,1.4663726271526267,1.460842567951179,1.4430002638448975,1.248039278542089,1.3150691490914241,1.108327257903957,1.008907474170703,0.9135759853665198,0.9252788157245526,0.7747181940374085,0.5688521172037982,0.4416125478673867,0.2200192224510657,-0.08314360107292093,-0.03102429286934094
7.0699999999999985,0.4120614679478947,0.5972501722868686,0.7536936566009557,0.8300286003324557,0.9400197544312644,1.1071375291300172,1.117246209240153,1.1002889007856587,1.4116437520672336,1.4023182566585342,1.47199812559144,1.2876265162279925,1.5312589228143143,1.4484373253280287,1.6008026144348766,1.693281105943579,1.6414199740491697,1.6587664852448547,1.4723945256823192,1.461568336857743,1.218841319972656,1.2241427800186557,1.121882242990521,1.024805520191666,0.9074220989981501,0.733416890150715,0.6252905956154228,0.541432529595665,0.35518326859949184,0.17408593408875445,-0.07198939491517581,-0.07080085966442956
7.08,0.3660144521365261,0.5282851818897834,0.6849706657843591,0.8119181969737037,0.9155834910026583,1.0385895801752099,1.1161987818675647,1.0931141349295934,1.2794604519305743,1.4252846702380662,1.4734633236628984,1.3032542389656054,1.5069019350298944,1.5448398821347682,1.5553398803045002,1.6001609731785074,1.5641708656896731,1.5367185417545106,1.3583980322930767,1.4795013816018827,1.1758735112784395,1.269898408215477,1.1865050685301957,0.9367014059770307,0.7133081898018664,0.8341306606250972,0.589871349710494,0.5855081086989289,0.3621386765481664,0.00550633347194875,-0.09107828305361261,0.008486884272881287
7.090000000000002,0.45228761858840694,0.5807400406174346,0.6648054966584287,0.6685051378054105,0.8736855765588195,0.9736198566899781,1.1004297316754634,1.1170188194585882,1.422819979757652,1.5457635587464729,1.592259859899703,1.3810705587060361,1.6334956951006565,1.5692754199782053,1.6636045489359546,1.5539139741818815,1.5918993413148712,1.571377100391027,1.3696076383432363,1.3107629754607235,1.2148036627406302,1.2720765290752525,1.2332526434868791,1.0689367160461432,0.8358300039246297,0.7665820619080105,0.6343110946096394,0.4980429771978594,0.35918508716051556,0.09205608853947582,-0.07462171635630627,-0.08338345306414052
7.1,0.4097948050219513,0.5995331349145123,0.7496645333985031,0.7941922658255505,0.8516783989479728,0.9911045225276036,1.0225709377093344,1.1584771550454755,1.2928040829070542,1.407251924882833,1.4235300961519415,1.3056105826813478,1.4659005982955682,1.4820097376466808,1.6863050561260562,1.524066078942937,1.5554982125123415,1.5229609182921586,1.4012001511279266,1.332270776474007,1.210882048138928,1.3222605807773709,1.0937331058523074,0.9532577248832299,0.795222618279826,0.7751994273654368,0.7034702527367394,0.4738688918046873,0.3935183915045746,0.1666234124387613,-0.04262308104472596,-0.02868470410437124
7.110000000000001,0.39235600111212443,0.527539315380418,0.561843113264843,0.6918159715098217,0.8440226158760435,1.0339107125980456,1.0619198161315724,1.1614432139863964,1.4473921606689533,1.489967558372094,1.5242682981768698,1.339098081724894,1.5402943968481246,1.5098650668398128,1.5509559039786767,1.551266020593058,1.6321673600732811,1.5219833206006381,1.4247082374052145,1.303262905191636,1.2323997058084546,1.3507338415742918,1.077964421626491,0.9791740562559712,0.8061661360513509,0.8473748528685354,0.6850606262889948,0.4935595506165362,0.36888667917591245,0.1771450262936127,-0.09234694764119503,-0.044955164072364176
7.119999999999999,0.49897461212528255,0.6093339432261066,0.7000981524116551,0.7318150948858617,0.857182249252718,0.9245238231804328,1.0728515245070072,1.186673220184262,1.3878599106141938,1.4209654358936554,1.5301764433142346,1.4653943284071491,1.4982870417823213,1.5119777027137649,1.6200651361764273,1.6703204008205093,1.4813890808173253,1.4551955923317965,1.3292854218947943,1.3641291895129823,1.2877012982330054,1.3907918357838351,1.097203860146771,1.0905440241488777,0.8471607444264078,0.7980700362539142,0.5904855054417973,0.5054155597973415,0.4104890952294526,0.09426046792395688,-0.1399372239713534,-0.13693310306191347
7.130000000000001,0.3959855688612092,0.6083648216835585,0.677265493465997,0.7503610692970859,0.9293136327204371,1.036520986098446,1.0739953396445712,1.182350566671738,1.463648938572797,1.5098286573781206,1.3702136815852792,1.2223736855983034,1.4927221122616978,1.5078087135751699,1.5293785737496313,1.5878998270475648,1.6306896127050297,1.458125660781136,1.3725479568243886,1.3023560272215156,1.2546774876011253,1.286195751016905,1.0100333797459555,0.9240513301371784,0.7953688754648319,0.6936306465507209,0.6662508879389242,0.5337873598174229,0.44898166157943264,0.013087736513325551,-0.0551585357633926,-0.010962736169329801
7.139999999999999,0.39674202707512707,0.5705489227027888,0.6741315231758039,0.7129846419225642,0.8173188486097873,0.9426290308537104,1.0248843468933697,1.147606433552213,1.460019416756828,1.462958351346504,1.3814756438059792,1.3215505429736787,1.5916418950020728,1.6056578680551137,1.6069197959384207,1.5803475498955852,1.6087274240750864,1.568096505470354,1.3766791713385034,1.3858914793025352,1.2572016940855264,1.3595238287257645,1.1001998579004204,0.9718702837475665,0.7287570548360591,0.866631213573316,0.6584220348531148,0.41598980373045735,0.40312787924380844,0.08179164869897511,-0.007330888551790916,-0.012010018589103416
7.15,0.44314556010720113,0.6077060217098268,0.7196070223275649,0.6377131483498052,0.7741770783763263,0.9981344127134897,0.9437267156647942,1.1542422941905857,1.3065835564291748,1.3762167176734796,1.5061794120076581,1.3266797256165155,1.5876992327663786,1.56006459731104,1.5638902738441929,1.512241944376792,1.6371876104341445,1.5207813566531343,1.4635170101170534,1.4033657719348762,1.2297167864493432,1.2789953541374106,1.1200371691908309,1.0255239592329464,0.8130025320009578,0.829139159510836,0.6469729511551942,0.5569727036523682,0.4656426856856423,0.23828407372852836,0.0007115402483500281,-0.017629409208566447
7.160000000000002,0.4279832129237843,0.5217138512073066,0.6849565526798944,0.8697882814814797,0.9408411024978348,1.0852105450447003,0.9969831181940112,1.0846960821219422,1.3885209712887612,1.4300474416874176,1.5632592202835953,1.2706327369688843,1.5812374356569125,1.4879586878757813,1.6590515084393571,1.583068960650421,1.6264268478931696,1.413486539657153,1.3358864871675353,1.357581570869659,1.1550558127976844,1.2397744756002607,1.0484016914326535,0.9142883339246565,0.9058295926334925,0.8745577526984936,0.6192266366808153,0.49831824958599447,0.4277073091674071,0.11118116239485196,-0.08139063608753816,0.010537288441068535
7.17,0.41627271479021716,0.5329424568330239,0.6130782476800655,0.6864656345087256,1.119935863687669,1.0523271764465671,1.0007483350576654,1.2312708037457436,1.519056840652588,1.4917815620125991,1.556800465743645,1.4843631862450304,1.6119463704992782,1.5886111787787545,1.5419626165067357,1.5783752552007004,1.6263691357085648,1.5254049323218744,1.4036661476510355,1.4072453740975936,1.2124180535205995,1.3373414446461953,1.140242147405299,1.0132588015173565,0.8491846083925085,0.8653252479011395,0.625857588068063,0.5392594083507458,0.41856353478429625,0.21796755345435675,0.039806869402173775,-0.04888524411140275
7.1800000000000015,0.3209879371992638,0.5687787563200584,0.6007472382825904,0.728083302603153,0.8683525279599408,1.0802440795274617,1.020117160472783,1.1164651575697286,1.3627229468196325,1.487694183840411,1.5436647176940004,1.4002755662267579,1.5399648914012596,1.6704939421570297,1.6842424903289681,1.6068772894402896,1.5115088553310394,1.4404961893404358,1.3446905826603595,1.1941707930996948,1.15339590778447,1.176191969036657,1.0499679347002455,1.0436639594925343,0.9006828421066653,0.7307414775549562,0.6199797132342024,0.5681162409103818,0.4096137283639482,0.1585992508707467,0.006297635284053199,-0.0303913273601481
7.1899999999999995,0.4146525865617804,0.5516053157313096,0.6691427743338924,0.6788426277804104,0.8631598784167407,1.0713483258903829,0.9816504134856319,1.0659968403222986,1.3778608393335479,1.4780055958448166,1.58775357021754,1.4388190049140304,1.4939775643856765,1.532460588829744,1.6304197904078792,1.5410955112012963,1.5938572174992907,1.50446606763893,1.2980018496107595,1.3231452735399833,1.0624962629869303,1.2269336857792243,1.0799466221877427,0.9348723636003249,0.8243917084422824,0.85306819934803,0.5332453795122392,0.47485443797451216,0.408228872061608,0.13152090282113746,-0.057753874612652994,-0.05674804703527972
7.200000000000001,0.4554946094675903,0.5857642323221999,0.698050880217519,0.7386253422307625,0.8995977570374047,1.075569481936888,1.0138980350086044,1.1576615042160994,1.37853669125833,1.5589438343441682,1.4593351599539597,1.3754350399218744,1.54379566900299,1.592108475894574,1.5549063672874393,1.5425619541291005,1.5289814439926013,1.4683460613957429,1.4322319535747006,1.350140339116615,1.1870958472092723,1.2902415854682654,1.118937417594199,0.9544030189081398,0.9604998387426525,0.7191083927779621,0.6099737217281518,0.48712956201805657,0.30204867693261234,0.10665951168358485,0.00871557054150817,0.022553600543009915
7.209999999999999,0.3587905861874972,0.612392103409172,0.6493239648833238,0.7701841476053902,0.9080934224774743,1.073223161387894,0.8710858513930554,1.138091286821663,1.4495646466347694,1.420299619496459,1.54730789365154,1.283900676818324,1.4705410214788845,1.5090262051881078,1.5639163469979254,1.5336171122111966,1.6191051401821006,1.5044608275116254,1.415464876305702,1.3668346574393704,1.1798731122904793,1.1366450233023406,1.0510731766432733,0.9093087686315386,0.7521901565461147,0.7472467898428767,0.5653786137017176,0.43913401011947983,0.31702793803124835,0.08777077047451484,-0.059550419691995794,-0.07066209327553113
7.220000000000001,0.34917471027862285,0.48438161442606764,0.6040056987522164,0.6160260554629458,0.8709009133570965,1.0434730886966117,1.049010811442617,1.2842220549343961,1.4465413886882348,1.5123579671329104,1.5266192316320542,1.314791292663298,1.4911374972848805,1.5491815968898033,1.6654505353768523,1.4921600622406799,1.6029324404953191,1.5688965391728493,1.3201555096168691,1.4761886015960135,1.2723668086815538,1.2568825003318274,1.1146624472025808,1.0063315090083946,0.7652935214042178,0.7106732391480358,0.5058699359497537,0.5096790587116179,0.37988462477776397,0.10641069369951664,-0.04753232354417395,0.017155386114789745
7.229999999999999,0.2886134785298346,0.4237150129585053,0.5545925891565953,0.693028202412519,0.9033022369685133,1.0381533346290486,0.8280560766327507,1.153779930475792,1.4062915631540085,1.5927246832657052,1.5325393368314943,1.3719521589213597,1.4051677532962363,1.52939944982289,1.7213758219415676,1.6224181303663054,1.6187560450154397,1.4610395255529105,1.2931937392832935,1.2308599746834195,1.1124735656839952,1.173418092523981,1.0217754015146279,1.0080581265750412,0.8434394451381693,0.7184618989893814,0.6202231524554404,0.5128285594313069,0.3153390947573607,0.018055117783115963,-0.003227216341876956,0.00024553879167262677
7.24,0.41610378383962804,0.5410943340126315,0.7481342622325449,0.8212774130594265,0.8492434687578599,1.0098146655932188,0.9967125042575774,1.286752786147895,1.3587888716373524,1.5214105246725174,1.5163853550974948,1.4113161832732086,1.5765380865106955,1.6002787264696716,1.6995153215225531,1.6312662751806513,1.6105343757592872,1.4904432649676855,1.3910338702531253,1.3662039998734994,1.2396274474726354,1.2169881829974891,1.0684115627623132,0.9011435489548688,0.8245945960865939,0.658453727608949,0.49182455465554065,0.4908882951093067,0.44935755523886334,0.19657860869305643,-0.010372887613195996,0.018448505480560533
7.250000000000002,0.40396494686474255,0.38045512638322465,0.6020540141230741,0.7737639573321973,0.8444198996092068,1.05031705310856,1.0878348388923422,1.2530792632775705,1.4093147435827247,1.4795577811495693,1.4631766626298286,1.3186489547777358,1.5771168112619833,1.5560444741862278,1.6312034103494433,1.5060661652587546,1.5226918188620586,1.4639238952180844,1.4404460158255084,1.3773837366062924,1.186304140882787,1.2502480077800755,1.0168574798320595,0.9387528454416548,0.8311669917187436,0.7118270416430017,0.5808995729017012,0.5274751148589621,0.3415664219356531,0.15450653755066263,0.07224769447791014,0.0008088129399567434
7.26,0.38525683181113196,0.5244066863519803,0.6437151739577354,0.6278709985771577,0.8270948277004279,1.1679515900059598,1.0857678035903773,1.3090505633294482,1.431839058098507,1.46386319624804,1.5591166324027685,1.3945721700010234,1.5188866957846165,1.5745361058247755,1.6902336267935318,1.5550703342026675,1.592886243294703,1.5093623341299676,1.3648593629154,1.2542386284483815,1.1805445476614358,1.1800257578687694,1.037661990172007,0.9919396713248363,0.8312173497023603,0.7320907365080875,0.6305542856583028,0.5526496201372224,0.3380586229224699,0.1909412763677724,0.022587227551492832,0.019313859424310152
7.270000000000001,0.3029363088108084,0.3804704729164827,0.6200246551193851,0.6538009979400909,0.9424849227282306,1.0720970134144536,1.0535051345886697,1.2636416869916545,1.381529864124254,1.4810577038534696,1.5692093968336358,1.331438807823279,1.4686112524051553,1.6549047205669976,1.6461809361314412,1.5078437662444855,1.5642054028995207,1.487408110900523,1.412439463244369,1.271332577133021,1.1960458984240763,1.2149830164396838,1.0285726238181905,1.0527126056115685,0.8711247746462297,0.6994430927367147,0.672126992341816,0.5410313273302315,0.4116741096482217,0.1092340440990461,0.04955740150280108,0.11253799508455856
7.279999999999999,0.4337186286096644,0.529836425697132,0.6282605377631144,0.6685660577839342,0.9685230116487646,1.104608310915661,1.053242500051035,1.224124894703764,1.3454189232345115,1.4600443302477475,1.5724877498772496,1.3070030119641782,1.4605934880226903,1.6390013767011584,1.6201146720321,1.5687168564954903,1.6579333835425716,1.4775331876194697,1.4000171190159465,1.3780992218161052,1.247234182023159,1.2275391744185533,1.1126076311934663,1.0046011574692753,0.9126604129515915,0.8003755726778606,0.5927231576569327,0.43543166423757895,0.325764882931714,0.08661229416589045,-0.0757827842019553,0.06018343171524881
7.290000000000001,0.22834240754651958,0.3911301842639365,0.6221770024661918,0.6774041936340893,0.9241257134447771,1.1472785053690986,1.0839582925966391,1.2384001596191319,1.344211916670158,1.4361089166001637,1.5503930611212464,1.371695326152321,1.444161272682865,1.6873908982778643,1.6124860640168373,1.5905451447020726,1.6231507039963922,1.459504237270779,1.360850556656583,1.373991442984269,1.209072485800689,1.1697643367293662,1.0269770519019075,0.8679827214008589,0.782927886235903,0.7780533944692989,0.617147874407385,0.41930655282983187,0.3436592699936386,0.12345651638592346,0.03882280090558759,0.046355161966706034
7.299999999999999,0.3775639726845379,0.5069169927544757,0.547837190845615,0.6608813352110304,0.9878366954362664,1.132712447886748,0.9282179370109014,1.2333435192727873,1.321627968569772,1.4009909466760195,1.5301164108836824,1.4142669170719735,1.50976089252893,1.677572776752244,1.6295335830661837,1.5533554971150667,1.5875510506247736,1.4473477953918383,1.378124298016586,1.2953951337908758,1.2191698567786768,1.1764236089747242,1.1314110131815691,1.030990978122297,0.8994793507341601,0.7263132329489218,0.6529128935743106,0.5775742767695231,0.4216348112220358,0.23249420231759846,-0.047704743102333684,0.03538932306225996
7.3100000000000005,0.1988416405872051,0.39076259604775515,0.6044817170836827,0.7749707040662599,1.0212508728800436,1.118492815852021,1.0063855718728882,1.3032409891744774,1.4674578461569747,1.5420807551861508,1.582188650620354,1.448900656286838,1.4538185306079658,1.5878427294408743,1.6364590169327737,1.483104781217368,1.661192517350639,1.5381831404211321,1.3154183275973705,1.316320474401369,1.134378222306546,1.1792411461008807,1.0630850923387636,0.9240432184273004,0.8264722449998322,0.7714079576527726,0.6090400307420877,0.4809610691753847,0.384206179562677,0.10103637680007678,0.00657970729218065,0.04814644768370609
7.3199999999999985,0.292296718226016,0.46331597499803623,0.5459807680007898,0.6451641393579818,0.9759530414339346,1.2081829804521254,0.9811295103467503,1.2109097836584868,1.350558822918114,1.4746985313279362,1.4993561030807538,1.4179841254768806,1.5882088016042346,1.6809777242912023,1.6432629044746585,1.5712142856108249,1.6897762568416386,1.5306413905557588,1.337564867126986,1.2804249445671054,1.1755174097686354,1.1191856559070543,1.0048780582065315,0.9337821675977593,0.7952783617734827,0.7615372254850945,0.6331218479612807,0.6121492956116935,0.3973819620086705,0.0998214968350306,-0.0671790748083417,0.008437624593197895
7.33,0.3271037865450755,0.4774947867664168,0.5742645392252362,0.661004563697299,0.9343791248507358,1.2655386283447714,0.8653446296153953,1.2361632241799183,1.2956525342876732,1.5087237861397071,1.5925101025887836,1.4302737772961043,1.3553518904854838,1.591271687380223,1.661938470042627,1.5852436211877254,1.6280264225877243,1.4532277872813153,1.3520229969062083,1.295484434379684,1.2129630337637478,1.2545632208384643,1.1193889402487638,0.975739012951324,0.8322850797753578,0.8717879290377568,0.6847403018856055,0.4859525292937832,0.31392947560792633,0.12141725378056856,0.02698820563930723,0.012007139927591951
7.340000000000002,0.378998538500244,0.4248883326602355,0.6357220760073865,0.5979232176767012,0.8676531203204746,1.1760273436776898,1.0571134375082507,1.3291623396028613,1.4927720355005398,1.55718955454617,1.6262150352519162,1.4469965440652246,1.517896564592887,1.6163059013619485,1.6418866514141253,1.4793300392718631,1.5023557322313095,1.3538899264304471,1.3012122961079244,1.3147555221539722,1.2397801586591546,1.2035695130467379,1.0850995549933364,1.0252979870501704,0.9157664308752906,0.699135710963708,0.6923143230026778,0.5469623086004256,0.3301235419786591,0.12195298037580858,-0.021945901854676632,0.0870070773309859
7.35,0.3728059955661947,0.4886271583142379,0.6869525125624988,0.7616470704891205,0.9851370934248995,1.1340795471369942,1.0450123000218892,1.3072410625152395,1.3943253545909888,1.6231855737378258,1.6058906115585878,1.5172505357765096,1.5050514572062899,1.6748072592152419,1.6942909401690902,1.54957300193846,1.4942435521978361,1.4696933764742441,1.3546613317074363,1.2589644600408565,1.2242913287854411,1.133336061823869,1.0709488617012612,0.9450572992261552,0.8542929257967953,0.7233347600060681,0.5022629479909948,0.48677631894861895,0.40547766903102156,0.10313509470963103,-0.06633848830325552,0.04817760396797913
7.360000000000001,0.4009313271599949,0.4749186137071313,0.6639137199612934,0.8025771275371588,0.9046551394503889,0.9863635050771227,0.9521935918771927,1.2847652675756538,1.3211806282465675,1.5600352628687228,1.5373726415388647,1.4134189641650754,1.486265883970306,1.727649334341522,1.6027019510083815,1.6048996783174516,1.551623322162463,1.4023250554119997,1.3084940752102385,1.2690677469645362,1.2852689391558945,1.2171611148139383,1.0972980860481092,1.0118411071165183,0.8477676103017932,0.67593902291787,0.6576405700010215,0.48160803396274243,0.4001812713097513,0.20801585792368008,-0.00248432083104521,0.10651144122615948
7.369999999999999,0.3493235388060115,0.3955110137889104,0.6038909189139484,0.6764503483573481,0.8718713154825504,1.1603279081045188,1.091679318469712,1.3150006945029604,1.2948920462256683,1.4408469275069988,1.5244135612823886,1.4378393175778283,1.4169464055425713,1.6861423531168005,1.585367829755579,1.247733614764348,1.6072402986833527,1.5051224483750973,1.366809556782077,1.2095736415849803,1.2352203971497195,1.106939146028875,1.0503750578119404,0.9666244440439254,0.77728672805344,0.7312636459126131,0.538315099337544,0.5090219641179327,0.3568533742116745,0.16636752893672505,0.0025868610283686687,0.08210059439226639
7.380000000000001,0.2813064162865334,0.4901988043139807,0.6966372679928837,0.7229348072332169,0.9953617317905399,1.150582126020886,1.0674974396864292,1.368325154666551,1.3462695994138327,1.447342508286583,1.5651946479710355,1.57032178910105,1.638423750095171,1.6988150751237105,1.6647636133331813,1.4094557831776153,1.5264752926005258,1.4089510907965779,1.3366462612157064,1.3760299788626285,1.2677380313532605,1.21336839766992,1.1395111801660012,0.9471004267084542,0.8530843396224683,0.7085903659688131,0.6425452155207528,0.563343513776327,0.27514251594252054,0.11000468659213537,-0.028492126714373265,0.034871288577601633
7.389999999999999,0.30841671097054824,0.4259511031325947,0.6074649575086156,0.8225820683828289,1.000672260645047,1.123740830115457,1.0783295444432788,1.3487639102566,1.2895119994944737,1.4004119821284995,1.5466703195060738,1.480818833728841,1.392340506510026,1.6172836131489414,1.6820643823068546,1.4488387288931956,1.5513276894306374,1.3745210844790512,1.4024062748037693,1.2579004338723576,1.2203942431663197,1.1294713681636301,0.9963474265547231,0.9557310813308975,0.8831631233407842,0.7029780104049711,0.5532525526492825,0.43088764312384514,0.27681065030769597,0.14285304895196996,0.08876119117429838,-0.0011401517484550053
7.4,0.36464846095708864,0.4239340789535355,0.6445653002651768,0.7066749026974571,0.9762817747972445,1.152474454406021,1.1732416457176247,1.254820284341149,1.3103705646852437,1.5042126585030622,1.5493750785501863,1.5365252655918038,1.464675995574274,1.7131111195070017,1.7143242164509493,1.5671101673832961,1.4859756879032648,1.382328865991589,1.3996671682800923,1.3147792619785763,1.3653654487207905,1.1479513909792713,1.0757308669278305,0.8918019200615532,0.7707489039728539,0.6792144809748865,0.5265703551022518,0.407075830470577,0.27085639594028627,0.12772242828603778,-0.020315002340369155,0.05438247069495909
7.410000000000002,0.338417779750996,0.39609671424174775,0.6149603719950565,0.7357327926571131,0.9645943318024772,1.2146018398326996,1.1690512601924201,1.299034008360878,1.3297703979795767,1.445740271379082,1.466828625009719,1.476937323273333,1.541055336819308,1.6089727742163513,1.6434712396870796,1.4710872173739051,1.4655117238550628,1.4136094298633957,1.3774718741969567,1.3224529634634907,1.343057277786556,1.2245604129234289,1.1088150026171726,0.9575855141114313,0.883489189691315,0.715931167136739,0.5299904183209551,0.3748340155971294,0.19846473052382568,0.06539388430358774,-0.021381096010454632,-0.04306504081616247
7.42,0.3050097901761072,0.45765191405575467,0.7389087037547892,0.7618577476718594,1.021258950075879,1.0713900824244065,1.0774436322363745,1.3099389388363512,1.333627753176412,1.4986918842733372,1.5468267242064504,1.5765509334681498,1.4747605755298059,1.6842850801876648,1.5259640040166658,1.4364340363431936,1.5491373689570187,1.4868810463438231,1.2725058963713345,1.2981000603372637,1.243568982197488,1.0589551902924261,1.0018199546471116,0.9457068366716542,0.9571256519054818,0.8172815094817778,0.6025574896975094,0.5139161619886266,0.26225867671301234,0.14082164935323502,-0.007083254829253617,-0.0157172765932546
7.4300000000000015,0.3278781446100497,0.4405187321716437,0.6038688989135534,0.838954181134411,1.1653915874979706,1.1545794453559264,1.1057781859318827,1.391615100122161,1.3130785919942698,1.4465734042131373,1.500312981191476,1.4997456553666415,1.4088891229433391,1.4710590447277703,1.499510086463297,1.4954101570435938,1.4993575432008628,1.352794698916972,1.3601448084911811,1.3620589396893688,1.3158174428060916,1.1076589865139208,0.9940715262144233,0.9905253078231053,0.8389440109536055,0.7833501396417338,0.7311585711275662,0.5591146416618866,0.25660363959881266,0.15486405491353192,-0.02002903611693565,0.08831969727679884
7.4399999999999995,0.30282389163203394,0.436899058355122,0.6481025994241866,0.8649043384630699,1.0331553322968527,1.1906650574258257,1.179578343720682,1.3408571558177487,1.369737909687991,1.4655357012435248,1.4541880265561151,1.4941847863701492,1.4317960552310585,1.6042051874574454,1.626394631235217,1.602282298398641,1.5239599337881793,1.4581145867546128,1.3311025454259031,1.2592364965949951,1.2287260919439495,1.1164194121131308,1.1070923578104905,0.9329888587994091,0.9317962237014336,0.8126251253289135,0.6242405936308952,0.3800586072947404,0.2878447428404735,0.22631823574648047,0.01598468288535063,-0.017006435046762552
7.450000000000001,0.2853199029273038,0.4108794111833415,0.6585055926761967,0.8474497871029112,1.0421209193453511,1.1333333411848632,1.1227348309385463,1.325293941110138,1.4204448347344019,1.446237285174457,1.5034392797032756,1.4919355372413723,1.4607650537273669,1.6625991160820175,1.6242065619806154,1.437026908844428,1.5250215644374303,1.3713442497582444,1.3478520276015302,1.278456724845264,1.2964597869274153,1.1114646388207359,1.0591244071150288,0.9398059925619819,0.8277919503530659,0.6422440585904853,0.6656649999171826,0.5852623759618213,0.3437977391952541,0.19973658743194023,-0.00751311504355252,0.1181829857045566
7.459999999999999,0.27151008186888353,0.38831270209531227,0.5451422362818009,0.7045853665000896,1.0655032570284102,1.1132406388222824,1.1311590824997975,1.2640080626475285,1.254187843988917,1.4884642592053265,1.4436398304132068,1.497635783303103,1.395824234411781,1.6388188379394768,1.652085808622946,1.4242529308599057,1.4556852995584575,1.3809357395737656,1.3529062082137153,1.3091647773612891,1.2193278861960513,1.1105715686930937,1.0342608264234507,0.9602663652602832,0.8435945231847544,0.7015318862306843,0.5426831801876002,0.4578674129334219,0.29909899065550377,0.07366454696796108,0.00888717575136868,-0.00927947377451182
7.470000000000001,0.4030128169439441,0.41031446942102845,0.632889355586259,0.6480688162009466,1.0900302905399988,1.1188933802714125,1.1248646986096023,1.3484836460178076,1.3083164040677355,1.4611405175474497,1.4452640404162196,1.4903614596344745,1.4042742672010244,1.6531316790077792,1.5339838596225048,1.4758768703995864,1.6567526359599951,1.424959708699341,1.2756447801944935,1.2757565300586882,1.1910794473794915,1.1731461693581413,1.008223356895607,1.0019308408154384,0.9083369096723621,0.7071358608608274,0.6213883705855152,0.5241441674077992,0.30006552233858164,0.17643139481703848,0.03082563030698307,-0.04605920790438109
7.479999999999999,0.3979753236026925,0.48395480039553684,0.6074080478479221,0.7728184741751951,0.9899757122950879,1.1297635217869244,1.1098398939513734,1.3049123009796058,1.187643592603211,1.3321802442353239,1.4455296355331178,1.533633783751723,1.3736169150271813,1.5930641969379695,1.5533954480072283,1.3476536350490036,1.4754043814925608,1.448292857519317,1.3881696866942272,1.1914401914075623,1.249701013171253,1.1967054012407041,1.1533437252468175,0.9771286098779912,0.8315461488554106,0.6987810714065376,0.5701182053862233,0.44589957540202496,0.26862095078834786,0.15210208815830673,0.03169410718999298,0.0885308600085497
7.49,0.445683388686626,0.43587043767896755,0.5503129071022019,0.8721503351005571,1.0224789132677568,1.0402262526009634,1.1929966395570593,1.368258925175383,1.2842040632957077,1.3830796954850786,1.4674777609789362,1.400061781899399,1.348036421653155,1.5896074287632966,1.5372707527889964,1.425774516990262,1.4457159088713605,1.4018112144942958,1.2439064655071879,1.26864192442701,1.148767962748339,1.1159411225975828,1.0497201023749538,0.99610840531075,0.843573941410388,0.7677264887530982,0.5413812856881248,0.41048540766974917,0.3007666688780319,0.16112032194621412,0.1486994904976824,0.17020029182277477
7.500000000000002,0.3601280207026277,0.5121978424048417,0.6577404810802969,0.80369381085401,1.0104355722097849,1.0712848033707025,1.1394550952747076,1.3895098241126145,1.2586019918810762,1.4014843286213192,1.4667261440325838,1.5562102281367272,1.3075604376255299,1.6131957906405812,1.5688694483768408,1.453705566053712,1.4965251885603668,1.3906448133474811,1.2970600119823752,1.138169995662173,1.132295546835179,1.0160143129645791,1.0146147005363848,0.9851376983662531,0.8307526294635313,0.6615942370548054,0.4907772881399403,0.4217320685222271,0.2400880821204594,0.09522688251126671,0.13075225043538471,0.18361971313683234
7.51,0.3315718769431912,0.5837019362264623,0.6609519933399578,0.7873179531458961,1.042716249942354,1.2069581791086033,1.2579337639592656,1.3060925851915288,1.230008029040994,1.3769210893105301,1.418177154852661,1.5763789403962654,1.4589557843742371,1.5615867737426958,1.5153273374768625,1.473183676573882,1.3813513243850593,1.272251434433514,1.29989464103755,1.2394598590092138,1.2596381657768259,1.1558194033901823,0.9951593003299171,0.9614029926334945,0.9406316617546568,0.6720477073945901,0.4804698207206074,0.30905146694124364,0.2705689237926018,0.1991822416380043,0.06857189836574935,0.035182778342587956
7.520000000000001,0.3237071121413447,0.6569868062815608,0.663873237229154,0.8747062199205232,1.1278974468287815,1.1336860136326747,1.227046040991946,1.2630450169781815,1.208367031137647,1.275365905773672,1.3322196076523563,1.5159776892366728,1.382919341603609,1.5927330056073623,1.504406162141219,1.4446210544830629,1.4318523613213614,1.3185750578425488,1.2492151010722883,1.2619665649430307,1.1457154076154366,1.1153249604493967,1.056322260597005,1.0158197417623431,0.8661532663316517,0.7163750740774117,0.6149704657671167,0.5602585889492568,0.28897387895612114,0.0977620475407537,0.0389711463737286,0.07418221946374977
7.529999999999999,0.26613032265140407,0.44814042124786635,0.5739101914354294,0.7551941769839576,1.0632567863532827,1.1174765719268898,1.2027707661038212,1.3676718008129674,1.2845787510643172,1.4057183176340449,1.3853141745382826,1.5860326136377203,1.4601643686158656,1.6198048108743301,1.5374629245984228,1.5037466370177157,1.4617528909644664,1.3746438435688337,1.3421900340738355,1.31984114979155,1.1969664036869496,1.0745066385590043,1.0360379691278774,0.9221082186249061,0.8699525103094681,0.6693325914558212,0.5946487120739624,0.48857605502140733,0.26568980868377284,0.2168175356488858,0.03396351420877093,0.12703250220831327
7.540000000000001,0.3038984951087041,0.45312340926729644,0.5901769492077334,0.8615847618051141,1.0928283912530383,1.0981835212774034,1.2292754974347675,1.2165718935770762,1.207092197809192,1.4394240284396074,1.3594295346743726,1.531335175198509,1.4393718570305591,1.5248409144421615,1.4865317553885375,1.4505410250751567,1.3839487005677955,1.2848226925455406,1.2957609547328108,1.3099076335335866,1.2441712693264635,1.052819956594378,1.000677751618281,0.9644521578924695,0.8670971824136311,0.8332725861012767,0.7226254665838896,0.43689880528003106,0.2981200182440496,0.12839372604002872,0.032094893936955596,0.13187343815510652
7.549999999999999,0.30695366702290233,0.49368343743691623,0.7399362653042502,0.9557657166827379,1.0546661090423743,1.1483153755096387,1.289164923915102,1.2820454257260132,1.1686096582629582,1.304996590341313,1.2303970551972947,1.5149602245865061,1.3778352979253345,1.4971445504952705,1.4627907269837042,1.3957856355372984,1.3851487365558166,1.3179728120164143,1.3489766677553843,1.3168569823723546,1.2758794465208039,1.0946735050143521,1.0148526791476382,1.0374504408420355,0.9697440204790959,0.7830195855872188,0.5572655115223986,0.5478414936418138,0.21528673859074252,0.045183416023087876,0.00026084742358636545,0.08183190768713035
7.5600000000000005,0.388614330586762,0.5347406275361165,0.5702524698490121,0.7705538634106104,1.0222703187780315,1.1531104867012705,1.1839679172390383,1.2677928325306447,1.337130845222584,1.4696334525938854,1.4069026040620372,1.4759931762042704,1.4107770609506791,1.584500796658181,1.455764704382411,1.4675270716278221,1.4828287650301941,1.442669461891423,1.3346668278624634,1.2954643428552077,1.2345746161900997,1.1885721539342518,1.0185252609058482,0.921449301194366,0.9467993790891701,0.7380763407009854,0.5530247923074559,0.5012424966839547,0.25041597247212993,0.24067142378929038,0.16256928727850714,0.13967070670396933
7.5699999999999985,0.2890743465790559,0.4578895967478084,0.5290310346739561,0.7399160049356451,0.9773045455537728,1.1078651012009797,1.302190146002615,1.4118055153181084,1.2172946137685792,1.2639094491098497,1.2943185467107432,1.533677278272276,1.3520484330639375,1.5382274451361713,1.5173926240812583,1.4980891845143662,1.4346340706822818,1.3877057522817227,1.3123115167940798,1.2254422886338987,1.2292361342180882,1.2607126104816924,1.107818913008959,0.9644911515880102,0.8307793845538498,0.7106565028737704,0.5781110679322051,0.43866967835791715,0.2702876345778698,0.1537953166008697,0.0709765726863463,0.08760051541748966
7.58,0.2627808159329302,0.4611574277269716,0.6177248275583936,0.7524121516765654,0.9796789171031988,1.1717620320507398,1.2662754307279271,1.2752657368961562,1.1860717590271768,1.2369532771244074,1.4170482194441112,1.4443869990656153,1.3899603757839751,1.466213804697455,1.4482679746680274,1.439396526666975,1.4040184226402777,1.282402859483768,1.2367063390846251,1.283664482931444,1.344390675335116,1.2456030421781112,1.0338526751727104,0.9071668604086125,0.9355267595063668,0.7800909597051314,0.5946388873280019,0.537605444975426,0.2717668301601903,0.13715188169918935,0.14634328948958458,0.21189580659903504
7.590000000000002,0.3723565896326886,0.5668313900562053,0.5608582861788944,0.8131358215581467,1.1058522266045703,1.1150198362485875,1.2071344634792123,1.3307569874702754,1.1868918919937217,1.309719211969984,1.3855633761890347,1.4925408722118207,1.40291378117272,1.5146062727437268,1.49087661902217,1.34436924685052,1.3192575923013532,1.3796383555106209,1.3919015409687268,1.2149246527077915,1.0867710604558105,1.037717902673106,1.0637288828656604,0.9664562404000541,0.9874940200638703,0.7809251091717118,0.5464480588184836,0.39906759704696054,0.308821083354973,0.2234921936170053,0.10364809825867001,0.13557199694695476
7.6,0.3327484863923762,0.3882676160899358,0.5025400490987143,0.7748267742481426,0.8611830196308995,0.9442542430665922,1.1160958351023793,1.20552849913894,1.1982863714098568,1.3146057247838554,1.3997677660566792,1.5255628421827003,1.4711868376964443,1.5813587602085164,1.384410470640837,1.3551107256542934,1.2716537517867352,1.3060653547894687,1.2178203608754319,1.3097173418842334,1.2171821031653312,1.1831909866536128,1.072864822749845,0.9538240379162098,0.9305472275536376,0.8238852593267826,0.6263792106524565,0.4781320065038067,0.26379108214979397,0.16732182734216425,0.08911706154497817,0.12257628074180008
7.610000000000001,0.2749209296787313,0.4928152815865844,0.7130294886273173,0.9104716813162772,1.0349231286646718,1.0451396398401787,1.3321359158876445,1.309241545758042,1.1601969428801515,1.2775564658868914,1.2129201179096447,1.470332620475532,1.4138724490459167,1.4132066139896686,1.454985926216094,1.4916302821609564,1.3973540407243372,1.3742859721997462,1.3514243484440653,1.3020066491221594,1.3289712235287847,1.1494574905974755,0.9654042917175046,0.9655358195515414,0.9122089861743022,0.7570909766147195,0.5440043719425682,0.37356855462804717,0.28653390362684644,0.2126980225042842,0.1563217190823801,0.1338118025843792
7.619999999999999,0.2938746099637859,0.42266956543330153,0.6370857953552778,0.9409659404051656,1.0135217493427104,1.0377914596050404,1.2130015194337602,1.1677943290733497,1.1675879877538908,1.3226425632115741,1.3287170096053331,1.5364287922221056,1.4359403960735575,1.4924673836647684,1.4598200131841172,1.465226224772127,1.380723382292512,1.3495453023042199,1.3265739684811966,1.2487116422458548,1.2328932934994434,1.0169275786150218,0.9561149293423462,0.957858433891291,0.9058911364327781,0.7287050500085077,0.6152613780855326,0.37841545394886733,0.2746883390310669,0.12668916455780269,0.022503352766539912,0.06537296396209999
7.630000000000001,0.3723501456036953,0.4503979638277808,0.4631531457431266,0.8605149100309594,0.9942655588418835,1.1059111950989904,1.2452170854809437,1.1552771126226937,1.2153802077227769,1.3191543986729022,1.3582157943230264,1.5513254733022328,1.4488606016874181,1.4556359009151563,1.3120689653078357,1.3624478114171445,1.3136366500426797,1.3420241226364609,1.3442862638823168,1.3073461509839093,1.2307504777126732,1.0345223880471683,1.038224559990917,0.9541914289421357,0.9285449403851554,0.7542435915639595,0.49957267928433874,0.39451234578655503,0.2787391267530578,0.179815398489277,0.15335023098127432,0.10657097344046412
7.639999999999999,0.31635117004880176,0.48072583318721795,0.567339775375064,0.8157537312158561,0.9192072657693682,1.0191241217561262,1.176355825838708,1.2786258215908533,1.1424285093192617,1.3234358048329564,1.3428379584428027,1.4733804410724662,1.4024442455554447,1.3762750252215934,1.41114549486325,1.4557988421203791,1.3956996491670537,1.3648632269677325,1.2756092773005279,1.333875552821879,1.2773433911556944,1.226789819705841,1.0729904308412932,0.937199513246335,0.9160531941167207,0.731377011505145,0.5233882196507874,0.44767640902563044,0.19002100813196238,0.21190292825457901,0.16320744038507112,0.09588383625771767
7.65,0.3496536685297737,0.49088216782201693,0.592472495150363,0.8738086330997332,0.9962940288051108,1.0458909943372439,1.2689015060537336,1.3183079204757944,1.2600884425034917,1.3554895467239256,1.3853282959381357,1.5025971115094983,1.499877195338272,1.483938121139697,1.4724010948194826,1.4856817203004156,1.393960334508732,1.3326082154582102,1.2696760820891202,1.2783682047740736,1.209245392615081,1.1255467050569605,1.0874092021159765,0.9280487515991028,0.8847730397208375,0.7800069695994666,0.6239933514447483,0.4019778567859313,0.16557362887652588,0.2612218459972848,0.1076641519880303,0.010680556081165873
7.660000000000002,0.3474802185391859,0.37805889302882073,0.6120054350841162,0.8410006847525674,0.9496943839607452,0.977687348279686,1.1635596905205978,1.2106524367474039,1.2025860851813754,1.3134128077109766,1.372642151547406,1.4600984965016488,1.4074389047000246,1.4780772626402374,1.3522366299563169,1.3388751118431397,1.3182202066190856,1.3109497047196765,1.2924257111413746,1.261124232529599,1.3453611025919212,1.153135428444896,1.112457462775917,0.9685855903054066,1.0243402740277607,0.7935455441079284,0.7163549096179381,0.45316045705506136,0.37469163027538954,0.2749719534574821,0.1548821022768703,0.1971614100359777
7.67,0.2169483857027374,0.4318384446144387,0.5454666757656952,0.7883842710417899,1.0576545698713868,1.1068422524004096,1.1875504356939308,1.2420849156524265,1.1743439401887166,1.2677870574294026,1.3339948390250642,1.5250038010345257,1.3127114308598808,1.4296301584265523,1.310680172474507,1.2876794844234085,1.3552307265563632,1.2779357911162534,1.3378607402602185,1.3424344145972131,1.2650557048347193,1.2016685753808094,1.0817466738563835,0.9458622933672014,0.920303543352083,0.7363934592611217,0.6013884473790273,0.4917623075626528,0.30573576587393836,0.13337656306927595,0.14070347513203973,0.17341034737121208
7.6800000000000015,0.34641805299187034,0.43196189602490853,0.48993237679937085,0.7738559271883276,1.057270007341069,1.122728111704363,1.1078444691266331,1.3394758575874317,1.191529216597298,1.2728821719484833,1.3099281518930332,1.448120123654004,1.439059238316959,1.503381216693856,1.4475329438121405,1.428904938223118,1.3010419600645937,1.3331333968817116,1.355044117702864,1.311771004796213,1.3037162376647886,1.1144381409898216,1.0950164812226297,1.0079857912750183,1.0180246180461079,0.6893011781994117,0.5239295515691216,0.4978959231136275,0.2222841893945524,0.1104543834875158,0.06796669801997313,0.03982710092622782
7.6899999999999995,0.35635039500949167,0.5185776996775777,0.6297199548335279,0.8288356278884645,1.0199332096067353,1.0098740550037424,1.10942148756899,1.2193333242315127,1.2103336869902228,1.3253390173241375,1.3647265665231,1.5208089288568831,1.4004070545429035,1.4310179694667913,1.4344757857276538,1.403792267824998,1.3928427459251482,1.3533243076040329,1.3564434526334077,1.3360143130454434,1.2699890059110697,1.2274331737294015,1.0184499093605641,1.0105668643894663,0.9019504400606156,0.7841224999581656,0.6006657125326853,0.5032032003903899,0.16576061005895368,0.1308756732839267,0.07306004674352501,0.1084765007504965
7.700000000000001,0.259388199875443,0.48694611500330987,0.5396738220489777,0.7890048303778219,0.9866129938008006,1.0706085241275853,1.0994488224599164,1.210933316614718,1.271404671870204,1.2791659007484633,1.3516772163171862,1.435999270753843,1.3574257063148727,1.449542551234616,1.4271840279758614,1.4873187744154783,1.3815648039105408,1.490463898201548,1.3318311845330246,1.3252453532577213,1.3342933519935398,1.1337401663179763,1.0054764661764282,0.9971801057431645,0.9645299081448523,0.7119250073814998,0.5707900680444565,0.4526888313857952,0.19409178890208556,0.19185640964132872,0.06161533487755767,0.08372549282079723
7.709999999999999,0.3464968295622469,0.5080105096174351,0.6138343773568548,0.8950962841439603,0.9480382483163035,0.9895390444123355,1.1666029841596632,1.2861751224188358,1.2435417350261078,1.274165315034071,1.3286088764335233,1.5172236016905865,1.4818606695375187,1.5405851540620836,1.4733758001297985,1.4707607356193795,1.4114637907051102,1.3723860792536258,1.3323615852664517,1.3124173678464512,1.4082066880827484,1.1366058605449905,1.0764082964103217,0.945538055935394,1.0114142007098017,0.7265056333355058,0.6476797378172265,0.45802853129779253,0.2748345499770608,0.106543322336136,0.1259328959604246,0.130703823684095
7.720000000000001,0.2727758880849572,0.4415452880751685,0.5820193070365207,0.833128645271291,0.8807175652006625,0.8886692865935123,1.1644322148630206,1.2981596308057473,1.2638228724865197,1.276585103301774,1.3061273679220253,1.5174530187656206,1.499142102315625,1.387017523320706,1.3899901987004597,1.3669092104845904,1.3849731287465932,1.4187044598089311,1.3753436758160975,1.1886384466141526,1.1526176322988617,1.1159784399215935,1.051530120431164,1.0854208644431318,1.0648695269974087,0.7476931176791315,0.5371861553656213,0.38962457637675196,0.2603268168740093,0.1540939150916753,0.08556496532950965,0.06276518269922002
7.729999999999999,0.25662443127330553,0.4373134939303134,0.5466132436423687,0.9419471863506866,0.8998783747393791,1.0178655734586677,1.127959199932455,1.1855689164795922,1.2463444399001444,1.2868368723609735,1.340690924230857,1.4388173992529036,1.457535529867437,1.6237542282198867,1.466577961846928,1.471752863951136,1.4096655822379942,1.3898703971067476,1.343388423554709,1.2039084469042147,1.1893410564621931,1.1192476363789634,1.130537026296412,0.9498968393606153,0.9550310814867838,0.7111555906486264,0.5869793283989435,0.4316376402352173,0.3847172287073075,0.2727542245205052,0.15734303553005313,0.04573025757948663
7.74,0.26451483282532884,0.39813909022124816,0.5688947583443443,0.8533494153089479,0.9368154210454991,1.0490002754546222,1.16378111314916,1.1593670819047392,1.1781952318102282,1.218110544335499,1.1928448466456367,1.4851705409267406,1.473066963720583,1.4238033667482737,1.3539739365762382,1.4613834443752394,1.38018207873263,1.3639098522398798,1.28515688876868,1.2565007811384115,1.2409999699064715,1.3455039868476935,1.1177586034640126,1.130013873001118,0.9551934201321283,0.7417622605026047,0.6449499896045516,0.39827242058166673,0.26961116903517535,0.14213538740936288,0.17345636666967437,0.11353720230191114
7.750000000000002,0.347090344880278,0.5113268203897574,0.6263483790960853,0.821543295322236,0.931122578856933,1.0950468617529177,1.2091890955568785,1.2263003250246933,1.1949629373715958,1.3215761669180794,1.3504820535599718,1.5692217092406895,1.3580588314954802,1.3816399990805048,1.4285631117253765,1.4320886260899888,1.3513654432436564,1.3231373271676259,1.2636928620143393,1.1724465618993065,1.2929792277706922,1.1860267130995816,1.11131098983054,0.9357456411225205,0.928843991862876,0.7957641847644299,0.5838915825628037,0.5067154595405848,0.23643299943603527,0.24467378446251992,0.10369781825368368,0.19163191873440805
7.76,0.3513826904351209,0.5628195814103985,0.6336221503475572,0.8935877076125244,0.9151466976603224,1.0269546106861254,1.1197028010274281,1.2401413508637964,1.1719164603461425,1.2442097806637695,1.3198665521307846,1.5284579442320045,1.4208618816511474,1.4906660016318225,1.4674201593730598,1.3737135590672687,1.3846224852264042,1.3378479315398293,1.2847419338943658,1.2492402800489784,1.267860927339163,1.1995803675950656,1.116054231690687,1.0062571986538327,0.9959883983589151,0.6943166768711805,0.5774882464807963,0.4053176958226387,0.29139925823129187,0.16408275591200602,0.0370069342176541,0.23002421209977456
7.770000000000001,0.30148106338667546,0.5562760999162061,0.6306531504374561,0.902528512853354,0.8696475012723521,0.946198355894719,1.2314771488102805,1.2938518099920615,1.2226211552000348,1.3238030111880223,1.3967509336981185,1.6251579266716283,1.554666295091938,1.514720556193076,1.4466115306036011,1.4180258163972308,1.3956392281477585,1.5500478203370789,1.2927712737682522,1.2719722737473527,1.3753319388050613,1.186994099435454,1.1121143178680688,0.9326022740223654,0.8664720504357344,0.7270751408404641,0.4490573403863729,0.37527432160527174,0.4370048449269927,0.20277313366851468,-0.0003358506008202967,0.078842133851905
7.779999999999999,0.20322513157506628,0.39399836036032343,0.5768285768685069,0.8059203033227965,0.9234864630756358,1.0716762462121863,1.1963037811008252,1.217545812222595,1.2187052389348063,1.3141374929532275,1.4392174429209312,1.5882588668216027,1.4977178277744465,1.5412646384646,1.3925373658470315,1.3907269948325631,1.4142527040051716,1.3716755661533535,1.3488417871932574,1.2748798383563071,1.2836793353359754,1.2659536176671293,1.1517549396519702,0.9951025570841365,0.9269954990259774,0.7005175898254672,0.5316408268432303,0.3596934387970183,0.35352215030961426,0.18401973207790612,0.08072066098355844,0.04315026817297671
7.790000000000001,0.2100041845249111,0.5147450805845364,0.6055844084980125,0.8585542225041478,0.9869477795923537,1.05223591668355,1.2100965687430572,1.1884985386971079,1.3019727546389313,1.3640928228649147,1.3571679414804179,1.4887398364640891,1.497047133614179,1.3445184671051118,1.3599385262920805,1.255288513210661,1.4146681450196636,1.3230237827934914,1.255834499401887,1.322076677551129,1.3058075617172933,1.1742982014454952,1.063301647735047,0.9349756159057995,0.9921351087391734,0.7722619055107425,0.6200692932620206,0.3189521720407969,0.28024613308635393,0.23292342229447882,0.17652393117395437,0.11633576678240055
7.799999999999999,0.19254261436267311,0.12345472263150786,0.5813942680908456,0.8046136092934272,0.8661407609524442,0.9865233115020551,1.1615735754389294,1.2435686404646167,1.2112964817135097,1.2971489437621417,1.3024553575236697,1.569514866429807,1.463009001835446,1.459068539168525,1.4063914871308674,1.364758894858618,1.3468253359937492,1.341989416104253,1.3633417216574206,1.3677894511747968,1.3292650391000587,1.0890330645771749,1.048177589837911,0.9214182474125074,1.0085781139757495,0.8907135817727347,0.5859193047532414,0.40793240751805876,0.3630342961295683,0.23809381502099206,0.12650442827944217,0.14506206416820625
7.8100000000000005,0.27023639894716145,0.5363538697758004,0.6857622491613549,0.8077060868395273,0.8759871351148438,1.0105811873755528,1.169795327202351,1.1846479987411922,1.261102560381588,1.3953355159132041,1.340658092287095,1.5712311764741873,1.4762939669047048,1.5324972369042964,1.395980028410778,1.3356585953173603,1.3473189382809418,1.3729757505349873,1.319456861313258,1.141708179413764,1.286587448159021,1.2043889883410637,1.128647756155618,0.9292657005911197,0.9523558054175919,0.7002330351689239,0.5540038132049961,0.4154096188941897,0.3858398296728564,0.2431788574806583,0.10324103025921827,0.06656576189686056
7.8199999999999985,0.3105838894980749,0.43811193128289583,0.5372916736869738,0.9092057248414718,0.8572046723390726,0.9732539767002272,1.1865022441340143,1.2766991927290035,1.1295221405978768,1.2639467333218002,1.3251120133768153,1.4623508927470352,1.6013292546857825,1.417052102744215,1.346647468622483,1.4720947464091176,1.3836832527621192,1.42508681722088,1.3271543979917764,1.2299518874131308,1.2512751512194327,1.1449950829928972,1.0494066207169572,0.9107960681664858,0.9197259283172069,0.6305523365147592,0.49892906951644694,0.3898920549223056,0.29672642583172454,0.23217501821438588,0.05711814378005003,0.08826421458796638
7.83,0.24147552890714796,0.4927215914614832,0.5856732586636386,0.9144798133629333,0.9530111800995905,0.9848530926177922,1.190464490709382,1.2097570335611532,1.2300072464377985,1.2115933008597888,1.4456242588317487,1.5895868682411756,1.4364468097858594,1.4412567031755152,1.4602849130534798,1.416696892079953,1.4969791964034727,1.3839925803205866,1.278326436899468,1.3318722048937044,1.402486234471672,1.1708736520878507,1.0709143989909107,0.9915132543067846,1.0202321729843657,0.8045418459301403,0.49380721948843365,0.32325399669333665,0.3903039058746232,0.15382494038003605,0.13955119418455592,-0.014004819604884075
7.840000000000002,0.3211294373089167,0.6037601848947058,0.685615241758948,0.8831147099683865,0.8873302017630351,1.0084701329620538,1.1539358472382064,1.260950242991132,1.4000885816296862,1.371287309631198,1.4032383070879215,1.5425281936620336,1.361527200964224,1.4240486323815658,1.3955241945443615,1.3412104681203698,1.448048445519626,1.3167282141296301,1.3348521799403001,1.2159840214359472,1.351019767075554,1.2499153576633455,1.1201800421929833,0.9865182065520475,0.9737550490518658,0.7810172656838071,0.6234565371681892,0.39395202640302796,0.340778565194807,0.2494362505132932,0.10155245610660497,0.022627819901433144
7.85,0.3256607638623831,0.47620787931329955,0.7728920094434664,0.7101527982819678,0.9044205005703423,0.9832819128805556,1.2087517338591895,1.267487361931189,1.2873873827650761,1.279726825509707,1.335272706636196,1.5536916022698644,1.4676789112467863,1.4625845352633626,1.3902547713207405,1.44615196229751,1.3839938163801706,1.3577111408861602,1.3773770309541364,1.2290139482878848,1.2624911810190256,1.1599169657047839,1.1255449656364658,0.9176614063677266,0.7830787124015935,0.6715759375249805,0.5804926050473399,0.435287287298451,0.32712616142136147,0.25878958519556794,0.1467005649397677,0.12739720539663435
7.860000000000001,0.26556842085231247,0.5607420107384867,0.6270944260103135,0.826327860921142,0.9355647323393258,1.055776835872519,1.2092809833914344,1.2160994376033458,1.3034932567783475,1.3260652175880663,1.3935147084517499,1.4927484438001397,1.414570091356977,1.548263629489228,1.375804537971534,1.2756939020947446,1.3102941584175847,1.3064881287812387,1.345283354199919,1.1848841875160807,1.3065916933123565,1.1278605438882268,1.0324739425711327,0.9583826594985314,0.945255091765246,0.7447406887176736,0.6141823973784635,0.4685980498857362,0.3585370900220529,0.22907973806935147,0.09542732856279056,0.11493068144704234
7.869999999999999,0.28300579048062946,0.5412376368886372,0.5788784397050732,0.7461986108211174,0.9324503540592416,1.0819489100186925,1.2005478198781931,1.149611826092629,1.276661165059505,1.2915373738113414,1.3230898915607792,1.5194137194881476,1.4910129176647375,1.4782169144660045,1.514788360526685,1.3631955497678412,1.403713114396078,1.4785280876921385,1.362325912158137,1.3432402440634745,1.2900735274161153,1.1786684049355132,1.1792972888875888,0.9297565429352996,0.9365203067381281,0.6678436490518163,0.5010305296460414,0.42710830636330954,0.3769512978310529,0.11899932717788497,-0.05731698785690478,0.0013542878076851853
7.880000000000001,0.23004710371173914,0.5064309392052795,0.7404756295782631,0.8566318668357367,0.8259418300111039,1.060731984084915,1.1551434706325305,1.133228003134842,1.1846899102244564,1.2510346499285652,1.3921439586897677,1.6748729893561929,1.5580689806362635,1.507400555368633,1.5284523522721027,1.3808177190238218,1.4400997499326351,1.3292548063381902,1.2923286281524193,1.2263531717217593,1.290153084625305,1.218739215327976,1.143021929787089,1.0081026543046412,0.9116963953064807,0.6896994941983947,0.5593322787666534,0.3833526469349523,0.4494438353072555,0.251631192300276,0.05678273824216334,0.07059173370561253
7.889999999999999,0.2814244921991725,0.5850832665418202,0.7769728830236231,0.9145087405845989,0.906836476212847,1.0230047704331695,1.2639765287763698,1.2468443719412385,1.145360073575805,1.1987422960885676,1.3369236081313187,1.5829713987567915,1.4238595834474068,1.3984752437738102,1.417096478519885,1.3720881160174885,1.4194438568193002,1.3049319034808358,1.2175680221405518,1.156917592265072,1.2879335345892842,1.1124476682188353,1.041705999803897,0.9728086754154736,0.9422945321306849,0.6326637947294884,0.5198750248308776,0.5216930822268859,0.32194796426313993,0.21112321366537526,0.08588673618094518,0.02027734910969351
7.9,0.24659498160133497,0.502318903257879,0.7296579969914444,0.8823254022026428,0.8127266098471795,0.9160193924700917,1.2131763118742767,1.2622723571285261,1.2488941668877602,1.3191360606673812,1.3717074935550495,1.4819397626704816,1.3378293475610983,1.4336606426755767,1.4205438583973022,1.4047659852264314,1.4214756696667403,1.3386137733464907,1.222384071512892,1.2514810378684242,1.318226244288832,1.1364583963115655,1.012623289768586,0.9339107990531438,0.8909862365880485,0.6927227930844643,0.4703663765119931,0.41147177843523114,0.30063584380377323,0.2647922096303657,0.046404135241313406,0.07297513186978496
7.910000000000002,0.41400764391286843,0.4641332077646556,0.6632234437177461,0.834371498847459,0.8415739436037872,0.9642327594934992,1.1978074818010287,1.273251125964197,1.3508729213615789,1.303101481245257,1.3352773083281462,1.5097860075988603,1.4495085003586854,1.49209945003654,1.439010662462318,1.3697222459047271,1.4189963016598566,1.428631038921548,1.2679796221204302,1.3240723755516048,1.356389601736764,1.19694168626685,1.0993945329373562,0.9598845311347421,0.9391152826836102,0.571005071931626,0.6477733870206471,0.4683034353118891,0.3770581493778349,0.23036225554654832,0.09288420098357954,0.12044625137408943
7.92,0.2485405093949887,0.4291956613117398,0.7363081605538117,0.8209853628657644,0.7610977020018534,1.0545128994206991,1.2366388161968107,1.2168464662473135,1.2098593078205888,1.3477450096670358,1.3986199153570467,1.5469114529763854,1.4173557563583459,1.5185293365655192,1.4170803880318343,1.4242694310948574,1.3642990410230094,1.3456598807881353,1.2536444601873367,1.2986828136056567,1.2522981653456386,1.1089845242416712,1.0453140588453924,0.9580400731945431,0.8642468955195498,0.6621701997921332,0.5120105719875261,0.453719899911666,0.37936513059113136,0.26087674928427657,0.09040879972905382,0.056633532695407524
7.9300000000000015,0.2163165582613223,0.5172298463788724,0.7293664487489339,0.8582032798937517,0.8916390636556414,1.0761677620304837,1.2084916123075564,1.3013391605254585,1.1849745226470783,1.3183121495325558,1.3622866670410272,1.53457948292113,1.361880697746331,1.3933762169790074,1.4414625878563967,1.4020081560545197,1.4264409190060225,1.2418115328396113,1.1494564799379836,1.0947363133215475,1.3470913250980379,1.1654023129750273,1.1127331648140764,1.0239024172552045,0.9621638918633152,0.7687142704901629,0.5069412728782491,0.44503668555143466,0.3068329808927247,0.26693747802972956,0.1457511274688656,0.012098067102879601
7.9399999999999995,0.3308566168630888,0.507690221389973,0.8224479888868591,0.8229562485626234,0.7628564939243377,1.0457541723844817,1.1434104010350732,1.329368558555139,1.1878121523098204,1.3197144889422712,1.3328602381823353,1.507744105086762,1.374709279085642,1.4636987144416613,1.3890140762976506,1.366245023000729,1.3632373936043374,1.3403508772455552,1.3320297534773538,1.2297800374459986,1.3639591881926454,1.211107984896438,1.1484165719382713,1.0595420151954131,1.027327789922894,0.7506938617420937,0.6411605408637835,0.41302840339581126,0.42078834513399754,0.258133303560214,0.07779898258520804,0.07394975699431333
7.950000000000001,0.27870640994739043,0.6323926626424446,0.781422717390942,0.9409636015379534,0.8940661099606357,1.0078646638419178,1.1454464719553237,1.208836373553107,1.1176942013855313,1.2721645020842214,1.3237127155228983,1.5309550904433291,1.346542629480245,1.4527035362277834,1.5378637171503442,1.3533767857701369,1.331704000760754,1.319323543393303,1.2284493021320004,1.2156145452097578,1.3278715556359109,1.088002840483083,1.0393614604818413,0.9868568913934717,0.9479606742885324,0.7297099539176621,0.6303718436413258,0.4498310618274059,0.3669568659874084,0.2560158960096423,0.03860059837165844,0.11598719558604899
7.959999999999999,0.3009690542316026,0.5891729938341065,0.7383723822677656,0.7913075506345125,0.7624371005802734,0.9550508308034583,1.1904536608913234,1.2774600629993031,1.1961001993033398,1.2126460888267825,1.409668315869368,1.4967492977990413,1.3984576981624308,1.448035152775592,1.4612224829228075,1.3825519330561553,1.3713104556967326,1.360114266559515,1.2469226928532229,1.1201805282608595,1.3720495209465464,1.087917253227174,1.1569574176598239,1.0000414078105493,0.8945542991894357,0.6994840499968614,0.5465952303121067,0.447571724947182,0.43618681436215834,0.22890986119909507,0.11570228596694018,0.009168508983915975
7.970000000000001,0.27250452931505154,0.5745019728412457,0.8403805750963781,0.8477139972418729,0.8928059603974354,0.975800894384163,1.1234517977768543,1.153554421804174,1.2749852001294624,1.2989323762567555,1.3518057754351567,1.5813902671535165,1.3795574098883023,1.3686792578416018,1.4298194676670992,1.3485736792578797,1.4009230697783361,1.3115924527104483,1.2874483574254216,1.2487915580866868,1.401799508774734,1.1945567156563306,1.0814126036315144,1.0172606998092704,0.9326106113940704,0.6157236969942916,0.5645417753132822,0.41848253527850215,0.489220810751474,0.3047346799392427,-0.004021639750946065,0.03889208162860027
7.979999999999999,0.3004807591344099,0.5197657012333635,0.7430522533427244,0.7841527048337353,0.8190840375902291,0.9760239315129764,1.1476070517955925,1.2168578166130335,1.1516039604797534,1.2988949568961483,1.3410397275979498,1.5331089236379556,1.3806843813990517,1.414300897117938,1.3873818818069954,1.2397875895944592,1.299764473284019,1.3336086022524007,1.346601648171492,1.2219023316362332,1.2637382397946069,1.0944767056673308,1.1684673430219854,0.9959614533760905,0.9423374103781123,0.6616003161534719,0.6265725735151488,0.34889193160805004,0.4356072656792348,0.28682693490127387,0.08547012884188908,0.10904182351523134
7.99,0.2954144830810982,0.5560852170095995,0.7420623288292661,0.7889935893645441,0.9387514337742988,0.9430729765336278,1.0743091153953155,1.0913789732689878,1.2209916410120567,1.2141809719706624,1.2489910168522005,1.5180829821097908,1.5320567471213993,1.5329110982470917,1.4364924098357996,1.2704958392620536,1.3487801815086575,1.3655048186146914,1.3113413225880821,1.1419313127569781,1.2007084752930888,1.0548347337646464,1.1884531086049186,1.0571327174037457,0.8884347085489597,0.6247742549645865,0.6372660655640816,0.388685851705775,0.41291501024973587,0.3817911714798285,0.0366628170447217,0.14061529570192483
8.000000000000002,0.32039685300643506,0.5889853535829618,0.6787497798504005,0.8028947325568141,0.8003436561393152,0.9814048374098744,1.1715798475485701,1.199330752691352,1.1784638632145228,1.1591341748824733,1.244213631386223,1.514529232121796,1.373099893535918,1.4123049002575072,1.3441089615324788,1.3581480978943896,1.3469209330392575,1.2574257215526203,1.3096378359491847,1.1788325465559177,1.3280295100916981,1.1275960504062883,1.1495162852069234,0.960303413927731,0.9285782423343426,0.7502679748018957,0.7259468677009732,0.40180887542557875,0.3470255754055381,0.1807335724498726,-0.010368867669105481,-0.007975359355293914
8.01,0.08827152862785884,0.5909598943703052,0.8100723526392389,0.7118895481109089,0.8406085079639826,0.9842095801903759,1.1556210666658402,1.140623421704389,1.2170468410434379,1.277534667964224,1.3276817740013664,1.4276632101939168,1.3941299765514314,1.3544844928106694,1.4131060152438886,1.385974246800528,1.3892579519102517,1.2256313949423177,1.3817488222299092,1.248484654921424,1.264616239107537,1.1323904627085768,1.1687009104349007,1.0481483046409914,0.8763651136090446,0.6797580283175834,0.6068494743682603,0.34693296305813637,0.4003352109817495,0.1998317089561119,0.0006108291752303808,-0.07287107787960477
8.020000000000001,0.35711642344281486,0.5085748175794894,0.7482344777991453,0.903111061175326,0.858426201531905,0.905090393506288,1.0820398790150318,1.196991768152051,1.331326493638327,1.3572258576042142,1.4031874404535576,1.5033867141132347,1.3769190882146733,1.384046292583578,1.300590293623795,1.2103947111886493,1.323694133058412,1.2203475687848258,1.1764409559781674,1.2014759873522896,1.2978286901014557,1.0892511550575252,1.1714825722070814,1.1015655526703174,0.9152196320115248,0.6671747156907467,0.5403534634496933,0.3510674739815312,0.4447437311534946,0.32940927898882616,-0.016699902537635467,-0.006293531457671871
8.03,0.2258797757680054,0.6090972045102907,0.7608623175832563,0.8349153319529633,0.8123079039202814,0.9891663643608888,1.1657105553672549,1.1228588600835092,1.212537822566939,1.20291999795574,1.272471126735575,1.474420647035977,1.3800566875568767,1.38395892590998,1.4050011901737915,1.2369044120849884,1.3032814135121822,1.343956091134187,1.3933477501449134,1.214933998752181,1.3129574162102515,1.0599161062496032,1.0487304175585848,1.0345886045071708,0.9607997082283978,0.7292520197582334,0.6048652674537034,0.45753418681794344,0.448751430179637,0.25711840143190623,0.045688177968514376,-0.045033070448654705
8.040000000000001,0.3964949057323637,0.6106644569331565,0.7673414588444739,0.8229199322991684,0.841671501421912,0.9091850775081677,1.131352340226229,1.19496260994505,1.280739709914835,1.3050663446021709,1.2962687782642963,1.4159677615183237,1.4129752786620173,1.3690293404363594,1.3032061460063566,1.230909093123807,1.3680137289861893,1.3335088774257975,1.3753090497748601,1.1948639167424417,1.2362724414234427,1.0626683033310738,1.1960368989737364,1.0498543664347157,0.9431510639838427,0.836572543353523,0.6917144167475872,0.6296914595687381,0.45980254004803106,0.2667546703335526,0.021458832004694308,0.03772381477578473
8.049999999999999,0.3940903843492797,0.6254269364415698,0.7758522534388164,0.7683079801867756,0.8247481247774228,0.9276788405096364,1.0261769747695368,1.075513928893385,1.1727084440405404,1.2792186356670847,1.3626273421650783,1.4870056914732972,1.29950852824782,1.3664768084293313,1.3523303872475496,1.3205919678449627,1.4113879708997132,1.3118708395098133,1.323476402784698,1.330223485834013,1.376289211966982,1.1410785239609196,1.152702883395316,1.0939151113140617,0.9984013635114345,0.6993821793839594,0.6185072018754437,0.4045942202062911,0.43328481801863844,0.2760586915404468,-0.016976937884449764,0.058413043970210604
8.06,0.2868853089881329,0.4972520236974476,0.6707501089605505,0.7714137789952104,0.7919459169166153,0.9529732917602769,1.1775075546793858,1.2294211487248359,1.1944554237465725,1.2107193824523348,1.2750319916066335,1.4598192053141636,1.441977494082861,1.3587525264832176,1.326669641801297,1.3451398769715994,1.3125475799920976,1.3445738996773993,1.3388635933706854,1.220395965226393,1.3992442973073302,1.197991107772237,1.1938010269341472,1.126022892760495,0.9554490014366439,0.6571195680254881,0.6205027602209341,0.5131898593754359,0.45530360995667657,0.19106749696604383,-0.0229023124055365,0.07584320606177539
8.069999999999999,0.30204995478682173,0.5634324137402242,0.729243158061055,0.8475103163611506,0.849023868524772,0.8950547605567865,1.0496822237512053,1.2048479322613082,1.2643009642878162,1.254196126631529,1.2564665744522494,1.436075906303562,1.3316559931661796,1.4004056069447492,1.4396494947816763,1.3852209326076887,1.2898547984543185,1.3205322434155327,1.4603855898985105,1.3073536262236547,1.3509514678587529,1.0991379380585524,1.2511572497549652,1.03530583623011,0.8807312405123024,0.7167166137012537,0.6900165895285366,0.45291494458073883,0.4351859680255815,0.2394696510178257,0.07536966825094311,0.005747890311200682
8.08,0.31068148130863416,0.5411157482084656,0.7853778666488396,0.7509108556721317,0.8218663625570083,0.9549520099037836,1.0614609719490058,1.059143117378612,1.179422580034137,1.2382415520796195,1.2650222590897326,1.4713176858863266,1.3940397080284899,1.3777110732400217,1.4324176203742107,1.2657173029794326,1.3303113217071625,1.3826512227732728,1.3093238847532065,1.295027799682492,1.351185700926931,1.174137683192755,1.1851743295526829,1.1304532532405995,0.9765743582685347,0.63270308154565,0.7505691731753965,0.4728834680913441,0.41691313036854866,0.24651831068081417,0.01723473945806246,0.004567377145493365
8.090000000000002,0.33547079139904024,0.639312475679644,0.7851169294503737,0.7749331376771822,0.8751974475824233,0.9214511573924694,1.0365766728116654,1.0446902625133,1.0112283664515445,1.2915204073228292,1.3872001128269715,1.5015483361755315,1.364319555779673,1.300336963336483,1.3258325096657781,1.30676149869088,1.3833842718857299,1.2017476393097672,1.2504338531606327,1.2181317739697806,1.4126883587808592,1.1414048954959,1.2148269932849554,1.0388716619923481,0.9784660006196986,0.767777940193245,0.6267646360856163,0.4548785024517728,0.3738254986202887,0.2521841778625707,0.0005379320043102246,-0.01602194412862347
8.1,0.3477480690053254,0.49868926942193254,0.693925358255965,0.8607229885829513,0.8677307482126861,0.8075539436712459,1.1348134067723876,1.138064278331538,1.1527898305694249,1.2390564246898128,1.2572682267006707,1.4769515723961746,1.379043355769898,1.3619691566717662,1.3674670307917332,1.4326546988546385,1.3850601552375945,1.3285987818069023,1.4038209965367274,1.3466258198189032,1.3876804707888002,1.18856814588798,1.2007493847401425,1.0473564940892552,0.9659615102251139,0.6951006404435108,0.6083620512900382,0.46107468707093746,0.4116417553831015,0.27466738453252915,-0.05380904091181522,-0.0085446018079166
8.110000000000001,0.36550870795661156,0.5504789462303871,0.7097501827184431,0.7478904596868728,0.7883458808928862,0.8551483029056419,1.0702502654928143,1.0258661774981574,1.1433536414103211,1.190276586002378,1.230173123569751,1.4255753846127974,1.3634057803217656,1.3957679242389176,1.4372234911235502,1.2684157044068602,1.293642664059448,1.244654072638368,1.2447251587608392,1.2184820818748938,1.3481415278432582,1.1675021787337965,1.2040684484644368,1.172791995196193,0.9061462222769073,0.7554232344484957,0.7194284814519346,0.3961207424051056,0.2809585834813597,0.2291237069711625,0.05845505177125862,0.017067848195276607
8.12,0.35267493141376194,0.659565768817423,0.8351317856037627,0.8738104319439226,0.8870797766094889,0.8452872201726829,1.1032612968909181,1.0872799116324563,1.255856082237568,1.2820287664855343,1.366306571476334,1.3804755901767578,1.3353242017316966,1.4395532331793477,1.3612003914343291,1.433032540850702,1.3493065473279255,1.254140347656823,1.413117401276117,1.2338280760037408,1.3591115670530616,1.170460611534943,1.2818177210639052,1.2397507255044267,1.0254598583672287,0.7241600206098578,0.671931932073771,0.5487716213828863,0.49970848828632514,0.3662891905608916,0.013667941512241048,0.027373955483521305
8.13,0.3997671504563749,0.6395716300939284,0.74187761726196,0.788176872633024,0.7890258975604311,0.93211399005834,0.9960455969824489,1.113203507565291,1.180864375687636,1.1795686650132298,1.2998158004648699,1.4640585301519748,1.3234692114364766,1.1879487511788733,1.36824467223759,1.2883517824630744,1.326172755113863,1.3403651339517246,1.4644394558720022,1.2818632617931127,1.3175428890113543,1.0825863606722848,1.2030044591807567,1.0587683628433031,0.9438452655846292,0.7609034837496426,0.6721435943816179,0.5370524325847663,0.49000967630987263,0.33738512002059634,-0.00986473760831669,0.0204643984318505
8.139999999999999,0.44959485702893076,0.6772980785382872,0.7888628242985192,0.7896302910139609,0.8629578458301148,0.8819281817512892,1.1627035942851511,1.1581532930214766,1.1654568150648217,1.257077021523089,1.3123531599633869,1.3715964021611249,1.4169421623580591,1.3792666412511094,1.4102747075669886,1.4226080700212052,1.3627087054724292,1.29753997011109,1.4778810977053716,1.2366872028089892,1.24658429792278,1.133503069017398,1.2279737117948113,1.0433532732263022,0.9079151564625144,0.7044365751406523,0.7457315119990546,0.4182140398400409,0.3737943767655059,0.26113099170164017,-0.019952414818654046,0.0015500754683298729
8.15,0.39012515490663124,0.5389641224310389,0.7723233155053622,0.7866103742592376,0.8598041909694055,0.9291884166232504,1.0351734641868389,1.0428449124191892,1.1543292317988194,1.1747705700805606,1.2899058209952365,1.3303269933638047,1.3063398488265006,1.3390149251671617,1.385475561220751,1.3513797516732633,1.3388197898421486,1.3254505883646295,1.4459967392270676,1.2149494957366858,1.3682252759347335,1.109811207084138,1.3431453296722815,1.200075550204531,0.898273695823169,0.752559906946336,0.6605204291901322,0.5282066156976482,0.455263415995239,0.3194493754088195,-0.03482861216391835,0.026894592358711535
8.160000000000002,0.3182482705188676,0.48598655162841586,0.6691231140432155,0.8248704250152161,0.8624636663236197,0.9260100717873258,1.0516921525929046,1.0533900751613545,1.137271060883508,1.2168592666730556,1.3830359492825994,1.4583235655405633,1.4144044672395522,1.384088230344476,1.3178814336623037,1.3894043550386983,1.3191222159561766,1.4415861680717188,1.4858987367256091,1.2045185168625274,1.381315191109192,1.1193229663657611,1.2406681146787562,1.1829665167757324,1.0913237667265097,0.8337404893309794,0.7785113185305766,0.5487843817701905,0.3923432588039661,0.2654365585966873,-0.036661990064384066,-0.019347165347894456
8.17,0.2764758666296761,0.5867007287909305,0.8001619423042746,0.8072255267290789,0.8910953072109957,0.868088342130022,1.0961658137920316,1.0784209510170033,1.1190072288898523,1.1758230889541343,1.3140498800767495,1.3207038458228162,1.3271578964150532,1.3323891929921317,1.406203360614498,1.3958482201831983,1.2861827387082938,1.2139477597826223,1.4870150980262904,1.2842167511598575,1.267428662204303,1.1661581911710306,1.277437372931936,1.1572828653706828,1.0328513394299408,0.7797441175936143,0.7410852299897106,0.6132958106718459,0.3802478091399039,0.26119227466600026,-0.07005944913445286,-0.00895991856502756
8.180000000000001,0.3643080924402722,0.5519364162524472,0.6329776738914688,0.6985367714721192,0.8942240938057417,0.9521396100090542,1.0312698761495547,1.09215705058726,1.2444203703082197,1.3136588742228896,1.2449490842892297,1.300742167900257,1.414959407302991,1.3658011335414424,1.3678941196218255,1.4203542427323526,1.374720766023359,1.262710388205873,1.50382326050804,1.3100212557909896,1.289800582913832,1.2337895665568792,1.3420309921063145,1.0933429666673598,0.9714645924912059,0.8058096258315425,0.6847621662219466,0.48253278868429117,0.3340564159643338,0.1738041416130495,-0.12023816109119527,0.10862942655506369
8.19,0.41285072832274067,0.6086187780381989,0.688135793227123,0.7058263664968536,0.9176342443422855,0.8889612869436461,1.0414677107745682,1.0338585933854734,1.2454849393309197,1.2164044468815631,1.2507846053198308,1.4272371524058824,1.4742467630643554,1.4441499571920338,1.453227590574516,1.4576865293670018,1.364521963022986,1.353447087704543,1.3507872932345264,1.2448186975332278,1.341585070771565,1.1821853008551537,1.2919721230238084,1.1867176458951698,0.9580719359461084,0.7768901502307664,0.826956893467097,0.590832596854126,0.3989874381734534,0.25263322134621374,-0.0562345551046444,0.05028550713492358
8.200000000000001,0.33515675620302543,0.6203817838358171,0.6970959325414715,0.6912595522860546,0.7972684406333428,0.9362726193176418,0.9944458729949615,1.0714182843862388,1.205482430509289,1.2965738911927576,1.2697715783328374,1.3287080753419496,1.3565853835786512,1.3690180965651093,1.3119737745412823,1.422837937258958,1.4536368878488162,1.3648411333657846,1.5062335975581111,1.3450364892468423,1.394107580435297,1.1174251550973349,1.196786762003532,1.1091572330716923,0.9275053847957422,0.7605745020237527,0.7504272269257134,0.5925040381565344,0.38867782192947037,0.2579311624355502,0.008231419158287644,-0.0063439336477355834
8.209999999999999,0.3992927330419962,0.5737097501701341,0.7362688486456874,0.7128500941680624,0.8106092077001238,1.0181489701034312,1.0986527352586886,1.2085199438922656,1.3242073610561158,1.2657043902730545,1.232992687055675,1.3047633632857092,1.4394149960657012,1.499601418771428,1.4597395171233796,1.3948861423002012,1.3583323101762004,1.3943810686513363,1.4587323074535754,1.3442570167473993,1.3935558575087423,1.1924565474732725,1.2062974623914975,1.1578175738293466,0.9345722697584598,0.7600940690343538,0.6445681274576706,0.5703443895434899,0.3223124935141009,0.18819946978931906,-0.22934778350116197,-0.06028650128038466
8.22,0.3768307229565043,0.5618021533791182,0.8122950184203079,0.9018675767001421,1.0013792087781177,0.9414344110087682,1.0944463513745444,1.1132560482170424,1.2101997327252985,1.295387273956566,1.3853585650436806,1.3997939017628116,1.5033609614295498,1.3756397410816614,1.3736980148875304,1.6160835038755508,1.3409632438297574,1.459115748762776,1.4122080595825077,1.3630564916993644,1.4076603050096874,1.2528077213598212,1.3259995143640189,1.1696158029825445,0.9051644892653449,0.8621996177062813,0.7540792231156257,0.45544786990266084,0.34870795193789916,0.1698174519792781,0.019014570800932405,-0.011870381859872749
8.229999999999999,0.2918215165351009,0.6253509963963096,0.7626314214157648,0.7034254307746337,0.8271191413843936,0.8929740622039525,0.9532771902836632,0.999245061737578,1.1930597868378838,1.3030461672065226,1.303194204648587,1.316818248600205,1.4369487793068783,1.390657150172782,1.3392554067634221,1.4788559926054479,1.4877294765374915,1.471541425454522,1.4079744404443462,1.2265050326193454,1.299298569716495,1.1626075692786506,1.2771057206669014,1.1103111197245359,0.8637536671374815,0.8460014544872171,0.6692943474594834,0.6091928471808109,0.43683551805468357,0.20024739280127382,-0.048943223598563214,-0.033837715839848154
8.24,0.3541456665401953,0.6316843589110785,0.7111896580668124,0.7357051588595914,0.9283317193873998,0.8452815319377369,1.0888918613527623,1.091533220064086,1.2808056882769376,1.235617484078854,1.2837518769834595,1.3967735443752838,1.5131613722157715,1.358797716479132,1.4031396559311342,1.3597458503526998,1.3832815666400968,1.4279217413933816,1.4684737073964427,1.4272272905547316,1.333674062052175,1.1491433811890313,1.30361127987889,1.187585832998806,0.9685044810894993,0.7360777765368968,0.7004906257241926,0.5818837033855179,0.4457392169062044,0.28287798894113697,-0.03774320647482961,0.0008551963155323111
8.250000000000002,0.45930169806180765,0.5958433605627149,0.7147491474991475,0.7356719239487156,0.8522120505250722,0.9009340440542382,1.1124830078299843,1.1062707557730644,1.1566044991544535,1.2548086493557529,1.4093422944638938,1.2537994021537817,1.42957954020714,1.4669046389237375,1.316531651881333,1.4660017949346285,1.4457263699758554,1.4799441655909649,1.525853527797986,1.3350491976801342,1.276040242918612,1.2005192751680807,1.2505164188020257,1.1231580084637403,0.8692098008204244,0.8292186121803882,0.8360812937905363,0.5708026699589106,0.4213570033133604,0.2095025104533999,-0.01475268130497708,-0.003254652136991623
8.26,0.37593703268624956,0.5892868430605818,0.8636131010146921,0.7678745998565601,0.8915052850881394,0.8967768011428571,1.0566675220666493,1.0984371648669726,1.2484028819432338,1.29714165753849,1.344361521965549,1.450766846571721,1.5109052453412353,1.3929309652120516,1.4085942571598042,1.5018193661883619,1.4158334661360918,1.430529132204551,1.4293235038857808,1.2962191086182737,1.2679827150029406,1.074026451583956,1.1287222855448475,1.0998496905175608,0.8921679668061747,0.7351427442011331,0.7633067390330519,0.5088526518311869,0.4484773513645597,0.23079323219605252,0.05001569106950601,-0.009794888865737914
8.270000000000001,0.34938710577729837,0.6564434924322856,0.6847510920333183,0.7562307164851327,0.9346622283571395,0.7957558053444721,0.9128008921860673,1.0389315524709453,1.167070987936027,1.249806658918192,1.2617162005249045,1.3384358083155372,1.4305774961633098,1.3374476196068603,1.4005637787882717,1.565941807347972,1.3836241569287915,1.3934446921559622,1.4755798353627416,1.3343073954089302,1.3099344123057168,1.2874149655844087,1.2809576011337795,1.1762827682572192,1.0030285874543106,0.8410616773656208,0.7032573284683228,0.5525192249130993,0.28333056358991177,0.14588025227217322,-0.08648572310452873,-0.07285635245245473
8.28,0.36612459969344746,0.483048802728072,0.6578035363152517,0.7825402964543586,0.9447164980901452,0.9343146802250213,0.9908430048934116,1.1732558576239374,1.2852362587810955,1.3326640570939439,1.38630786071818,1.4260726592746116,1.4227813061645846,1.4043194093996867,1.4389433299801424,1.4511852278577555,1.4570161493171059,1.541973614913308,1.5300250023941495,1.2974271391678243,1.2598880340070857,1.238470481665834,1.2561279158628371,1.1039624549748355,0.9471181925519352,0.8156728621226567,0.7027267347257737,0.5405630649848475,0.374124096817447,0.23602365592039778,-0.10862433548968975,-0.061000131634094304
8.290000000000001,0.43056199843140214,0.553737068237247,0.6146748690571893,0.7893374667162809,0.9673821881790041,1.0436294405870459,1.0173098573789237,1.0760790168472796,1.2535307865824135,1.2168090219411356,1.3708774596489341,1.335979271934843,1.37366308408297,1.4202243390153235,1.4308166416775536,1.5216185075999624,1.5355725560779718,1.519746035068981,1.55855015383389,1.3891074109663455,1.2670477508245725,1.2332772102795193,1.2316881171164753,1.1526319471819242,0.9492626324302726,0.9210107049409754,0.7922224747833324,0.5844246849623461,0.3037330801783267,0.20058075686639099,-0.1285542143157162,-0.06556046781928412
8.299999999999999,0.3904294633964186,0.602092060479135,0.679348039415977,0.6802827088769734,0.7959410790759188,0.9471517209260254,1.0578438817970035,1.0570878265012151,1.2674423721878127,1.214215698581737,1.3502401487986742,1.3463100158649672,1.503970487907013,1.3270628489337555,1.5033419348417447,1.5084045103721837,1.3669875576805337,1.3671454266932277,1.422342126318358,1.352879000772899,1.3617045048697742,1.3992127635585179,1.3033580110035923,1.2123580066627786,0.8573030337406429,0.8391430666832248,0.7689237931276125,0.5365832079523715,0.22351369238151725,0.1247544144939493,-0.1128070164647023,-0.043475656769494636
8.31,0.436384695073192,0.6225289457514205,0.6258653959282618,0.7232321969945986,0.9858207203606801,1.0010860308003466,1.0168149186571367,1.1153642053752826,1.2239929793360278,1.2786228846379812,1.437586644087145,1.409107531363764,1.489148810962209,1.3453404171978254,1.3518437533777878,1.3957333408426784,1.4820309099653848,1.507367081339596,1.5924468927795923,1.38400298689077,1.3212056193459698,1.2526774222106851,1.286070114366014,1.199126728541832,0.8114182000556632,0.8639966628161886,0.7824866003380215,0.4969753462627994,0.35511297653766905,0.2045366865100291,0.010762834171214902,-0.02207488326366628
8.319999999999999,0.4156408238245009,0.5833476734481444,0.7790710899378965,0.7375848266630692,0.963176650127104,0.9543217039409925,1.0243972060611817,1.086356613056861,1.3212497037535984,1.2803496368593303,1.3438142590021485,1.2761305427802596,1.445427582215095,1.4630994578735816,1.4770417420477546,1.5312186861322057,1.5269934830181202,1.49976182062146,1.5300443761523272,1.3426144081766733,1.2652320706556246,1.1469180663745497,1.3037363616646056,1.1925061546470954,0.9128218500008841,0.7769365489619358,0.7491183646262147,0.5975403257050258,0.4228024118294455,0.23435614299514582,-0.0730651684250949,-0.05614232139755937
8.33,0.3635571887059479,0.6696867374771855,0.7503637600946537,0.7991227024071681,1.0308407289488928,0.9763122004025,1.0021227653527984,1.0947745924208339,1.2987911168487423,1.2381217902248385,1.3051388629012983,1.3360400206434808,1.5492194098990335,1.4171170472135612,1.4145704281885176,1.5917022853654603,1.4818181977164877,1.4798412766775162,1.3659625079786466,1.3139367766905103,1.303844219889421,1.1827514727837352,1.2635492011362595,1.154067002469987,0.8444772998320169,0.8566031704117577,0.8363405847244867,0.5357609764191902,0.30550356530360095,0.22067218413885575,-0.01193328365322104,-0.10362446495721556
8.340000000000002,0.34346521272897496,0.5700184885742497,0.7691764184452236,0.7389991261699584,0.9689320859039641,1.0310979694097744,1.0952714381807926,1.1569108926821374,1.3850012277598265,1.2688379595524748,1.3945413833908384,1.2169728652234597,1.3892062913050751,1.4290004828502436,1.5141820284907213,1.5745738333488197,1.495559398659329,1.4514748830688748,1.4977118905438658,1.41820021691431,1.3108367926063096,1.2312340706414084,1.2770236416105263,1.0486089516840607,0.829647386058561,0.7409713818063771,0.753825231397724,0.6699662528314119,0.3082096917555977,0.12899000811545244,-0.1353986845441058,-0.05811643934310875
8.35,0.3231786978035346,0.5389420644572647,0.7013072939766343,0.7597475703745895,1.0337623911822926,1.0097860353954005,1.1456431673154166,1.0228908116007527,1.1969968084427351,1.359668097983906,1.3733031257427886,1.2805517376471955,1.5294313192761435,1.4144182339905838,1.3223007130622906,1.4469978804881856,1.4277701864433494,1.5932430399597917,1.6305387774925986,1.379541859950928,1.2809907382609467,1.3547648249254876,1.1488992566964789,1.0833970355852733,0.9088852536688458,0.8637390568382786,0.7459015531175518,0.6029797342019947,0.3050265703047581,0.24120013462739465,-0.040673927958364026,-0.0952810590418085
8.360000000000001,0.36038107730933194,0.5349651184248049,0.6798519919126439,0.8036288464781549,0.996100246465218,0.9605154216956177,1.019701622708613,1.1213200106497776,1.2634116374012938,1.1990424127188346,1.401324802275025,1.3534797374309577,1.43838926705198,1.3414999985902991,1.3676219860277066,1.457793318215779,1.4833113495963435,1.4690976584414448,1.5181388504054432,1.3976507288818125,1.3094173283255115,1.2604384322794164,1.207367319203813,1.087261679104479,0.8248776307079951,0.834979038494853,0.7828889135575852,0.5283525315764221,0.38258991393353214,0.18615630437854988,-0.0006874214059035266,-0.07167638732306855
8.37,0.36720247890210744,0.505931796703591,0.764091995017791,0.7755826893819798,0.9978590509886515,0.9979117183106384,1.0501121744239166,1.1479549611748765,1.328060003169703,1.3887447834230606,1.3894653183998125,1.3829872789782494,1.5597848226745383,1.407924406360493,1.5279032118674531,1.53839687593374,1.5303984246321782,1.4407582466793565,1.5432288623154442,1.4212661678710146,1.2104292841799278,1.1656632527619766,1.1148804331849709,1.0689220911749984,0.8782726917146574,0.9180238178700366,0.8002694504701368,0.6365859681673041,0.3964430332515134,0.18130847612246018,-0.07113436457379507,-0.09439433050959864
8.38,0.4340318264982572,0.5817236885167071,0.6623168942970752,0.7640377947801077,0.9271441577111428,0.9892118291489669,1.092470932528841,1.2121521547497913,1.3714219054154277,1.382752154565959,1.4594141640891598,1.4569193923233,1.4928607941326766,1.5286933699942415,1.5559202881269478,1.576492977887548,1.5076680363574788,1.4862468544666076,1.6338086521284796,1.4119067018589724,1.2910670855281579,1.2086000273538913,1.1196182592835466,1.1434410787022897,0.8710143962366065,0.7700006200448004,0.7041474785617057,0.631330500777768,0.2870075754182596,0.025323743048213204,0.012022570218285488,-0.015861165975822336
8.389999999999999,0.43590611780218996,0.514703302700001,0.6533723874457922,0.7770284547890902,1.0174522158585173,0.8767419198848908,0.9555936653776778,1.1227310582632148,1.3280580359102039,1.3401071580134312,1.4237203823014077,1.3748815563971,1.449535596264036,1.37861807645901,1.4430602428750543,1.5116576761819922,1.4190576541009714,1.5667661766059866,1.4675941409162836,1.1928257766592723,1.1849684830921117,1.2659154036181615,1.1322949881526239,1.0425455543806637,0.8090700344287971,0.9117469002242033,0.8806298011765944,0.5880704273871097,0.35231836738322775,0.20438102394937713,-0.021288383627896548,-0.015567948025224383
8.4,0.4191198667453072,0.5129916815755956,0.6258519136905133,0.6793121532630053,0.9693557106529668,1.048739606160161,1.1338268969437952,1.121867671281766,1.331806060673666,1.3153655765309773,1.3099804568088427,1.3869235094683794,1.542511632593264,1.45679530234137,1.4486842060415301,1.509375259329476,1.514308560607009,1.5323997722254523,1.571613019883214,1.3695712361536374,1.1687019629373483,1.2257427600773192,1.1746908553222872,1.1114790196504478,0.8301162696710384,0.8395160208229934,0.715323734782223,0.4950663418858136,0.2600659828179685,0.06783598672691199,-0.039830658454728066,-0.15353890871832954
8.410000000000002,0.38286310876441704,0.505888903951792,0.5840326773164465,0.756467802267513,0.8922885646170526,1.0009058886809294,1.077470032801421,1.2164337671863152,1.270198975036008,1.3539128813280008,1.3479797357341277,1.2319866926002534,1.4425431522277499,1.3482366777716315,1.4683779906315328,1.4912685680364783,1.4948978581819392,1.5500906772082172,1.5654815780081612,1.4946372849064222,1.2849385777075948,1.2026416065033343,1.1243711362574718,1.0669495837070144,0.8389754393182312,0.8152580695192726,0.6955224384041301,0.5586534959424448,0.3462199734689275,0.11671829725025239,-0.06084789092420054,-0.14211100951781125
8.42,0.3774489466768778,0.5789388265218156,0.64976357495315,0.7475338068274794,0.8999656016942277,0.9122451305785009,1.0742177825182833,1.1189163063132204,1.2649126861666051,1.3746596139576739,1.3671075523299414,1.3796182205973353,1.4893608294045746,1.414210474438748,1.4592893171305157,1.5589467428190562,1.5157057924008372,1.4940815169806996,1.503743443418243,1.329122532870862,1.2278034980866206,1.1426779566444698,1.1255498356887064,1.0940077167892963,0.8048484544157459,0.7957999886929729,0.5969306472181488,0.5593814934139885,0.21742561694325704,0.17423706181895807,0.06528459040074913,-0.02252967542506236
8.430000000000001,0.44373903983052615,0.4993527039879974,0.5727253313376135,0.6948275274469491,0.8799206201434597,1.044197686956678,1.0183097890671868,1.1664347201940435,1.3117530751960622,1.255645971362913,1.4256352224600206,1.4125267735822014,1.5167898585904755,1.3819957130630571,1.5064618325356365,1.6810686205095469,1.647203911145748,1.5646538015821287,1.4750582389536957,1.3968225998228214,1.2510903853793967,1.3459910453998416,1.1067140236153565,0.9190157567170698,0.7890490084494188,0.8179100295144445,0.7636838405986531,0.5530700795121973,0.30661888798977505,0.12609334030349398,-0.08135708553007324,-0.12795722307213908
8.44,0.39122789734619334,0.45323355802135473,0.570240796596637,0.7445336569966917,0.9462202856468516,0.9078477462157076,1.0900723912268775,1.2156980515522116,1.3345277345231423,1.2737089570453526,1.4377249486053858,1.3806519694638897,1.4757919518676224,1.4261172952953174,1.5731772755028963,1.5470191795814952,1.4717409184627264,1.462638969006265,1.5499243148375186,1.3588864964703495,1.154851141421615,1.1693511586523027,1.0345086169316338,1.000856137985472,0.7826393757199409,0.8184010792877656,0.6654576357298803,0.5722710069129158,0.32145298683441986,0.2501491468720397,0.08497981497586544,-0.07778933252447454
8.450000000000001,0.3767137889427885,0.5383733688637383,0.7109090223699595,0.7885240528614282,1.0684699354818206,1.0222108593866128,0.9973431106391188,1.1479026887376786,1.3257552783676891,1.453293395346169,1.364641322255502,1.1999824111130923,1.4539436551533969,1.454980325804143,1.5375714266909097,1.5295260504326167,1.34810519275428,1.5913147139554689,1.5169955013783436,1.4227907902556918,1.1351028590793946,1.1420487585056094,1.2226698697901792,1.139995400751811,0.7167056008707982,0.7920881565631867,0.7580682219603314,0.48088697969367805,0.1962614753621928,0.12708881979358547,-0.034916258454631435,-0.11954050436746241
8.459999999999999,0.42312040062726686,0.5443476252352673,0.6233945020416913,0.7063292934393034,0.9270080691491617,1.0505652750795058,1.0666616216524156,1.2066049637432785,1.286192762501001,1.3926119837853796,1.451743755726139,1.3666954696042755,1.5005346614770751,1.4886039555259596,1.5334253963471176,1.6001842324218798,1.5491501878088536,1.4695686549347164,1.4344721926427628,1.3340518245310062,1.1928541843572225,1.2419392784596002,1.1708640760619513,1.109080495794202,0.8086960049381562,0.7820081833266828,0.7017776469166987,0.631787419932574,0.28186986058448166,0.0234196738432675,-0.059850854067424256,-0.020803781070392817
8.47,0.5669641127210249,0.5110867139467409,0.5735050090840123,0.7133974777548442,1.0039549738401923,1.0490307547146545,1.0636214307151237,1.2164602875172528,1.3388955441764752,1.3730469793430649,1.3741570163762615,1.3260468651738602,1.5366714691893733,1.5345604720343076,1.6310599020586183,1.560297577257561,1.4332336932663998,1.4601924824680599,1.4650822723222274,1.4531352139931486,1.1972548689683442,1.2257281030855305,1.0927576561587402,1.072318716462344,0.724392756912523,0.8137937517710312,0.7082512407424165,0.47336164485222904,0.2284755174215555,0.10696247940813407,-0.059694893997959825,-0.04914366457514342
8.479999999999999,0.5541888813927955,0.4885324012907116,0.4966354660540805,0.6999454495863051,0.9974246666793055,1.0065387516222557,1.104072279172911,1.1337246238504863,1.2840879169175152,1.302367707036762,1.332291456183185,1.2589001609036214,1.5222874266299402,1.4743672473372391,1.558680534585312,1.501357828296983,1.4169615152696853,1.4483890850270082,1.5799315705950367,1.4319339607437078,1.2475371366962569,1.22941837493979,1.0934112098142068,1.0172360760195247,0.8006964050165689,0.8099027216462356,0.7329874100779215,0.574100629084894,0.20604685459505995,0.10534209007889564,0.020376524632260612,0.013544372400072412
8.49,0.43665478764560883,0.6192200055994218,0.6167254654768011,0.71385813066998,0.9849630939187665,1.0007358184985122,1.042377403219607,1.1223739918904787,1.2576896898045613,1.5442021482585775,1.5128101336032675,1.4414756879353858,1.6687179117571846,1.4834555150677362,1.566750025530736,1.5707626229123794,1.5131159676844255,1.4675955485959586,1.4069150595868194,1.4170138216883843,1.1798515504595581,1.2399686771806662,1.1013169847545987,1.0142566468662222,0.7096929355427597,0.745592939986195,0.6787463794706896,0.5875794202748111,0.33562581217362664,0.12268961767828274,0.0802544941482229,0.1385352922112763
8.500000000000002,0.388078338059032,0.5839547166610332,0.6009577563740723,0.7388189878570968,0.9827324788526459,1.0189396576581762,1.0836711113318271,1.1441749383905442,1.3505514349443333,1.4099870448589276,1.4977824191517473,1.4100852049831005,1.521684550627866,1.474666829661004,1.4978762133026535,1.4936275442839204,1.4920623216792055,1.4461676185973602,1.554642231542246,1.3201108682015934,1.1146893735112982,1.2212137162691024,1.056826159803503,0.8575070316171027,0.7686091544002449,0.8963597183284038,0.7180788037373107,0.4887915140069797,0.34190889822033005,0.10108996330396065,-0.022272197708216746,-0.04133719125502773
8.51,0.38547209407759686,0.4003306221808144,0.5821854423053623,0.7146763437768482,0.8386882046890773,1.0046177069914712,0.9769981352216749,1.060113717737153,1.3491362478147098,1.263011864745672,1.423533185678949,1.2489668094402275,1.494122176983903,1.5178190484991723,1.624843683115225,1.5816088085160338,1.56932102914617,1.5841779537053846,1.5520885445384651,1.3818512737929458,1.171166546021233,1.221295785408604,1.0417138455737411,0.9137217392045919,0.7078092491820377,0.8173363387158086,0.7163533433398405,0.5182168580392167,0.2213676978118777,0.07614683655149787,0.19352079558553745,-0.038076876250208086
8.520000000000001,0.4003201954160296,0.4315494096357872,0.6565816660779622,0.7603488281129,0.9881511379359378,1.0640848817391528,1.0766809252638079,1.1720242558056442,1.4453345606877643,1.4360778944821502,1.5339703518149588,1.450776161764501,1.4986929314960222,1.479977955551092,1.4765295016306266,1.5364775132684738,1.6080989472212266,1.4460574222442686,1.3629969709936685,1.3292606719421562,1.1985751385569698,1.2283301777550524,1.1256860745512798,1.0610731885550782,0.8741266314888678,0.89686181212745,0.7848612230173724,0.5914436550811158,0.2878680917071006,0.05435169420035872,0.08486676767162524,-0.001596343741030501
8.53,0.4357580761893914,0.5071018686715304,0.6885259181224441,0.7588294360387428,1.0039692664736066,1.0724837446894484,1.0883723462037755,1.147629734876133,1.439155049569088,1.410182200556787,1.4969918578121315,1.3034428184276456,1.5187037768514875,1.5537068152463804,1.6128221686654811,1.5153641900405252,1.4837470019443344,1.6298066122957344,1.5106262027403439,1.3555914188032836,1.0904302235610581,1.1500412817501062,1.0856793983585449,0.9657185760555446,0.8364720166315862,0.8413152036550323,0.6217993167462532,0.5498742468638336,0.3655843043671196,0.0451071436979875,-0.0004812170245301062,-0.015282537754239975
8.540000000000001,0.39385875665087483,0.4331453399803962,0.5874550834228434,0.7643097892049812,1.0580178702011458,1.1718733328038053,1.0643208676737832,1.1463191948094291,1.3723285534214298,1.4418932252743746,1.45783450248265,1.334218973033242,1.4574557895592246,1.5281132156179504,1.5695269295178602,1.538453448767849,1.498832806583533,1.4761063706425903,1.4602523788293786,1.3744593651362536,1.1714458937886036,1.2344813587456727,1.1129934577372327,1.036506073339201,0.7678387990048052,0.8824723658170649,0.7703894022857092,0.5947828377183499,0.3008769046306389,0.03820622163018099,0.02002385416171529,-0.07773875890574011
8.549999999999999,0.47622765131919437,0.4969774913753249,0.6161505142536444,0.7769006784095169,1.0284271063344639,1.061415622932206,1.181795292673884,1.2293752833845502,1.3595155757104544,1.3683021805818378,1.4519460962736137,1.3705897776135914,1.5728476399076432,1.64374284629674,1.5901550351494327,1.5163035781197673,1.6053310413291628,1.5682201072370376,1.5389354782304165,1.2384503021356905,1.076196258575464,1.2292579230403684,1.0287747868787345,0.9921179962445792,0.8092390447540337,0.8169880613923173,0.6793654191114675,0.5319537577568096,0.3772105841833365,0.1508388527402818,0.13538142696702615,0.08826000301458098
8.56,0.385640886945534,0.3944355712509856,0.5100754469949498,0.7200544004006167,0.973354091910201,1.0249176759002006,1.0433971643570148,1.0948136107511983,1.2300251050809785,1.4021279334175554,1.3768495990089877,1.3689530490590363,1.608583425340462,1.5207070077253102,1.5813921724988695,1.5763143879688892,1.5768294857080245,1.4943967291475302,1.478073685826602,1.4021729114521246,1.1936907288105998,1.2281747054183048,1.1373799634332535,0.9934098494258519,0.9059811589539984,0.8501344964725939,0.6593314817693453,0.6145274188486037,0.2724784279806378,0.10834924511099504,0.026311244535139958,0.0074459189989856955
8.569999999999999,0.31589883999739393,0.4220118125726816,0.5853222555928352,0.8068244381559555,1.0158116749311863,1.0730321134341068,1.057791548749576,1.095363741066202,1.2609458296714515,1.4432706984537653,1.4689515578085648,1.5333300021715404,1.600266767883011,1.4879084294604765,1.5821638459229208,1.5659321718509291,1.6171880808753132,1.5245881741937002,1.4871874527831481,1.4537309832116792,1.1827216517646526,1.2489726290514445,1.111369639454217,0.9552197618746583,0.7689925533784798,0.9085162549604198,0.7694794029340104,0.5181490106697669,0.39072938174071076,0.1798070941987133,0.09509224314785093,-0.01763640222643703
8.58,0.3040271439751414,0.46096009603768284,0.5321023756513772,0.7995732663175297,1.01328899083032,1.0870240900525414,1.145517519349016,1.3316225187555808,1.3267172890674879,1.4954617687318876,1.4226294530223775,1.3690901293170197,1.5674686801219737,1.5920227442723605,1.5558499637520558,1.5145870195137499,1.6253978063769396,1.5402873150825769,1.5206752663520646,1.388119241573543,1.187628034049803,1.2770730891777047,1.0968062975561437,1.0303652570631974,0.802121149776672,0.6588850214970128,0.6584413278767457,0.4480963836737967,0.3153186347376135,0.10436164246068219,0.08891906496996405,0.02986517896379376
8.590000000000002,0.3917602126025611,0.43098422520306845,0.617737241600684,0.6806553585853652,0.9372272901154239,1.0650371005618564,1.0774749055358597,1.1509597029357028,1.3629943544711174,1.4597865195819142,1.5577388237206584,1.425959226351736,1.4711081764029688,1.5423587486428825,1.6256364076827854,1.6444459961713376,1.5564822258651538,1.4537262145162548,1.4576403817042358,1.3892829098632906,1.2454055806297721,1.3010897584582721,1.0593450958108772,0.8817378974161396,0.8532646845359013,0.8650711671806185,0.6493806619165827,0.5792451238534395,0.32867842876029724,0.15567470135701444,0.03250999232005913,0.07036828332184097
8.6,0.39239476334571766,0.32682025736721626,0.511423636608043,0.7856229504850136,1.04886531855448,1.019736533483354,0.9921597029370409,1.241409906924088,1.4042857043275134,1.4567790830779968,1.4154715038995946,1.409784505034038,1.523382072981243,1.6337700779194613,1.7431233724988835,1.560601291195934,1.5369154250850485,1.4929410852328067,1.4946071898487576,1.3525367565310376,1.1943303949518573,1.2183995087215638,1.1528371219681035,1.08108029759192,0.7623511935988174,0.883999944421404,0.7413666468548218,0.6459490629521369,0.2963716954890989,0.06796313130457474,0.012512004558977788,0.109658193185592
8.610000000000001,0.31009373926518935,0.3736259307161811,0.5441751394001502,0.7025460281298411,0.9483367900133302,1.0443942534717228,1.0897316383999374,1.235302173907736,1.3327246514031523,1.3938700643971498,1.4927982518884901,1.3775793859660799,1.5212302496487817,1.5893606894747212,1.6457848814941396,1.5924095357295518,1.6194524423800027,1.5013129409465455,1.4381330618711965,1.2964879987933011,1.2270599258306945,1.2462767224466926,1.0786283054608579,0.9439210018330643,0.9262369486865889,0.7531688573322732,0.6814774343971943,0.6135124458549639,0.3215573045159666,0.20976969950895188,0.17326933558706606,0.13064438611370677
8.62,0.2845657070674583,0.30447698408068113,0.5334896941818507,0.7572572269855411,0.9221435454658463,1.0655639937622279,1.0539350684178235,1.1846221216276651,1.5054232656088475,1.479400206379062,1.42739587336635,1.3380361484632473,1.4998968315079504,1.5643565290315515,1.6006022904384714,1.588119748656971,1.6923287824306759,1.6115529158675108,1.5141146940628598,1.3544159814710819,1.1360864216382933,1.2615128269938025,1.124310712791137,1.0711285139673257,0.8876229379394031,0.8759789075244195,0.7524847609483764,0.5657605156896263,0.2505244309071042,-0.00182095705712592,0.046457587292609154,0.07353869191043019
8.63,0.3619474503011464,0.448448040968957,0.5642140458378662,0.7276584633888018,0.848800864774431,1.003829980945429,1.12662980659381,1.2732864052628632,1.3605181976544918,1.4634265567033746,1.5281157882837613,1.4717504839349425,1.5306768039198682,1.576464079513014,1.6583432212654194,1.6346745256272097,1.5763990041514362,1.5117561206998884,1.4385482448775904,1.326644102031279,1.1491162780360333,1.1519859201513092,1.0392976330227637,0.9431105857804746,0.9114793440598344,0.8046616125899791,0.7598236584383415,0.6020888645765179,0.30038214666647,0.18256712097978836,-0.0007310082096006051,0.0858273086374789
8.639999999999999,0.4925840102235902,0.43249024311700546,0.5425904837054412,0.6854243144904806,0.9537774260917172,1.1414769945985543,1.0532987684083326,1.2214721459803,1.3891081064623227,1.5203766135605128,1.5290674305838485,1.4009330066315113,1.577118178282495,1.6059488367922465,1.6659010949972595,1.6163267048887087,1.5905117340939627,1.5473276351352814,1.3739028130743307,1.5701999186740536,1.19698976453263,1.15035760820193,0.995392342415486,1.0453024254067986,0.8675195791867962,0.8305327482915419,0.6340145478643459,0.5623863015912082,0.28024987805749046,0.15438116166554905,0.22421322717552225,0.18666524382754263
8.65,0.32039788600863317,0.4351792095849473,0.47512638755070036,0.6372069226474086,0.9138918984872504,1.0480059630958674,0.988230087231042,1.1516871173164112,1.4397278317675768,1.4570384222884296,1.5493119882315636,1.4247157134504609,1.5684596769199792,1.6005468921393753,1.6779445052009145,1.6429757762889459,1.725005372673492,1.614771944848026,1.4525278835188478,1.4453358466451391,1.183901164818324,1.2300005036990136,1.046050376673836,0.9683015133271496,0.8614049260964393,0.7530355819112761,0.6079755513583944,0.6028312150050168,0.31996313717292596,0.20245771466670454,0.0895956065243457,0.03896385479665308
8.660000000000002,0.2739972600120754,0.2889925362205338,0.46874189543311323,0.753191317935556,0.9097583397449133,1.0053369149267166,1.1053793998460113,1.2516688107025675,1.4051830760353918,1.5368117864526463,1.4698905789842738,1.4024966527101002,1.550455285735322,1.563524398246424,1.6226134385996316,1.6253445815745238,1.5607424808553187,1.3841478773007818,1.367725663277183,1.3054294378245135,1.252695343722316,1.366042841826737,1.1763897722099537,1.0222785308029305,0.86256334394939,0.8077205591424962,0.5708708767700419,0.587862099005852,0.3849214957021535,0.16608178037901342,0.01793844982341774,0.09413230492495683
8.67,0.26352622218715505,0.3870005999222447,0.580208047904138,0.7801199644045804,0.9938750102562867,1.059882518572694,1.097614448257689,1.2960713734119131,1.3919919133235266,1.3975316420266657,1.4886071197637558,1.356332773061014,1.6094711857116033,1.6955725413196623,1.655326880641111,1.5501057296902692,1.6489710136881377,1.5529623065327973,1.4736709174134066,1.3077774762616243,1.1506435237560375,1.2572760720411558,1.0674587817166368,0.9894734636119474,0.9141357261441869,0.9511903607657941,0.7365640566058808,0.5884855088727122,0.28339807094445657,0.10139265745143276,-0.019539994307977555,0.08877148864009513
8.680000000000001,0.4224050575236333,0.466289479769488,0.5780266650450744,0.7858799528681604,0.9826520988817635,1.0503401680083735,1.0679495312842326,1.2780383180850547,1.3491136148324478,1.5206156441099015,1.389815544636954,1.40628119382919,1.571672450332666,1.5853515492892152,1.687668674195611,1.6236092711785872,1.65923674790364,1.493444731117406,1.503874948617647,1.3527968613071846,1.1913246186361006,1.290952604919934,1.1315520894097566,1.1178752599595456,0.9151591986500006,0.7284952793242621,0.6006600524980557,0.49826342358901593,0.35488680331029915,0.13182249715940822,0.039619935582766976,0.16793759906870914
8.69,0.29323804477334225,0.42639855530368265,0.5014311755438131,0.7475514543479631,1.0525420629427384,1.15479409215326,1.1709446059978608,1.2170131989299717,1.4682400725591822,1.5936854218444885,1.547262375184997,1.4414110004938145,1.5186890992531472,1.650482654504816,1.6352557924564268,1.593496445704136,1.57598733465244,1.4366558672485021,1.4052080924036123,1.310652550745138,1.184704671879822,1.298874667074758,1.104364440124838,0.8758710968205022,0.84524189866045,0.8879511411431539,0.6122180432570811,0.497141465003257,0.36426937763213163,0.0476150862661884,0.05674101953040272,0.0861891958036166
8.700000000000001,0.30207819340696257,0.36594503433516223,0.6651998418364814,0.6491538169179918,0.9275850015952198,1.134758232539751,1.1508134128696477,1.230501321017039,1.4180668298697015,1.4994730422226354,1.5463569456943695,1.463978992029794,1.6585468032707649,1.6163489674413345,1.6407365038825272,1.5684220740717338,1.6498932997473754,1.5666587941386467,1.4935356939525455,1.5513390328742935,1.2321896233298975,1.1388257985409262,1.0790055656553528,0.9921211668787278,0.818252663327994,0.7757888716592058,0.6845959926769872,0.4333386043091195,0.3617916412432048,0.13251705313343914,0.14783385665897342,0.17233447468847013
8.709999999999999,0.25767082628783144,0.42230187390342505,0.56128403481933,0.71558594397912,0.957527102831625,1.2344399966064883,1.1143593418079818,1.36134855957562,1.3881581442955222,1.3019371819919783,1.4899985121692014,1.451026446760828,1.535799338943137,1.6248487508912208,1.5509041374700496,1.5666162184390933,1.5944026200448018,1.6457574314443786,1.4660026091841165,1.437419008135492,1.2045517406623687,1.2138892232791194,1.0918980474583821,0.9184429476572152,0.8607547329538449,0.7817873160618382,0.6487852122215775,0.5856817084087794,0.250066931142932,0.11194558204574626,0.06786150719957813,0.07376252690685504
8.72,0.32220025511727,0.3981348248690318,0.5712398237374672,0.857685287763705,0.9254700536192887,1.1073159816422984,1.1448384059474528,1.3044729509196722,1.4195397479782406,1.522286980259654,1.5670489857536134,1.4365288412362907,1.475214817408637,1.6248342126067545,1.714817464517018,1.7242866606971887,1.7481017446298759,1.5008997983850103,1.3784483580667561,1.4170541830755594,1.2544199502754445,1.2350624596344182,1.0839256763678748,0.984926783559582,0.9096486965712213,0.8481602933102873,0.6898297394371754,0.5131352804639058,0.2769292299830342,-0.014978608652730575,-0.04155280755298939,0.0943837596439424
8.729999999999999,0.31951530983917903,0.4338388537674255,0.5656148675329891,0.723842339833247,0.8754473277892297,1.0883740919219902,1.253486012498908,1.2867481090201216,1.444260201809483,1.4386670472891347,1.5131828915533714,1.4197667620660301,1.5376088023673797,1.561035160792309,1.5639068948948138,1.5950801745975212,1.6439674894125613,1.58267386828937,1.539215326568927,1.4016224126369579,1.267407546016593,1.2981257345500286,1.0699163356939005,0.9595685527828945,0.9396019346643166,0.8111563485827562,0.7481408108425405,0.5590886696076839,0.30066181020439486,0.06916168421226254,0.26253934968388004,0.19235200098238958
8.74,0.30308861139632953,0.31796687883976754,0.5668540582660224,0.7956143613996756,1.000733096383245,1.1303368162772345,1.1802488184073008,1.3409707123635253,1.4801765534984341,1.5547250136945203,1.5228817173608362,1.4472942894610377,1.5259949228021834,1.678029018801104,1.7414750793200977,1.734504923044663,1.6411972704743294,1.6057009638071396,1.4281649852584484,1.4235929481213856,1.1839935258857364,1.2259778692702286,1.082905379750165,0.9229653754684658,0.9502478109756062,0.7137186666929958,0.653777708129591,0.5921989524763341,0.23421121124376218,0.15454451281275364,0.10803163529456375,0.179002092285401
8.750000000000002,0.27695460420510604,0.4228289550651768,0.6123169590366478,0.7857247655233054,0.9466108641524558,1.0497321812510263,1.157268181100415,1.3265361800033293,1.3710710659760958,1.4031524914493905,1.5760924969347987,1.5516378031451217,1.6731220441613175,1.5338901472152828,1.6559433938669608,1.6394774680584614,1.5878869722790325,1.568336232611439,1.4670560369093755,1.4262686874117214,1.3247102958791186,1.3769719232928952,1.1539839019900398,0.9225225731902552,0.8987147998376906,0.8256379040128305,0.705017047267703,0.5467769067000001,0.22686578677375052,0.23812312091362625,0.05899129853570571,0.033853026071837294
8.76,0.24965669763243295,0.349988586394088,0.6337952574129436,0.766484923222811,0.9608649476460254,1.0929308564750833,1.1302295277983483,1.2945495258053554,1.4394995692502677,1.5129293421655996,1.5352058609462478,1.6236329023580236,1.5944798584398185,1.6477351808806893,1.6050961243082564,1.5777596876576663,1.5603199758759085,1.4577156839653818,1.3402532171542234,1.317798664402145,1.154413840836788,1.357301527308458,1.1424607827446114,1.01033891091271,0.9688204679346122,0.8500631640073837,0.5816550302531586,0.574723392484289,0.3023878851122775,0.16158556908419136,0.0941851961122205,0.15237021838527498
8.770000000000001,0.24894169835156307,0.4599464137085898,0.543235555288473,0.8386842834816943,1.0158542265849508,1.0952404312819,1.158968274718684,1.3327668312959726,1.4065841263566292,1.5089651342152668,1.5758032588394162,1.4871744092877115,1.5937010517354249,1.6198592526117805,1.6262030910310998,1.5201015264721125,1.5544609779565997,1.602605544790128,1.405275616181724,1.515729774302449,1.2236465479442458,1.240260728740065,1.0615730287289795,0.9830030494922299,0.9541676252179301,0.8018434783438517,0.6217684719268011,0.5360643086380423,0.3167703438525271,0.11802811073954922,0.054053725511589865,0.10098411851008476
8.78,0.34668392363449224,0.3974341095464154,0.5500989079627603,0.7779619072206306,0.8928982430381124,1.07490543909511,1.3208643138964813,1.4285707354904793,1.4120825989583963,1.5106931838328568,1.6531170587370472,1.5473573366502256,1.6128688273699432,1.6974492057833952,1.6312361505846535,1.7211461297854984,1.5660510813964088,1.5423684464650802,1.3742658133477585,1.3872610935862608,1.3277333194371141,1.295604502609503,1.1181832034758987,1.0238489276187217,0.9122583747557539,0.8467163535361035,0.6495154153353758,0.5238969157303363,0.24815013390030435,0.09287925816511398,0.11257525510617986,0.12330056877488707
8.790000000000001,0.32922453033903454,0.3598698059230988,0.597328632175594,0.8105294547811339,0.9152341876204071,1.1188667619571162,1.2252657409542265,1.269235512933904,1.3815579788120336,1.51870471471796,1.5564625733812083,1.5555388158097063,1.5601008309730806,1.6627723617907484,1.711436722246518,1.4691540590834102,1.5061442634955118,1.63638492445779,1.5311406225895985,1.411249214993799,1.244801258791422,1.236565084026263,1.080426317560749,0.9866816055881522,0.845549406589899,0.8743137357422461,0.6545702159415562,0.43346849817177807,0.2788249466462734,-0.009731668244439273,0.03881534529814784,0.2185189732249846
8.799999999999999,0.2959564740553922,0.4587481540064966,0.673394037273808,0.8546712949306274,0.9051422899241526,1.095079691269608,1.2505331771338177,1.2399216680084064,1.3293330041402764,1.493239915683722,1.5541533937300511,1.43603891514039,1.5095395939199836,1.6513585378422642,1.6687463556773554,1.5357960386475735,1.529501952186469,1.523742521010133,1.3942080778666863,1.348834502143191,1.2839162750327726,1.2146505547912152,1.089057005262912,0.9723694699731731,0.9027283615490637,0.8585391529564261,0.7075102196647437,0.5052948430315342,0.2821713750601839,0.1695880568539212,-0.01810712696343029,0.07622755596119149
8.81,0.30141029645322803,0.4307168253796769,0.49524109170848946,0.8139191884003352,1.0106088122158758,1.2270847982380426,1.2521613818502109,1.3302844073129665,1.3223620300893781,1.5176816155285267,1.5498482725941516,1.5511654657961085,1.5809600924212381,1.608185151753384,1.6527925398285699,1.546519444373007,1.5606031808422407,1.5675795488753799,1.453776708860738,1.3542567483801826,1.255471397390878,1.2040772601134886,1.0114435969519047,0.9337080163184918,0.9720050097724631,0.808883123735704,0.6305310585497838,0.5694258071470071,0.29414460393334063,0.07941522938621783,0.10311641647801087,0.16548050400502734
8.819999999999999,0.31377444760704437,0.4721908270315913,0.5736515565134958,0.8372857913598363,0.9126285058074518,1.1089136329730438,1.144662787099961,1.2678894003699421,1.3727156833371026,1.4053095312854158,1.59394335788711,1.5671990155336744,1.7088257614701399,1.7644212408024798,1.6791466190294275,1.5742415156951801,1.5827497079832737,1.5628316911022886,1.4288776269333416,1.4603316615851614,1.304262402738452,1.2516501619887583,1.0318398104677136,0.9904270889898402,0.9551902508314626,0.9098700988192712,0.6492020552164782,0.5645742602963566,0.33247673620120505,0.256671002890584,0.14539516169427322,0.06365987899335479
8.83,0.3021598910869974,0.5155112039245618,0.7004745181757245,0.8946428319808305,0.9862178936017605,1.1378240569304678,1.2945684561664261,1.3850262993878226,1.4881258751474342,1.5520640673813317,1.4761152074175,1.6117348625955112,1.4887140997868322,1.6515888508915681,1.6802085176702943,1.5532163639898764,1.5787442476075064,1.5599170552469326,1.4657131235991703,1.3600101397180429,1.3476423197120404,1.2822101554130996,1.0235831823532997,0.9837091829298831,0.9146059282665906,0.9395395813348908,0.7252609256894048,0.48154268197764327,0.4684027302214524,0.21568510616473424,0.18540937304369054,0.04880958779854777
8.840000000000002,0.23155144896659602,0.4617863837243365,0.6999378756736869,0.8415100962868978,0.947239056406269,1.1058361958605947,1.3167354994774705,1.263696454519398,1.4621172676476621,1.4883510405204068,1.6050673899179784,1.592601198645697,1.6188034662487023,1.6297862860004249,1.5838769067532963,1.560644254986932,1.6033551352491031,1.5235110807769137,1.4258241515471606,1.4998405734983193,1.264266865823931,1.2608376149546958,1.1106613892886392,1.0863343127097431,1.0218626158535575,0.874694724412053,0.6347823648478833,0.558145490505353,0.3276484236940888,0.1952557189404075,0.136379428396191,0.1327478707488722
8.85,0.2601352731050949,0.4378007467785292,0.4870853508890122,0.7773762213311664,0.9294915419634872,1.1035692513020596,1.3651539234070456,1.3598542367777056,1.4363390907416347,1.563421909532771,1.506094064492484,1.543027700944417,1.558145921661057,1.6318491602998535,1.5899973477827587,1.5784759915266728,1.6106776215080643,1.5809526279626862,1.4006043047640742,1.3536487295640132,1.349176584903673,1.1894636391780264,1.0477553086045295,1.0232113173171593,0.9516864124224992,0.8212618969417451,0.627304603817402,0.48239014545780257,0.3072340805900663,0.1260149216565493,0.01638236680118002,0.06732642987509321
8.860000000000001,0.23169486017546653,0.5236280954736279,0.7207283918973115,0.7788235520009931,0.9080131440279844,1.127368481201899,1.283436715379365,1.366275419743691,1.4741225576674473,1.562450632785358,1.496825237805971,1.4875147410823022,1.568403225968928,1.6290941865592172,1.7052920915185348,1.5906020419745124,1.63867476594177,1.4704150807611382,1.328865979264098,1.3286874860358115,1.330286202570713,1.2752239552254774,1.051021101951288,0.9669257910930035,0.9782170262905242,0.8407098591631528,0.6358571682336609,0.4054260693110704,0.32908251150830836,0.240908685340017,-0.040460770327835426,-0.011509822348256996
8.87,0.28642516988780825,0.720462667995245,0.6571647066151522,0.8468069693608055,0.994485934782793,1.1994191714707099,1.2362697227042183,1.312412471958516,1.4290501864540197,1.4536042690647752,1.5391697510773232,1.568926374270448,1.6017257091599777,1.66432778849028,1.5963236017289997,1.589070355877132,1.6036112014645991,1.5390077420583763,1.443446374982484,1.4962985230825807,1.2807638155217047,1.1486074455556556,0.9754247138646024,0.9712387600169015,0.940386161885497,0.8901529643620955,0.575912470301167,0.5228187694829074,0.2630828850173224,0.08548179391441181,0.11234189278469539,0.2142373654020796
8.88,0.24076678595060536,0.47793244219891406,0.7432313875636692,0.8733658854905219,0.8145179616995497,1.0395115090780815,1.1670163561893834,1.345146419220702,1.271659871017661,1.509529123290131,1.6198368119808837,1.5649135034341322,1.5461114590734022,1.6950115871332867,1.6840514780017604,1.4560332103432994,1.547447050839749,1.5513678874459376,1.3979857726026506,1.46470358912534,1.3421658041205533,1.3307201460856348,1.0710317979211357,0.9242973964563537,0.9242058142410775,0.8514173278479252,0.5021797586582567,0.45568979364795403,0.3977461069402729,0.13015834546046923,0.06379223376740734,0.09702161471589238
8.889999999999999,0.29596239167377186,0.48977369657835634,0.6696598706114377,0.9344183767902416,1.0741477761338105,1.127550514603851,1.2547456773242789,1.3730269358842777,1.384190370613972,1.448286886319195,1.5276560555837944,1.5827635889466791,1.6631208661588106,1.6637246679725977,1.7423080862519935,1.6348690683365978,1.548542966622811,1.4045628642621528,1.4043067251801022,1.3413322470556965,1.2371955503589058,1.1940579331737031,0.9619834983373512,0.9336278007045451,0.8855989033625096,0.768651060580198,0.5521818504088292,0.42876623013153076,0.3221951661751346,0.175415690549011,0.09676380787344244,0.10180886569834986
8.9,0.3127718216429938,0.4237199088865198,0.6624410398892222,0.9374330238004258,0.9537726703289828,1.1000514855066192,1.1536252084384808,1.3803360185979932,1.400657270412088,1.4561870771183427,1.581659860099318,1.6392272722688763,1.5841389727677884,1.6890798145607562,1.7111971588766748,1.593830532915771,1.5239504969221234,1.5948154564505685,1.4336592869612232,1.4210295418166248,1.246512855749876,1.3450880947858173,1.1541360691584321,1.0469078781086314,0.9725044474503479,0.8295914002452316,0.5690586895510806,0.45343934287091403,0.3910483762048443,0.26500533303253415,0.056488734326874145,0.06772318760482159
8.910000000000002,0.3042238843915475,0.42747265257823097,0.733350127780138,1.051801139837923,0.9670867893981446,1.0078133668274813,1.266653743325213,1.3662808884097464,1.3810885982026289,1.4213166753049653,1.5048181309813597,1.6091018080415003,1.5662002418545264,1.631733864185955,1.7030146974043225,1.6590250266557434,1.6751360204173928,1.5778077309409306,1.2686469722633524,1.45734208483348,1.3927979822183145,1.2702359910857461,0.9885058980834389,0.906779707081961,0.9890354030936148,0.7687442754899594,0.5608638793051907,0.4566445273769648,0.3369078000445357,0.207353921723505,0.09416935425794248,0.11139686332697729
8.92,0.2168762480541434,0.44076279315675876,0.6418492944665957,0.8749551979275486,0.9516858366691133,1.2387194482995347,1.299809065851119,1.2345430408949847,1.4090527642074209,1.5034497817861945,1.4611251797267264,1.5791088482473215,1.6050596030513555,1.6124388606354372,1.578347784754728,1.7023551877986196,1.5579417899806425,1.522892051634763,1.323522286622849,1.3530725234807754,1.3247212494917224,1.2429019126347525,1.0454941042704675,1.0157893724419527,1.1732244974894384,0.9218267187270169,0.6446523455210731,0.4420357242608297,0.31676209771399594,0.27224819515160376,0.07816998599538971,0.013742253715591716
8.930000000000001,0.26020750254376424,0.4721219753057409,0.602877847479146,0.7827191544682555,0.8423401684906134,1.0660388230581606,1.1761460407515938,1.3187670396522093,1.3670457141315897,1.4364899836983391,1.4507189524806292,1.5748710927484895,1.6093247060910205,1.6924619475784657,1.7127655962343422,1.5955986045184154,1.5168438276914045,1.440043088338576,1.4161504698412346,1.4931196070141397,1.427782758512666,1.3321939239184446,1.1129406804678879,0.9995526484678487,0.9881775415542824,0.8349990664303437,0.5787266204392358,0.5001013925786859,0.29254275318510803,0.27848451541305447,0.10820876990459206,0.12595028582715934
8.94,0.33495423467756313,0.4688602574650969,0.5465291803719519,0.78420773998628,0.9150709305389414,1.1779196117158004,1.2645268544232187,1.2273016603366336,1.3466464454193436,1.4746458735352486,1.4036165438427723,1.5731651077139983,1.5770608300614126,1.6250097796896088,1.6642400394723882,1.60497424528011,1.5909914675991765,1.501544576170044,1.4346514453664914,1.4500440249215627,1.39092739382082,1.2194442440167315,1.028972527197223,1.026314834321147,1.0134022822704103,0.7996564940256455,0.6554295270581219,0.48294262011367084,0.37445229086384135,0.18811949793664023,-0.04084388332662687,0.11535721641097685
8.950000000000001,0.2805290986707362,0.549130892707107,0.6470428237948413,0.893232913664012,0.9592101358298855,1.10297212739967,1.2453285218771195,1.280259514364646,1.3277860226791438,1.3827165664993846,1.471863794124612,1.5695198988833219,1.57298339070641,1.5985135671283688,1.642504930738328,1.7044078590567375,1.527089798232113,1.501809672500381,1.4428652289993393,1.4597287450011835,1.2980861925268425,1.2700206357493173,1.0543912456361113,0.9039521640597237,1.009967766911646,0.797674381505237,0.5138927895676152,0.3974665923764449,0.2604614464425053,0.11500594624839586,-0.0032158352948117516,0.04990054593209167
8.959999999999999,0.30355588165394176,0.5997033151053471,0.6358469510782231,0.807986463724199,0.8891051737901683,1.0790545726574923,1.2142490176023089,1.3742741355283359,1.4453721715821481,1.3811238497496219,1.4002914000090296,1.6107275833039023,1.5545748839222946,1.653245394642211,1.6092753150113523,1.5667373603569603,1.5670696533747837,1.5718699452609044,1.3748755794155971,1.3354014933275553,1.3138572524463228,1.2016570021131154,0.9943212455667861,1.0701165160045103,1.0498790066070007,0.8138267209678606,0.676247098528276,0.4986725284517094,0.3861583690258356,0.11687325711901884,0.04128147188575629,0.11410062384792964
8.97,0.32382134042454863,0.5327657663576155,0.6953120755820036,0.8538148409856778,0.9459827860288098,1.126798096881008,1.289136736955701,1.3491869842187445,1.4140349784040782,1.4958965897334933,1.4847635578363352,1.5209696930860688,1.506722100212118,1.5750262417392633,1.6001524612783808,1.5369515027093912,1.3988390207310768,1.5402102003303388,1.3005655782999177,1.422227789698138,1.3180848883070053,1.3023143747383286,1.0939121669569487,0.9097154374812725,0.981651576462719,0.9387492991418258,0.5885639007046451,0.47894301201763007,0.3860315445060712,0.13586369100547518,0.09660627980116457,0.11341845522185962
8.979999999999999,0.20001529829204462,0.5397535579605878,0.5165137744601684,0.708887793351659,0.8890826197122793,0.9924658694323122,1.207009961944155,1.328358010293707,1.2971576339805437,1.4059677135050965,1.4987418707682059,1.5550031453828566,1.5395849719270296,1.6666392849588012,1.7313128821477763,1.5331812825255209,1.4840756745690706,1.5040873976775242,1.4003661247352772,1.4006416393892935,1.3412533341091992,1.1981203288374915,1.0046278177357235,0.9619516942149567,1.0362250019050439,0.8094464509127045,0.6289585125193767,0.41064461737564034,0.27887188175875277,0.1540538815332402,-0.03449117098376571,0.04577708601511207
8.99,0.35139021059449577,0.5649007961979691,0.7294646687302574,0.853596773975604,0.8652713216812127,1.013006539692164,1.2151585841678476,1.252306956668781,1.1853485796553045,1.3933941884904837,1.5987420614749217,1.6435054486862177,1.6225603897005896,1.5953744045915743,1.5405865480996894,1.650571264996519,1.5944565732685199,1.4914775122338964,1.4621641822735019,1.485511413363832,1.453031000921508,1.2457486371813329,1.1344066959821468,0.9816550180672836,0.9904110257850154,0.8451641187613614,0.6482891679080343,0.4996873458365685,0.3406498195677415,0.24137806356087785,-0.025156303296711376,0.10847772697674354
9.000000000000002,0.2741934957810221,0.4897362084679595,0.6871980469500648,0.8514905211024529,0.9034710502877592,1.0059465125792173,1.201119202162305,1.1468446743133653,1.3692070231823508,1.411252820044851,1.49973475449432,1.578932864836246,1.5032783835322716,1.4885496262714495,1.4625525668076031,1.6066692624161039,1.5763154260827037,1.502736234067827,1.373939572748071,1.3845156888540462,1.2926665985419952,1.1896764851445705,1.1552046486895384,0.9094569940900817,0.859689684214036,0.6914547759932597,0.5718270655291197,0.4647494291682912,0.358960717760658,0.23273114922437696,0.14349060625937715,0.11507733732933595
9.01,0.31059648093078973,0.5197466516841163,0.6322814893941457,0.8405214818834963,0.838205520258526,1.0648592038160567,1.204553767570561,1.3071066472724264,1.3639613753184983,1.5153598803303492,1.5194957030882472,1.5653687934143563,1.5461853013636868,1.6086425274960559,1.5714917272537676,1.547776889464727,1.596395747317937,1.5399161406312147,1.3335471967870745,1.3586481596253888,1.3280322171272874,1.2664494021996318,1.0856451332303312,1.0343388756480187,1.0073320593860156,0.8701834785887909,0.5218467446991079,0.49264933618847034,0.3705373460911546,0.22668446039281728,0.03514463218520053,0.09079071075988446
9.020000000000001,0.18901446644304268,0.45229674529698266,0.6685560374109367,0.8251420925580429,0.8884087570229057,1.1278268229218409,1.2800628250300699,1.2474371601308607,1.3786537158458896,1.4546753699177932,1.5169206554446988,1.549736635377792,1.5766267753910157,1.6158084557419576,1.5587244863287397,1.5874867532801884,1.532054783055728,1.5066414525705285,1.3025512621257387,1.3616197582285328,1.4261793731551595,1.2753183297787278,1.1432718811412934,1.0060056063106988,0.9892079626437842,0.9569134838612243,0.6481074893435347,0.443974006771072,0.39250521170818786,0.29185119335442616,0.14582793285790113,0.13599016662073055
9.03,0.287052414464371,0.5584928567923398,0.7631740398718478,0.839638433846153,0.8246082428701575,1.1036080898687515,1.2928506425386979,1.28594916289872,1.4264622201442494,1.389009735600302,1.4861217043998425,1.5324949746400784,1.6121068433935732,1.6064823015614462,1.5940712017249752,1.5884351672906352,1.5026623648062067,1.6089812858517374,1.2878739550315743,1.3657750446556653,1.355852976845378,1.266882743142506,1.0802722278977164,1.0138693138873052,1.0200769499062536,0.8505474606873679,0.6422492968560315,0.41489225101281857,0.348783816670088,0.23525237057937676,0.12777771710293387,0.06330141497674657
9.040000000000001,0.3632107468074413,0.5628233799589561,0.5648716324778399,0.9094772543175468,0.862308828441666,1.0406741798520325,1.213746938707334,1.2495380180770608,1.3416817852231009,1.292421441383806,1.5277549648929312,1.5151182279787507,1.4927164899942675,1.5783478930529087,1.6499682274741962,1.5959259917486273,1.570023518421207,1.5895877729194745,1.3716786591317378,1.3361511817296696,1.344219446799022,1.2440887528354325,1.098748393680967,0.9104711091548499,1.0053418531366765,0.789269853139432,0.534694572561989,0.4878846453078933,0.34457788312063437,0.25993450407214935,0.06154483436789677,0.11526848846914517
9.049999999999999,0.24692073799016453,0.5767084360785468,0.6953559311994264,0.8792417107078321,0.768476330963311,1.0775265985798583,1.2951164513827875,1.3050100796412716,1.3120074677891174,1.4295037165038238,1.5085549665204767,1.5304972687083458,1.4704317954103046,1.5112668061630488,1.5415966513178014,1.5911175724207096,1.5190317751024265,1.5378486946368577,1.3234857059137306,1.4778447070693548,1.4429038765821023,1.2785882093846037,1.1365063614807425,1.1258096688077686,1.0742119147285274,0.8796289134122262,0.6567263638821874,0.5296073454677993,0.4517505010939914,0.29935701049634394,0.0660941604759692,0.05111463085822955
9.06,0.25683225798913567,0.514967351984751,0.7150440846277341,0.8295791410839202,0.8201926973755813,1.0953994747597973,1.23368682333242,1.376757069728838,1.39772496652057,1.462744015063271,1.369535854564863,1.534676165061289,1.5963259194094206,1.5191836059192714,1.5480142721957255,1.5716816230080344,1.5964674203869353,1.4733420299743938,1.3273389943335745,1.4479890293020556,1.4764178231767637,1.2970949712764173,1.08345915200501,1.0296592363772379,1.1080415737713094,0.8285719132376119,0.6121203890292829,0.5087923127606784,0.4338385475051111,0.2465186297143095,0.021143109615096727,0.12302263838587625
9.069999999999999,0.3178756923824472,0.5039499226902713,0.6177569145586996,0.8160565411010695,0.7762353365509902,1.0294010384127568,1.132797536796244,1.1412469124128428,1.377763582181733,1.3966141925492754,1.5067745124084198,1.5017472107925234,1.5623670554059643,1.5352824760397012,1.5662280795245682,1.6747518905230878,1.6033733438277098,1.5508581065188654,1.506383591765675,1.4558970079566722,1.3132227583010958,1.194380316566925,1.091146954559569,0.8908022242452898,0.9846480201585424,0.8380792970235901,0.7075272078323843,0.5735692867654872,0.41377884906596873,0.2225084396670094,0.02651391790575738,0.04451410267213594
9.08,0.2628523658822913,0.5508905117213229,0.6219048905144998,0.7879786603376644,0.8690213635796907,1.1207976773454436,1.2201417733874096,1.349051532260243,1.3944196392474597,1.3548537729645622,1.4417013949197057,1.5995229084620173,1.561287766242684,1.5002529771162179,1.5466229169177728,1.6293892033631598,1.544517250244088,1.5149301455476554,1.4702126422211261,1.3770557048480976,1.4201296858119086,1.4197480120176855,1.1281017941114146,0.9896481073855282,0.9899413809857001,0.7193534416159728,0.518351511542301,0.49791675236515626,0.5463400286036679,0.26754643502168535,-0.0017280764328764207,0.026185526689392637
9.090000000000002,0.35312895811700856,0.5895663070914245,0.5594995790661387,0.7675677148303356,0.8846305678390081,1.0282156822182538,1.2303662917536582,1.3605484550520859,1.3270517422258152,1.4794139382475018,1.4972103687649356,1.5638042403021057,1.5503984558783959,1.5012447442841557,1.5847718575701968,1.5374846914702436,1.4794708296766956,1.528322446468262,1.3041959967884889,1.4250328914561972,1.3578445435455757,1.3454309646123404,1.015731263420347,0.8883198109689745,0.9945102284300174,0.8021472183733632,0.6333089552366999,0.4622613845665878,0.36098652479099524,0.22512990224555046,0.05498704240569755,0.0763492784550637
9.1,0.33452428674198864,0.5332985288317356,0.6684239170687543,0.8753437027428455,0.8562299497649495,0.9985244198060825,1.1727653608897979,1.2630224950036,1.3766837259554148,1.40022558730532,1.4509974156186674,1.4575825013363761,1.5997519127095188,1.539310699831819,1.5411559968182913,1.643755530734118,1.598044033475461,1.5279963276246356,1.4065931709213348,1.4018786111040136,1.3174724072896704,1.2928150247084018,1.1650629787836626,1.01183527996383,0.939823040762427,0.7341451662557573,0.6171695858516099,0.5075016529205394,0.4534684238403425,0.24070201656999615,0.11233438190121144,0.08098241951002313
9.110000000000001,0.24313686476720142,0.4922727016200796,0.6066819952802583,0.8552400513788048,0.8853827230051284,1.055652579050088,1.2131441158876362,1.3239755691520843,1.3886434941528836,1.3502806903230427,1.4516938157138202,1.531205378985017,1.496706217983612,1.4437213523907375,1.4522998224215322,1.559214488752035,1.4481497034150552,1.6211820237851378,1.365374222861919,1.343044297868551,1.3337872052488902,1.3254608903556677,1.0493598031789069,1.0064733180790715,1.0278726667034845,0.6608909642546301,0.5481767029304537,0.45478967702291456,0.3559834248345924,0.1771198202009852,-0.029236031237283633,0.03765955120553016
9.12,0.39221546667304785,0.5274410962698441,0.6080744957985875,0.7784682468098933,0.8235212308040059,0.9540473904485862,1.1166621240489891,1.1252591923049602,1.3852411516993726,1.3863747920980005,1.462544351963625,1.528552532060714,1.6247039213045893,1.5354574269014476,1.5614169584608224,1.4984005420369115,1.590843023714586,1.5539968222585052,1.3648033508558772,1.3521212542138963,1.4753044330945873,1.3714143529067475,1.021084440055621,1.0067382058544285,0.9753712148208848,0.8512582328771477,0.5972753840413136,0.48331415784030274,0.3699127814271205,0.27864130982625884,0.17706336979583306,0.05257956431964675
9.13,0.2796623664349803,0.46726524860084667,0.6161331011645086,0.7301337685714392,0.8974466907724696,1.0889236153940889,1.108049790874647,1.2661085225182556,1.30999621476782,1.4110938555867851,1.5326349729669781,1.539690602926309,1.6602469180125814,1.5140645750072206,1.5812258470247442,1.6480652805471576,1.6409052240968809,1.5619620764338888,1.3261085335891525,1.3489575286220208,1.4516422616251117,1.273583100325205,1.0392078998446745,0.8916695972624086,1.099972502478822,0.9055624650164016,0.5628429174548022,0.5069756926398543,0.4035156359063441,0.2240499464139762,-0.006649237137661976,-0.05868470056690817
9.139999999999999,0.29659218737062,0.5191887829375744,0.6808743873251089,0.7474738144543567,0.8071094306059277,1.0630368895860283,1.1648714802432494,1.2463906431575176,1.3217077841984977,1.353913612074109,1.3960540067537215,1.4543575468963832,1.5705427327144963,1.5540650216811094,1.5162461838510046,1.5051118968867188,1.5269241595887588,1.5073014646740528,1.3133653710740312,1.3316986946447915,1.419441357905632,1.3296581770241922,1.082726000106274,1.0074129766887463,0.9459933812558198,0.7376651728575142,0.5481374292231231,0.3889293475190789,0.3707341159453966,0.24683860422272524,-0.024890325777641664,-0.07118139049933905
9.15,0.45291868340904085,0.6765517573646208,0.7343807778918158,0.8345924402166655,0.8365177747056726,1.1290777205412255,1.178878375603292,1.3199807723559742,1.4435977068845378,1.4973885413748185,1.5940099074153486,1.6325210108485568,1.6457564472386068,1.5912917677017269,1.5410060428146723,1.4759727464680936,1.478669035147089,1.585863103858022,1.4293314649875477,1.4762355062160981,1.4567788202294172,1.326591493818451,1.1360859387513416,0.91286579632099,0.8524104832225599,0.7762136588277831,0.6031429976857743,0.4540454336012737,0.5515903232978812,0.21612433091924002,0.008323948103970562,0.1454968347800039
9.160000000000002,0.31803116181361424,0.5654011677891083,0.7198487701548381,0.8083325307088678,0.8026466678286701,1.0390279916751894,1.1484645641292703,1.21073600714099,1.357476045502134,1.3717985488592621,1.5068841933898065,1.5342697332343715,1.5235831892691596,1.544752626047643,1.5889170038698361,1.5253074115515537,1.5194608486818726,1.5725938986710566,1.3048015881492234,1.4149068804622045,1.3463657110185907,1.180853779656503,1.0591278129811108,1.0236816088680174,0.9263570464455936,0.82695203928856,0.5724591460378978,0.5024494062780455,0.43399934051886746,0.25264517344103266,-0.019675018141346885,0.0621507890730251
9.17,0.3688652172732997,0.6245561616550346,0.8260064237068946,0.799163139302823,0.7868030822760511,1.1316277529717362,1.1176892160613234,1.211566057609368,1.4549560340082002,1.4340791350381263,1.4309825224112964,1.448984101594163,1.6840257330286794,1.6207138985662213,1.5404122318558309,1.5658763117216004,1.6063948931835001,1.556331518146724,1.3812579244096854,1.368918008005197,1.3809871375551266,1.414768404971962,1.1416105283902667,0.9610036797902411,0.9622283675266975,0.8057566806864298,0.581775633275988,0.5235952277337498,0.4029884819422427,0.17923988030996726,0.0368639748034965,0.07672133984308563
9.180000000000001,0.37859414912516276,0.6613184077976193,0.6941833796988529,0.7230846444650593,0.8261478876966432,1.0171885185645284,1.1552929301728239,1.2751209269782755,1.4681825785564258,1.4901103386388819,1.5243549860865924,1.612514293558539,1.6091043310498516,1.6408705911288013,1.6212876686480373,1.5299542094899834,1.5549417649917676,1.4640702498628348,1.3252108816834745,1.4207733643828628,1.3633071690205816,1.263626946320857,1.1825826225477054,0.9858275857162585,0.8741299777081291,0.7506351817374687,0.6619536561607874,0.4673382659163384,0.46426818392700003,0.2356698358479216,-0.027368192236982364,0.024993387816915073
9.19,0.3044680622597071,0.5266291433940059,0.6665719215681912,0.8302416408736668,0.8184174118565242,1.1048956482758991,1.0618336316043908,1.3418588685129964,1.3479518718255035,1.4872762981480285,1.4815123815722457,1.5569925476907267,1.6721474287506388,1.5156726277692036,1.6364044181784059,1.6002982112011068,1.5597527060898422,1.4965294357078252,1.337292903198676,1.4084778456652798,1.4016827574284907,1.213859607634745,1.0993292243863895,0.9663477695383954,0.8412126653076127,0.7687344574946239,0.6746703858661823,0.4849856009893656,0.42506025795506686,0.23600381631259276,-0.036182416769719075,-0.03695055357366742
9.200000000000001,0.32150591446694793,0.5447344861656629,0.6936306624643982,0.6606720930514179,0.7882077741105061,1.074840382677354,1.0454938508837819,1.3327966571713956,1.503510153271421,1.4664496341887836,1.574845573675655,1.5047180300303886,1.4945647948440315,1.54588234071692,1.591613409523197,1.5204049485052338,1.510319365470996,1.5122488972987707,1.3762732021546542,1.4023424667167792,1.4095860455512383,1.3350524899287612,1.1583425893602748,1.0553439541842302,0.9645684837929492,0.7346439722911283,0.6075720251400901,0.5024514099744918,0.422087472710462,0.2635291590670855,0.04482883909256963,0.0730853436986652
9.209999999999999,0.40075493078151836,0.6768421457464731,0.641953566544301,0.6878051231667296,0.7720963602450027,1.1012203976611934,1.088678280230857,1.2429133592803305,1.4577419925539616,1.4444442731800384,1.474856800376714,1.539678493597809,1.6088689495365864,1.5931585607733614,1.6269213376073177,1.520838922398155,1.5108413484605872,1.546666600044019,1.4511054915985497,1.3524400565895733,1.3470318438525424,1.2599096738507494,1.1735844624643874,1.0100383835966344,1.018721757185461,0.7478557542039773,0.6600804095175543,0.5156756021412765,0.512882687472811,0.3220076793705587,-0.006641864217282668,-0.0692599263567969
9.22,0.3682851770204751,0.5905977671424337,0.6536203011057385,0.7276399905179374,0.8187424991419605,1.058376365416427,1.104052444498259,1.2324093694911429,1.3939904011398458,1.5758559456741592,1.5681737243194747,1.62484787367193,1.6632760574296204,1.5545899270161185,1.6086169480333496,1.5398704477441012,1.55278946298915,1.5407980373447028,1.2277254399546456,1.4061615554978446,1.3344136484598876,1.3187411616497884,1.0693328137400708,0.9063312073172589,1.070444008618739,0.780337436757393,0.5699110677382405,0.4204265661827704,0.4616369889992362,0.2946303630074834,0.031390046081539676,0.016369093266667127
9.229999999999999,0.25432407456382916,0.610634221149659,0.7383548426379921,0.7379382640758186,0.805474550076805,1.0246137316285493,1.1104171568427574,1.1879915049452692,1.3440290405697632,1.5259555588696578,1.4853514389087699,1.6048196245548199,1.6511199256523539,1.6102076774424772,1.5958563165807118,1.5593927978819355,1.5221172373268415,1.461135205389641,1.3545852649246806,1.3392202995380995,1.2695401634932562,1.2954404646628774,1.1787384489935273,0.9999873151141437,0.9144479012371802,0.7142785978094657,0.5819596889108386,0.518974979990897,0.4179659903811044,0.23871421157273676,-0.06599714669003622,-0.08283868239187907
9.24,0.33296091564272645,0.5612400647085098,0.7932094672258929,0.801651893852464,0.8018708730201874,1.1051683254225342,1.080823014674016,1.2251436538678562,1.4553255389569963,1.4714931555726434,1.4879224414990733,1.6280080384084656,1.5663578885806568,1.633271761466007,1.60561446064387,1.44103813721465,1.5182871337784134,1.448309844044115,1.2840267563438044,1.3554359584365354,1.29161708003572,1.2257383741049415,1.0856607164518348,1.0321803018946771,0.8467056826655812,0.7241101696515649,0.6413342645990445,0.6419396784222187,0.3836934638181971,0.1900048802749772,0.053469838781298885,-0.1310367439286632
9.250000000000002,0.4215548670683329,0.6172729929219516,0.7307363309054262,0.7798712617098839,0.7792933629722605,1.0691487988714348,1.116827583238962,1.2858499298088755,1.3411798632500385,1.4501424505521983,1.4595637458631674,1.4876832096060306,1.5978816465641086,1.5087168660413377,1.488231514284226,1.4745294182572166,1.6173509281427656,1.521176042061878,1.3796610188371856,1.386415941152745,1.3482216776345486,1.2957396288712084,1.1566230556920225,0.974791309460556,0.9395558191483009,0.6926532981161444,0.6351850330635154,0.513707233686577,0.3707293447484059,0.208168682215669,-0.08930291930275823,-0.0713154316033526
9.26,0.3169573385791933,0.5793566678265907,0.7762444010174826,0.6539524325880057,0.8659304959894604,1.055294611133299,1.086540071546037,1.2228605222459912,1.3802061885361376,1.3567292205079131,1.4550937286525496,1.5303471207636008,1.5390129003386535,1.6098325142989893,1.6205639069545184,1.5031856404977428,1.583245873990079,1.5593893830532677,1.303799501250011,1.2635695046651945,1.3115109559218665,1.2779061400842742,1.0734842048479958,1.0646783416194474,0.9502325021241275,0.6884497126072745,0.5910395857800841,0.46042765974772726,0.4187068328167245,0.19668649739404698,-0.022971567467462838,-0.01792760675172919
9.270000000000001,0.31663945810449245,0.5817856880972859,0.6484588000498658,0.7504918177783421,0.9189236246170633,1.1023890208586624,1.0269085153882662,1.288226844488783,1.3173788679397014,1.3642541880949914,1.5288677731782985,1.6350763568285407,1.585168965443928,1.5852349953851186,1.5353823226486496,1.5153033120675297,1.545164135227064,1.4491470772143684,1.3826612984314863,1.3603573248664407,1.3898891784759333,1.1529266843978347,1.155862797957228,1.0020455412500742,0.8862721615924193,0.7212866530248867,0.4855712991614026,0.3567286963967563,0.4583364279786175,0.19240378770591152,-0.0036370813735366637,-0.03230105581030197
9.28,0.29063948154565916,0.5202496893372689,0.6879372685756353,0.8009421032853039,0.8401344715687009,1.1220678119837162,1.0106659285172088,1.3366869277217246,1.347684976331008,1.4008923228486942,1.4434395065154921,1.4634704339672304,1.5530940931680715,1.522947899278844,1.541316599911147,1.6361261443409143,1.5886047642272298,1.523412548129663,1.3294710570292494,1.28924643844856,1.4253059182906282,1.224097142494211,1.2410126841308577,1.0293785169093883,0.9049755749212626,0.6687887781878878,0.5871711545615059,0.36083549201079,0.36787998786529635,0.2847337149731882,0.030779225290426083,-0.0007188582121970682
9.290000000000001,0.22193588094368716,0.4559708414818237,0.658321313816551,0.8075805772781461,0.9174984151048207,0.9866979518344224,1.0558278009495208,1.3349492070492972,1.395785754718868,1.4414622750995723,1.4658866561720942,1.4944475616661799,1.574434391408763,1.5900628874852216,1.5669251152659118,1.4412943227399815,1.573017954494183,1.451651383733777,1.4052054422996558,1.3995414740187115,1.318645670119732,1.1497212861262467,1.1680980407305792,1.0003412221240278,0.8406774348460083,0.7867547800901048,0.6398286358203,0.3603254904134563,0.40598920538423855,0.21071815627594684,-0.07431060701888947,-0.11033223987878157
9.299999999999999,0.34130985549760706,0.6366736463700671,0.7572420325925111,0.718172415089266,0.8223952637407204,1.1062520611788431,1.0135856891408503,1.2265051345086049,1.3535304326765758,1.4307328739987002,1.4146689841752804,1.4825155129885748,1.49779163252389,1.5099874513581835,1.6415965199971523,1.4929901972590947,1.5135757456229721,1.4668408995802888,1.3317618467169796,1.336726522806446,1.2969034453653636,1.242789549439406,1.1413283687429425,1.0506260993485792,0.8995211984253177,0.7034332185883281,0.5735604604163724,0.4419752704381748,0.44002821267021763,0.2328158572745849,0.12779096721520794,0.03205341513192394
9.31,0.3693807332206358,0.6377657246069489,0.7288518979674741,0.7307927971810454,0.9019207191353709,1.0549739215090947,1.1541788584728716,1.2536308961440217,1.45817821530124,1.4549069931850906,1.476314240738224,1.5597040297293172,1.5279698202195868,1.5148839777509375,1.608151842554928,1.4348358260185228,1.4941788203040032,1.4615557375833823,1.265184270011209,1.2483549147538355,1.311441741727358,1.2233630916693694,1.1010599316542597,1.0935907718931905,0.9650065778773286,0.6940160348866382,0.6630223356808154,0.4516555015694871,0.32952865926856073,0.17791462454279983,-0.0038390632969016354,-0.03105187853883762
9.319999999999999,0.22282129880664917,0.5653101243409551,0.773925456457222,0.7105284831429786,0.8954038032434373,1.1177549863858027,1.0657676993048777,1.197664279336666,1.340942740195485,1.4294537140164323,1.537059717238534,1.5890993884683442,1.496214969054823,1.597840106031861,1.4958396349672716,1.3497231378675687,1.4519655737202188,1.3803421692720235,1.3025594154719107,1.330675253223683,1.3027490793109386,1.3378848706874817,1.146502741296312,1.0802910515277497,0.9279351647262016,0.6406489329449843,0.553585134399698,0.4477064978342029,0.36472887021480005,0.22526282779804332,-0.0672086219389263,-0.08442776964938274
9.33,0.3398568066946177,0.5620964721603182,0.8351545431723837,0.7418627035854121,0.8203102941245185,1.070545627747648,1.0610366346686326,1.267591061677762,1.2950446043826231,1.3158834521164926,1.473835279398324,1.5253969694344178,1.549011665366943,1.5208670513834428,1.509188850027103,1.4511845140682185,1.6337290843241241,1.4093442001107992,1.288685542033064,1.104848400993185,1.3358169745761075,1.182729335550418,1.211192542065454,1.0782521940452539,0.8332318284017038,0.7551082002029492,0.6040192633442124,0.4497126080789695,0.3778817980840155,0.17340583798991052,-0.052374720791222344,-0.11128104746655648
9.340000000000002,0.32015187508834503,0.5407977849969574,0.6638349906380141,0.8057532064509427,0.9688202810141073,1.1237736712967492,1.0955092246210125,1.2771590254714924,1.3011008865334415,1.3958363317277425,1.4171410779608342,1.5440896702444116,1.4814704536080634,1.5063543808178894,1.4012905395229045,1.4596824173438536,1.5171787845069342,1.3476680698904746,1.2144863066383607,1.3067639969221632,1.4279251269963513,1.2054508200107659,1.143540539033791,1.0700136866199426,0.8874272358649739,0.6468512374503305,0.5816448008712066,0.33634134985376357,0.4063429777287539,0.2131281425331758,-0.03428116751283628,-0.039393784321116246
9.35,0.377414073730703,0.5105234737799164,0.7561574015400556,0.6710021822354093,0.9143708541532394,1.0557862613859128,1.0371130093933187,1.3594975249159467,1.4125227909573723,1.443711349239478,1.4837344365845546,1.5077497293130013,1.4588876948599059,1.4996219358094964,1.6011471685153336,1.5077933863032902,1.4986752783462114,1.4168433788382226,1.3160677820203224,1.2748368395119916,1.310008020454159,1.1993102405244174,1.124003961530998,0.964388834630289,0.7603794450301259,0.6998219969579829,0.6608944485241016,0.4458561408840817,0.3255930961267869,0.19868817572132264,-0.1380223850135903,-0.027873575203696828
9.360000000000001,0.39230688758457377,0.5882987531910806,0.7606809419089936,0.7041399951230056,0.9818902505727969,1.0887412138576869,1.026221693427446,1.2678534350745538,1.3772822419627662,1.4211570269248135,1.4068481520687994,1.4612378049156394,1.436081933846628,1.4689331929094505,1.4492951199907016,1.3669719524724795,1.4314996170760994,1.3015527915427494,1.4411088293563266,1.245195030383131,1.3453564750368403,1.1923094160053225,1.1300718822719027,1.0004795727613551,0.8880672716027884,0.7102329430726327,0.6069171532014875,0.4092121601980281,0.4221577392461654,0.13230201690786902,-0.07675226693101066,-0.05029575962741148
9.37,0.33794080537964744,0.4602863050021669,0.7334907831584543,0.7737845240166068,0.8525976362570168,0.9160990332613507,1.0502127764800844,1.2033122182958051,1.310607628156471,1.5008422174630038,1.5363332697523513,1.5783463211330768,1.5114375402651035,1.5824358614507885,1.5255824016243653,1.433456644635351,1.5316150266634863,1.3937577256054507,1.38421304718732,1.1850734030661414,1.3480685831890296,1.2334572512363207,1.1544243083200665,1.060184756315904,0.9836442325852197,0.7083974007404853,0.5919655002342522,0.37179282716299633,0.39755653255678175,0.14875585208712264,0.01107428444550491,0.010637818150443387
9.38,0.42219087395091137,0.6903360252781938,0.8317344362608755,0.7470668345371949,0.8750594832218735,0.9715858228699293,1.0202477530898586,1.2062334215375032,1.3719905045412264,1.425295746569316,1.4143446585783823,1.5276745084800194,1.4383768424734087,1.5201191756938206,1.4854185643620121,1.4296639153031219,1.4433420985513568,1.3896124366215998,1.40205545768842,1.202813849116699,1.2690785432712597,1.2380046676318657,1.252203712329069,1.1026654080059979,0.8111671568402881,0.735436806880648,0.6660312712226225,0.4109247937597351,0.4518596527847856,0.2660634526549966,-0.1004566490804742,0.003777764142114136
9.389999999999999,0.2955412029219794,0.5566903825439007,0.691660477244924,0.7054706058522782,0.902839814873777,1.0165294193973395,1.003585143836196,1.2129248393271526,1.3090556417063257,1.4015741801855428,1.378879869467417,1.537805237217001,1.5054326938936904,1.4009712915016226,1.454367422812297,1.47454957975702,1.5237173509597002,1.4353594008498116,1.3852116012766247,1.2443792980643378,1.3061305905020424,1.2622359316427825,1.1584673134202692,0.9853692591749007,0.8564621217992353,0.7511871156019846,0.6193685254166231,0.36216596522235306,0.3818493492250933,0.2053084410256439,-0.08342400009184277,0.04925516079077752
9.4,0.2839993404878342,0.5427522878056159,0.7724053099832746,0.8406090766263218,0.8632707012358736,0.9858508461212314,1.040136828093559,1.253327307531364,1.2995198872686518,1.406329105665151,1.5005870475848095,1.453241454143613,1.4147766227998424,1.4608929094846252,1.4845902292841089,1.41931485692002,1.543680020233734,1.370485295768302,1.2076738401426488,1.2546035229831942,1.2974512502395845,1.2211859211970864,1.1215015810203222,1.1378615079384844,0.9947519169104275,0.7228487677581019,0.6328850779927441,0.48980476498025444,0.41286778431982796,0.1619762577132345,-0.07512371357689643,-0.07375281540546214
9.410000000000002,0.36466945987751936,0.5863644268310853,0.7958142934070318,0.781503976845612,0.970743301310167,1.0054273340582502,1.1641055718111832,1.3492467746414312,1.2801653057830886,1.3212553059791,1.3131615576854818,1.4541156380168423,1.4578700392548438,1.4988854120150727,1.5435600991522502,1.3346533701362207,1.4256605490696368,1.3885831276317042,1.315629619383355,1.1961452037713283,1.2965362477150864,1.1582670677617726,1.2362957295326176,1.0821831361118652,0.7843943305168374,0.6283340625143385,0.6532650066822839,0.4618021034619543,0.3644645038190906,0.19077720304608375,0.03568416433769643,0.045167486543791394
9.42,0.3848172897690286,0.5907575651997801,0.686118991741655,0.751035679555863,1.0033727630188518,0.9982559815755045,1.0192108253133987,1.2430160233497605,1.417778181438639,1.2999122110262737,1.4389949312473713,1.540334144795482,1.5079263806204073,1.6170838897413344,1.5906679910290609,1.379888964199761,1.4178587260220865,1.3235678942030258,1.453879341590877,1.1914709116026045,1.2266929560061768,1.2193183208275264,1.2089261085015022,1.055383618716653,0.8267747679129649,0.798190264005352,0.6310622744975907,0.375758431722987,0.42126238615302897,0.19147430780695168,-0.12183888182059163,-0.0990722360189902
9.430000000000001,0.298971024371052,0.4526664231147154,0.7240618777286679,0.6892033621979295,0.9510587737853287,0.9870399527422204,1.0184795651360516,1.099594631309635,1.3064768216699754,1.3967858265498072,1.412524626919889,1.4500887903013957,1.38301798545022,1.4536034641812907,1.4933938906156778,1.3450457963910423,1.4835195528335936,1.3325466538153432,1.4422058150667327,1.23229451843972,1.2017302809249517,1.1284001923499059,1.1673077556088178,1.0562930312166352,0.7373128598903169,0.630072971373767,0.6527031375848005,0.3737237998064365,0.30601281090028876,0.10244694977433663,0.008375816303129452,-0.035606389062921504
9.44,0.3327682979957093,0.5003468929296995,0.7091225278577917,0.747350009791734,1.1277993352275897,0.9604332805959,1.0295272076852284,1.282617377216879,1.2480774037487716,1.4399395090634668,1.4935555088826067,1.399107777370665,1.4074560955908324,1.5376663914104431,1.4614891312912028,1.2803996637127275,1.3045070276301216,1.2268678947753646,1.3414219846376507,1.248918830889878,1.2762007642494513,1.1713716088416013,1.1767826806113253,1.0625481934952177,0.8299707817178799,0.6079525435810431,0.6501610360273627,0.41510078984244475,0.39188708682161666,0.21895062437141,0.00822051664737616,0.06945560574908305
9.450000000000001,0.4461385253691069,0.5460273885353112,0.7207935059769487,0.8127363837575183,0.9858049745052888,1.0741004299817942,0.8861389440678543,1.1431105975410916,1.2705357209738906,1.3804916322466183,1.4410397687125123,1.530138213210296,1.423962308431478,1.4197517300039029,1.48571380650571,1.3153678524440986,1.5160840803072624,1.3997752997725683,1.3967680694533848,1.2194215206764039,1.3210095478032002,1.1469225732644808,1.1491573364851588,1.161256352225118,0.8686216160632015,0.6916042339852565,0.6664225085184053,0.4973635042651633,0.33150674567764704,0.20936254401527915,-0.01950375859217336,0.043474986650995584
9.459999999999999,0.3434001683730929,0.5885979718166945,0.7809820178756456,0.7837560507918611,1.022248634670416,1.0862610817365579,1.0186575473445292,1.154361362498844,1.2708587982410033,1.2896347114895068,1.3277502320092058,1.3727380165243959,1.479625370030674,1.5501196557030252,1.5458573727879374,1.5317662306501778,1.42589101744536,1.3405306263172745,1.2812752305671795,1.1777265684664748,1.2409975360606411,1.0664280114219808,1.1458823307738453,1.0161910894431045,0.8767016158565379,0.6490012888321841,0.7477556943642943,0.4410485683288517,0.4106428397170979,0.20217723342643126,-0.03900438587332403,-0.16835418579736888
9.47,0.4109197816147726,0.5773977278261482,0.7382641091716425,0.7368433079396227,0.9805744260067049,1.0122765072553508,1.0964440702672573,1.1752713106373638,1.120878606083376,1.293429372850201,1.3028584283865858,1.4034766417249265,1.3542457432451698,1.4360212396426362,1.4139537222917904,1.3997356916559351,1.4964815068377797,1.349289819850933,1.3251649880377099,1.2191437822351079,1.2175292129541846,1.074448004906238,1.2535593807231789,1.0579021770157901,0.8346189201519105,0.6843469169141054,0.6529696103958242,0.45459446603536574,0.4091893519544989,0.20619551074457626,-0.1361871694787557,-0.014919273872858851
9.479999999999999,0.42501607976488,0.527052894249979,0.7255752907847112,0.7363854362704919,1.066071441389614,0.9527470968372155,1.044221939132577,1.192078463319559,1.1981444475568441,1.2936081674833768,1.434670048041354,1.4966798341131682,1.3804388100422162,1.5153399513990002,1.5112823595439613,1.2943069555234756,1.3968690278233813,1.3263590987526093,1.4940969177304955,1.160513856111407,1.251823602607666,1.1510276671350654,1.3103107906010223,1.1324804346161752,0.8498200065153657,0.6481343547348069,0.5875514975911007,0.5384655767019345,0.35408252817420177,0.2095947244991182,-0.026013207323842876,0.03327415975617995
9.49,0.3745669539939325,0.549272145533672,0.8167840134426141,0.7213417834800452,0.8304330245846107,0.9413838538074243,1.0152081981206194,1.1477399702441544,1.1145885930972819,1.3524827684118756,1.3900191739862713,1.4677773807514307,1.3860826118359537,1.3370346137243065,1.2847651248561542,1.3345073992368337,1.2865738994774516,1.2946581485333661,1.4038816913457675,1.2355040673013382,1.3153749034253028,1.1572709655188151,1.1319820001692262,1.1595727144861563,0.9545630104331736,0.7203233154675174,0.7257114708860017,0.5144844545483146,0.33996679033068505,0.1611879765862736,0.029443282723729317,0.11080108493191537
9.500000000000002,0.3930986197268167,0.43777366203253265,0.7121062579159341,0.737979227923286,1.007948342402375,1.093647094113845,1.0655194756519566,1.1982018563965726,1.155876678704343,1.2581011374724,1.31561130613232,1.3925443029550582,1.4371263328608548,1.405933510365501,1.4378576616390315,1.3298746903810121,1.3537751847377415,1.3425792216899095,1.3072265864732335,1.2249691213506682,1.2296976862797113,1.1347331684409903,1.2563334106310757,1.0824504970648137,0.8713221704740114,0.5965991648184772,0.6512180736479949,0.4373678656380405,0.23913697364777703,0.07073070387547598,-0.0697203206255815,0.015541271988675907
9.51,0.4133816028878217,0.5687715077888575,0.8016855349502411,0.7821876751129526,0.9248566789964631,1.0713280586798295,1.1202334289843567,1.1274362483506977,1.2310014110364642,1.3142871119288484,1.2997241010023248,1.4742274391089234,1.347287224002274,1.4615441210462479,1.3624605119280995,1.2943644007218862,1.3653023233283077,1.285039480432858,1.3953636098877116,1.2915008170924647,1.2563262059348341,1.1898538665701195,1.2449272000022393,1.0762811700212218,0.8139092570758242,0.7283056402836263,0.7689783453115155,0.46335476356013405,0.3592039355767226,0.12923720541272032,-0.09455032757640659,0.030547228890651364
9.520000000000001,0.3674737056450772,0.4695075285707402,0.7475335837801768,0.6949203778056396,0.9016189063102164,0.9284992178565212,1.1174147996914714,1.1327306088784033,1.211097518722855,1.3036785487828952,1.3998926254539015,1.4439832398742118,1.3475029741795892,1.412894118785071,1.370858406161515,1.335668710149033,1.3616812646755183,1.33236011224077,1.4130530039329452,1.2600362437834363,1.1948164078226016,1.1176098651941038,1.2283612664692312,1.1142814686747697,0.8381989283002421,0.6344722268110008,0.7484291158438672,0.5797708049795904,0.34613819814009616,0.12168363764395096,0.016494326403185676,-0.016649938054227383
9.53,0.32543013343186045,0.48898880932817723,0.6922878354384965,0.7505881792534813,0.9245653891229815,0.9235087317184552,1.0520533459517663,1.1310041620122009,1.1814559048567037,1.2661569344750627,1.293954764399195,1.3884677067074929,1.2937583051936143,1.3042847398591622,1.3903969151478583,1.226734610453718,1.4501377474278734,1.515555190522784,1.5256613269400712,1.148710717616309,1.1663533603449914,1.1584790063380714,1.2881391451680806,1.1063298060383937,0.82765685984406,0.6946347626510396,0.709169712863807,0.48047730036343317,0.3015147778763277,0.1505696528363281,-0.043406164351125126,0.057694587835865736
9.540000000000001,0.29819637918846237,0.3858150008089304,0.6890867870219324,0.7376252340383935,1.0121739520244926,0.9802410033689406,1.1061585141029,1.1526173439605492,1.2356081972261426,1.2670437972338318,1.3726527426242343,1.436445202702481,1.3403336810734705,1.3063015915691736,1.4272855645856328,1.4254408805204166,1.2908554463826007,1.3935032099207771,1.493983007015692,1.3089936698722524,1.2731706781791112,1.1033286677300358,1.20218591158794,1.074990893030137,0.8667031882420905,0.6789042025426425,0.6518409764734175,0.5458882463242928,0.3036550245975726,0.17327120975806515,-0.017877682178370595,0.10173856684878287
9.549999999999999,0.39500051016740734,0.41719799130328533,0.6971001263814892,0.7858604344402248,0.9824067668327898,0.9912002693036464,0.8899711164052747,1.099523234429019,1.1854253776679047,1.1776245306419966,1.2752686954630383,1.3984294925653948,1.3088682396831857,1.4598603619284838,1.435438412553331,1.3789023545430805,1.3693289683464844,1.3624193136701703,1.4597387129792176,1.246104627087139,1.2188414643705594,1.2092059747388348,1.2712038455976629,1.1369816912044772,0.839808516600477,0.7242142267504563,0.6751860995612696,0.44215037025032744,0.40480479881370957,0.17571534172792452,-0.14050899185045504,-0.017068663887927576
9.56,0.38849057410601223,0.4779408102067315,0.6835402082434986,0.8825497137035336,0.9692802490459329,0.9699213565539254,1.0049479161452897,1.1841874721722576,1.228808436439397,1.267215344558009,1.2267543799917795,1.4037888062268282,1.4317015701681095,1.4791586980418736,1.46487907592738,1.4233749300118885,1.4534358927200126,1.259552551717217,1.4276309488668006,1.251895146744609,1.187988062119365,1.0186968998040986,1.1185522911389865,1.0935952663746675,0.7916986271138842,0.6430587683144675,0.66683968054662,0.45062170559431713,0.2923978842744022,0.19992542523625606,-0.10136934295891195,0.10590536849473176
9.569999999999999,0.4211258947325754,0.46803678330339804,0.7155963893159111,0.7354478101645453,0.9841552908430702,0.9686592922372907,1.0541207141961273,1.0590916533312336,1.1940895384608814,1.1656499437263623,1.21628833552563,1.433686237896567,1.3333171203337792,1.3510157010205597,1.403781830780272,1.405643758213744,1.4470740477795943,1.335206504833244,1.6031752849515142,1.2353069702997543,1.2851800899842596,1.1267978612297784,1.1874085415495972,1.1660185911605123,0.9889323499582816,0.8136490078883348,0.7147695178275125,0.5437897420018956,0.37151807636359346,0.19413433322128718,-0.10320945802542016,-0.015929205072895553
9.58,0.4253082700997877,0.4056858130880307,0.7183770891144258,0.866329869910649,1.0262473503592897,1.1146951641547453,1.1123896626409122,1.1322708244888022,1.1200053293303787,1.2250352064128285,1.2910873429379277,1.3453460959038348,1.3650833073949564,1.3794962604968781,1.4313409105543515,1.3892904498575718,1.4649044740489487,1.3311283605364315,1.5624526575824902,1.283036958729048,1.2165540485368413,1.1606709684189607,1.271881255502933,1.2204530313250388,0.992379615375161,0.7678201196879072,0.8394494183674238,0.6030203644027359,0.3818785834687719,0.13530535227699772,-0.09864245905999247,0.06441659736614637
9.590000000000002,0.40921943371620395,0.5577802296058568,0.7474624849302107,0.775298756612026,1.0052781176424455,0.9443350834306254,1.1034203248815568,1.1157976916588455,1.2042526175579447,1.2265941520848198,1.2721729123159606,1.391671028946658,1.3792910984369982,1.4519136032573494,1.397601777257597,1.3392651135925564,1.443320302180794,1.3337203945529172,1.4912706916455993,1.3595252454294147,1.3017004574373305,1.1480953160286953,1.2840449572665984,1.1805283195211778,0.8975302892475795,0.798493770193277,0.7474582550554064,0.4835546514451904,0.2990083686989372,0.15195512995922536,-0.00012254477904419334,0.08071291953630619
9.6,0.38962322831725593,0.5568680132440262,0.7558192316596163,0.81261245095878,1.0188901076267556,1.0168181035693238,1.1157245804946934,1.0067725336984246,1.1819328011153134,1.2115975375646588,1.328585616216994,1.382774496468193,1.3894101080944297,1.438749403531276,1.4383329937107383,1.3413041543788233,1.308000301065403,1.4468543847494413,1.5384065349601983,1.2779167217812708,1.2123511285352415,1.185853298886146,1.218907352390743,1.1041581439531312,0.8545582227038185,0.6974303843051664,0.8272171669765588,0.6058895184494651,0.3598084221038669,0.13730513452531046,-0.07750234233494308,-0.02060665327491361
9.610000000000001,0.42053019350498166,0.5272110813940138,0.6985572844444146,0.8639598681028501,1.0417213760354078,1.053293026514992,1.057813045878114,1.1448200836952294,1.2465005219778678,1.3600196317367823,1.2750697914512141,1.4265834658283514,1.500066025696527,1.4808852561704193,1.4709459189811613,1.3435861139597307,1.38323494200759,1.3540730815677908,1.5866096749755876,1.3063688989865767,1.3192280155417593,1.1316858682774698,1.228068744653866,1.095681394038504,0.8286949136670736,0.7300157661937372,0.6665952238745885,0.45912297806190017,0.20138600480979207,0.18300943968101113,-0.03258905805416234,-0.027041908373994908
9.62,0.47390663795478394,0.5896981266453777,0.6541013497885902,0.7407725128166289,1.0197076580875848,1.0046770109405503,0.9897265904626895,0.9710742409732527,1.174250999145123,1.189259322332333,1.2530712884593562,1.3697142173812167,1.348582210694379,1.327341167971953,1.205401734424599,1.3467714606283374,1.4644484097349812,1.3857126911733868,1.5525401558008716,1.2760940499658275,1.2734111578002532,1.1271595029832333,1.249659889714824,1.1673832333574825,0.8716964836512033,0.8120192083004615,0.6866160777353725,0.5510907297699961,0.2673595180175466,0.09854965267129942,-0.05177645335941632,-0.023260221447188326
9.63,0.3427231909662705,0.48008173761555917,0.633615289935028,0.7804264958914826,0.8252298058591324,0.9569758615904701,1.1088145252191097,1.1497583044584287,1.1747619729112988,1.1557766135813392,1.2257370636603457,1.357860252180937,1.419900373652693,1.4446287972078427,1.4471206859994399,1.3583730623625476,1.3073944410655236,1.391697545693224,1.5662538739972174,1.2119759223008155,1.1836870523463061,1.1581251327415731,1.3091150115467076,1.106621799311741,0.8275833978921466,0.6780298374586612,0.6643207188943725,0.5520368681106917,0.3216263930522553,0.19722934159551772,0.006989240837509042,0.03882467548133336
9.639999999999999,0.2587123187051487,0.36975578164271095,0.6732902093007905,0.7930553808713264,1.0955695005422719,0.9849268517642961,1.0941657536548264,1.1162288724411749,1.2485272947780732,1.2795668172717731,1.2292004686090354,1.3864563515892365,1.3652429024833286,1.4099642338766607,1.4095807588563425,1.3916941565146639,1.4007638540182346,1.326329972958368,1.4886228966710977,1.236308076295443,1.2253316303116446,1.1140617725115347,1.2517033530819264,1.1150170322093655,0.7032727345680241,0.7442324050560896,0.7741956398608049,0.6238131002687639,0.3283087468577705,0.08193095005074902,0.02917313833818204,0.026046875440380365
9.65,0.42974336942860714,0.41784460080042485,0.5983065265140636,0.7449056561351,1.0443573444740752,1.0252955834923514,1.103576406084693,1.1352234395618999,1.1682464481040682,1.2197399413226189,1.3056420665039656,1.286682760896287,1.389246774838621,1.3536029046514144,1.277150797119527,1.3738868810258533,1.4190794462339478,1.4250492945640985,1.5182255506249707,1.2189279954317596,1.1463175808993413,1.1000055396450077,1.190597627949884,1.0965957858319006,0.8643217123895277,0.8968339332235061,0.8385252929123018,0.6481468788147134,0.316577928467412,0.12591985686042595,-0.010638649259205562,-0.013852393465933178
9.660000000000002,0.4716715747237032,0.5233338058185426,0.5858185635827007,0.725570125632604,0.9534520779685551,0.9256559343124888,1.1610907602074738,1.0839681433376687,1.187556115982901,1.3559593715022795,1.362023418187632,1.3286074063907376,1.347519653790615,1.37759857172367,1.4389875776236734,1.3222771159629272,1.296715357156973,1.3479739246357834,1.5990138386433974,1.333042614225495,1.2636842300836648,1.1740473204700437,1.2865383757897555,1.1591662497497124,0.8387866537535005,0.7470211991921516,0.8884231833491139,0.6627732754166383,0.25195831529339496,0.17619641449951354,-0.0618999031376304,0.0908911436101664
9.67,0.4099269679504914,0.3874103213477577,0.6729143535349966,0.8192813392622934,1.0267087249134836,0.897176820299555,1.059264220579797,1.112089347379132,1.2564450953194235,1.2668276318448926,1.263423837725817,1.3156891144520917,1.294096600687904,1.3290549073451356,1.3969392706290045,1.3790829254378107,1.3521986901356533,1.4238142947320076,1.6508636706406683,1.3239950772527498,1.1579483806828905,1.185288902350899,1.289138398677475,1.0911390191985881,0.8867344046593835,0.8634546610689561,0.7206960063836284,0.5379798586748723,0.3062996378613964,0.07863774160344432,-0.0667797213033047,0.11762200681001778
9.680000000000001,0.43214236842230563,0.42812644045351883,0.6337469781001941,0.7667725565443547,1.0231524230488216,0.8943088073512824,1.0627495700288236,1.1025515873517207,1.1143719836477677,1.1467501770201634,1.324400916205619,1.476556547831332,1.3415484090420338,1.2803438394354265,1.3476314655431365,1.4427419727528985,1.3362946467252554,1.3410779263731012,1.4778027274626722,1.260827147020203,1.1138569120108621,1.1231171881395194,1.1757231239789658,1.1010731559374851,0.7935642003625938,0.7611151676010239,0.6872432946955898,0.5735864517317396,0.18661382031421525,0.1784766834453485,-0.01547777889606606,-0.025043199191838984
9.69,0.2842870886586823,0.3081926313891008,0.5292098020591868,0.7350409151887956,0.8947133591634192,0.7893896747005518,1.1511007351848055,1.1264899764314094,1.22463713305735,1.129618834534195,1.2621120937455093,1.2867509157178656,1.3153774476297617,1.3360894825836183,1.3434224560077193,1.3886275137341737,1.3194156853976295,1.3388796537639733,1.4523432921246833,1.285842714679856,1.1313932784903322,1.0545753381256582,1.2077055790670905,1.2071862505676787,0.9355008202318854,0.8305173761173688,0.8294736188934956,0.5217791627416298,0.28202040872604306,0.09997579743632506,-0.05930690197718902,0.10954419059772962
9.700000000000001,0.4308781120779867,0.44065030426353163,0.6940893977818874,0.9644767076546915,1.078994872590084,0.9683045809838008,1.1742530740071333,1.0691487203088017,1.1299113854347105,1.2545965494837956,1.3646946516708836,1.3789341314925856,1.3319676143397428,1.3587487997760814,1.440047017119956,1.3904418714138358,1.3343620574656565,1.300634287227219,1.6108590155679574,1.3383837619965413,1.141647744947545,1.076282336990047,1.1256343283618868,1.065704526928946,0.8789362473644061,0.7945040023289699,0.8350696513573437,0.5072182976471282,0.40300461394951886,0.07048970723552458,0.0018733835454368443,0.16409954346474365
9.709999999999999,0.36343176769292207,0.4354653437711109,0.6980052332310823,0.8074525167786342,1.0193499722126713,0.8932826631662778,1.1138806297635009,1.0047745066970326,1.0749476088711265,1.206522700714913,1.2780665191249914,1.3536717055261973,1.3849029498327017,1.366024181152698,1.490210355665364,1.4193638157033026,1.3188669156736708,1.4076072485889024,1.5688071629068325,1.3377701815059888,1.203122325999525,1.1199952545079719,1.2013107357490946,1.039303415018656,0.7728081900866548,0.7387529344509429,0.7158255906851635,0.6119029276060475,0.27038982201042827,0.07274511321260825,-0.019876315619521506,0.03300560235333107
9.72,0.37024225209880157,0.5005498917051731,0.6880334798785224,0.8848029681795829,1.0701020467512108,0.9256121828982424,1.1356695321742643,1.0457681643396868,1.1421269660684052,1.245754326221896,1.3645154128961547,1.4080442970977756,1.3103652907009422,1.4106646697015874,1.3983321565477256,1.4075836969343873,1.2850248004643956,1.3356301444662864,1.4949508664789735,1.2939882429211755,1.2541953777707449,1.2083821011910691,1.1925555589131671,1.0956692868483437,0.8927791854369874,0.7907112434042527,0.7235784802673766,0.470413685119028,0.2682513326580035,0.08783601644493841,0.03389934135057933,0.14623565548003067
9.729999999999999,0.3613150933547684,0.42186278391349874,0.6334129787091912,0.8658577348163295,0.9973000736134346,0.9171160217009688,1.1064117036571752,1.0238550823173558,1.106255317852463,1.2048007646228787,1.288626916815764,1.4399205259974472,1.1856391815745255,1.3647698022977386,1.33358789884968,1.3625154434151865,1.2819522078328485,1.3350428048511682,1.4656040340008198,1.1330062215198193,1.1781815310207144,1.198100451195884,1.1470085001776515,1.0848590469100445,0.8997177094254781,0.813959055803257,0.8273285654331303,0.5955186516930848,0.2799558054828915,0.17348998330541068,0.031844955757115045,0.12131319953042294
9.74,0.39407187749819256,0.46196930371893036,0.6738168254664645,0.8025415619574015,1.0148562710802445,0.9247845821136527,1.200594337675392,1.0754237163325508,1.1351021788582754,1.1892145889706962,1.2115484167471686,1.2385229390511778,1.382176710126691,1.4107350105866856,1.4285799509509611,1.4903825632975056,1.3987458556798684,1.419373448309995,1.5889112301819435,1.231970428050708,1.2012173865225753,1.1048934472790364,1.0960289052823566,1.0483202146194432,0.7889369792003746,0.7225622577220338,0.6986598047837684,0.5167365934996839,0.24658956668402557,0.1320761288272825,-0.004384090505377948,0.02866826707681793
9.750000000000002,0.2802931874972816,0.4724603112237273,0.5873649962358914,0.8998644613603269,1.0328311277103823,0.9101640582459971,1.1185732212358674,0.982530868613281,1.247537298157017,1.2494007180729567,1.2769795119303216,1.2821761477009073,1.369553747164509,1.4831973895109767,1.45430265560709,1.5152584995760519,1.364921569278627,1.3753180570058803,1.501101654115986,1.3174540619734583,1.0409792178968578,1.0267157858112874,1.0806287484998998,0.9545439772373145,0.7764493641233748,0.7840169825613571,0.6875694659811209,0.5667495772454418,0.23614811381072537,0.08211742491490046,-0.01417209146238831,0.009270105144600818
9.76,0.2556509419418951,0.5630115860260028,0.6507152017085609,0.9221044173661027,1.0539465035173516,0.9207604162748426,1.166965066227018,1.1800136709674405,1.1435208577468168,1.225928676726415,1.3007929813586798,1.3166711957679882,1.4666175471275051,1.315045666019615,1.369487620874313,1.4574696244488143,1.297565371435984,1.2866362709049706,1.5677790966075484,1.3319478583259907,1.089218559834403,1.0600791888870678,1.1408469152846215,1.0563400330458725,0.7203293919078508,0.7984833856594693,0.6427916418635427,0.5503226218809436,0.19889178655475337,0.0607151527489512,-0.025318315433487476,0.04048176127110814
9.770000000000001,0.32696067711413024,0.5074888397110358,0.6732076194849731,0.9158549525356885,1.0667967861968217,1.0293869072884085,1.1717680845887182,1.1481464324136572,1.2463393329173296,1.2767204047999694,1.2626447582881712,1.3868803028717156,1.3014302806113638,1.2811402303030337,1.4182894587400514,1.4955935001494185,1.3993418770602792,1.34821557187926,1.5316645836790892,1.3405213877560007,1.0954652379883425,1.033882554897864,1.1416529790909244,1.0665397855430172,0.8709623336215921,0.8517720313906427,0.6723140428419075,0.5506998161472022,0.28686625636040136,0.09003492298155691,-0.03310259647916949,0.0031577746461626255
9.78,0.3807545821168276,0.49610126536517396,0.7137895537910544,0.90229909020602,1.0239378424518453,1.0104054115319523,1.2287479097548455,1.1569532601693007,1.2202225798747777,1.213365660271185,1.3340847559492761,1.3117248165621593,1.375543538563523,1.215842415415179,1.2935492939531028,1.3331486673556099,1.3027045506670694,1.4166057146904447,1.5126228931681243,1.3388633193614812,1.137699968302762,1.150894995586688,1.2276199983931302,1.0594641634616797,0.772170095967073,0.8127770422005872,0.7849830041395743,0.5103303777287507,0.191246701986371,0.13426060839940643,0.1329279786883043,0.14797357192796443
9.790000000000001,0.38638748058134836,0.47873626768905736,0.6521163868328996,0.835082030787891,1.0452952475703157,1.0211079411143476,1.1784768367754552,1.1086353972144805,1.2492091696982437,1.1902169173220412,1.2401844833081395,1.285630267002989,1.4478182813011968,1.426521701958174,1.3614265675554627,1.393026422185954,1.357587246739619,1.3224174086681093,1.4648111393250351,1.3325888511677413,1.2034618011840792,1.1775055479154355,1.0839335254516382,1.0573533644982498,0.9139715390409975,0.8519120906018874,0.7284469268710596,0.6548711920416933,0.18145694489445335,0.11058562361335693,0.021564573904535485,0.07614803525493426
9.799999999999999,0.31264428627446034,0.49766186298277426,0.5849045857493232,0.9592262171273729,0.9807496599385868,0.9193428339894437,1.1101218441956742,0.9581714458079096,1.2290534489590952,1.2772695024985676,1.3611071920922109,1.2907164525811523,1.3211657652875533,1.364921447137632,1.35811757470755,1.4358178495758551,1.467111080443865,1.3594435691204827,1.470046681161589,1.2446473253825774,1.0759186531779283,1.0392836079521341,1.104982352042939,1.0358159634859625,0.7772961756876675,0.7513354956242251,0.7268898595801769,0.5245649886326196,0.18103964407289946,0.08949341585450145,-0.007545678226155272,-0.02128120401695885
9.81,0.3148432225577493,0.35253314766549715,0.5252957537360489,0.8533034767910984,0.9604883549810375,0.9403112723197276,1.1119894460982223,1.101346356792335,1.3020411565613803,1.2590323576652183,1.3199466824738224,1.2775514745974434,1.3362920594760725,1.3172399375293256,1.42948407419687,1.4872848789879665,1.3931583282807103,1.3605906021371112,1.4410427741906338,1.3479368219840526,1.126230806176569,1.076719407321725,1.0300934930964547,1.0328386271329233,0.9097630528513643,0.8226773901984614,0.7264812437264382,0.5281981398589989,0.24213178889379414,0.002541421538474517,-0.029092505849170728,0.08330981353474028
9.819999999999999,0.3154554956207114,0.45518487897812737,0.5904225109034424,0.8771223260823583,0.9458520099033082,0.9884753085056054,1.2666224047304617,1.2017017252176763,1.175161083340206,1.283352345212207,1.352013226491703,1.2792015499177576,1.4241790291788579,1.4577631669699924,1.3580493007330323,1.317984805507916,1.2521032908369167,1.3105728056414876,1.4766986145797478,1.3219922123476102,1.2193645082302857,1.2190925793111091,1.0942176284227705,1.0777715880476906,0.8036835581177615,0.671610249186235,0.5972485222006215,0.4374862038430029,0.15325613788667625,-0.03288164872571664,0.035008090377218325,0.10742123208837032
9.83,0.25639718930417615,0.481399872684418,0.5001192677142449,0.7638860193865696,0.9049996227445541,0.8865432193678819,1.2494339079458008,1.219163186980379,1.1191539585858918,1.2237654338564936,1.3019456098653963,1.3274425390916873,1.3137981036130921,1.2781459499871275,1.2838953012668664,1.3737916728460353,1.3838549043902155,1.3982981279244087,1.4202405055666105,1.2332846093776884,1.2164275244192333,1.0928483990492726,0.9257870588725241,0.9308481675621971,0.8767663706067736,0.6753692050937857,0.6278831059630597,0.5832376921305232,0.1961868398980781,0.20149177340930496,0.07255613288959578,0.023332983991289382
9.840000000000002,0.30969264757826537,0.4858754832799063,0.5594738902876416,0.8552649045414865,0.932305149924957,1.1112397639423275,1.100284444657969,1.1230788550620496,1.1599212938489571,1.2588290473693586,1.2910510191649875,1.2821585536312403,1.3450141800027104,1.40839417942065,1.494748449462715,1.3887296665977593,1.3172803955865637,1.4108332705174018,1.588002498334617,1.428654497041922,1.0555922758758958,1.0499583777003747,1.0009025218917036,0.9698939209959174,0.8365758835403257,0.8597226626381901,0.6405476273730949,0.5107226095982281,0.3140638607145442,0.09408570910472519,0.08495742076146333,-3.7254429384479815e-05
9.85,0.39252742808169944,0.455821460804498,0.5441183700519796,0.9040215754256952,0.969844938920628,0.9656520467783336,1.1949256861032547,1.1262864726516761,1.1492049245216927,1.1667841500178098,1.2408710714610847,1.2743617803793557,1.4002203053474347,1.3023398966036217,1.340722536590937,1.4575294479806584,1.334326850103906,1.338221964766378,1.4896721321462838,1.3822962976015858,1.193874728835355,1.179657733629131,1.025988552124359,0.8634179699420229,0.776374496090142,0.7766443553636564,0.6764420168004662,0.5862209686550223,0.3047322413447463,0.07800087902291357,0.05641815637245675,0.09818415258039569
9.860000000000001,0.29587368561975275,0.5011011880258548,0.6711477879841051,0.8751012122403344,0.9820488898622923,0.9367398877629202,1.218736436195884,1.200033334460973,1.2238454562123682,1.3075730686051534,1.310382703894523,1.2307794096588984,1.2825867499881318,1.3561377035330595,1.341670336502059,1.421094045815176,1.3660415357580709,1.3479314077352427,1.4548502798062621,1.3197379646220966,1.1054337668889815,1.1059828747102551,0.9654900449541758,1.003874247856986,0.8043204668498132,0.7781298602554287,0.6395292748733803,0.5466799124014193,0.2699636127053436,0.04866744878693119,0.04796529333483111,0.022353404339144428
9.87,0.31981153731819423,0.41428065050416873,0.5127151803247525,0.9238313626697846,0.9670517326896788,0.9099700334402903,1.1935536773477717,1.1635415436092953,1.1407602831790098,1.1600721336801212,1.3265873277080504,1.196811071950701,1.2533170676184375,1.306048027861201,1.3520278876085075,1.5041430644624845,1.382256157025382,1.356664733990798,1.4258359545352888,1.3670762727277062,1.1670426494733823,1.1519741070018723,0.9652546160103436,0.9148384920758303,0.847124017970345,0.7650990017372425,0.6582984909623718,0.5592437839281679,0.25302378570055084,0.10371907130733563,0.18693352472374405,0.05287290554714492
9.88,0.24398084296741254,0.4453444063253369,0.5859210360176754,0.8201499653603535,1.0089962193610793,1.0090045726501622,1.3203414604741341,1.124371801500153,1.1853111919475574,1.2168574315489502,1.3215140156085972,1.3282591284128393,1.2736896134616433,1.346790744876727,1.4289818033067716,1.460102053041586,1.4061053128188725,1.3211642210028833,1.447430424210358,1.4013784431842429,1.200116777424315,1.0668420981759084,0.9584186336075238,0.9099262924660327,1.002070721082893,0.8167112651633666,0.6228692108161856,0.5300859426121185,0.25376411987333486,0.054506143046087724,0.05456325464687506,0.02910140023213109
9.889999999999999,0.43994940771989316,0.5458610816709872,0.7296020875594353,0.8400607779511888,0.8863294061577218,0.982671334295782,1.2330743351047424,1.125062998479856,1.1717681801543631,1.3034673798006764,1.2034089638926646,1.3381140065846708,1.3373568543171226,1.3640793873776238,1.3450754192102532,1.4998750876736628,1.3858619994257932,1.414713070022949,1.4896668649883669,1.35882363667043,1.2371430931679555,1.0712625920417143,0.9067313079961725,0.8518859370495863,0.7723093075685857,0.7603147463141798,0.6372733728220952,0.462568730936929,0.2197932828370915,0.058179723607363634,-0.022377140797472165,0.040628324130291826
9.9,0.3006908008246396,0.48154105625024124,0.5484391697191007,0.7757653013708268,0.9834659670854259,0.939986648988551,1.245202061311968,1.0474739260517756,1.1425536922295705,1.3116963675068924,1.366229402939868,1.2563376418034389,1.423765310636932,1.4076058255237442,1.4066091939742686,1.4827287019388127,1.3037742351931627,1.261844582566963,1.3503996216304945,1.286268208548797,1.2186164969302198,1.0377948885734436,0.9574205082955493,0.9805198769857206,0.8560146697777203,0.8696103891605113,0.7031945347988627,0.5671087246112114,0.30559521023643166,0.11142190810588419,0.022788311677431408,0.05185911750419762
9.910000000000002,0.25665855010852867,0.4900380002334461,0.6252542147974708,0.8930186496446728,0.9733648855487073,1.0129745633623168,1.208896849203172,1.1177704479093715,1.2264467692333318,1.212102862638975,1.2822520005660372,1.2265183704014537,1.3922108166178926,1.3388815284406157,1.340648674277925,1.4707109346815808,1.413708181823581,1.4162380134328143,1.4090030246717755,1.304422947946834,1.0847659173216277,1.0567682520970294,0.9500274985156021,0.9521345778465405,0.8809025944218852,0.7393135157336106,0.6261520145743958,0.5438637284663107,0.32983971304005716,0.1682162813013083,0.06283662739736083,0.2058217275208117
9.92,0.3040709738540176,0.5431879550736863,0.568285098046853,0.8781868848873879,0.9415231039229722,0.9962358138507521,1.1997016245474552,1.1101527924253338,1.1400744534293916,1.2640793143348341,1.2042794740237155,1.2298340268964845,1.2952094244540067,1.3788236437192145,1.3052170251471802,1.509669953407718,1.2962596666424553,1.3007650572350271,1.284351959446388,1.3011405623327645,1.1730110167412828,1.1138546128806237,1.0633006242359662,0.8628430896139168,0.8488502158326289,0.7749902300676461,0.6298466151585945,0.5340973095000691,0.24149577851494636,0.02739717393269139,0.05502464486826414,0.014330021732313705
9.930000000000001,0.26489803931574823,0.4829447294689349,0.5546629725816093,0.8050811825910101,0.8979195096373136,0.9591414020210188,1.2221015897919747,1.1362880006507652,1.1798881364523384,1.2370209980591824,1.2365616499202083,1.254379851927962,1.4350344299964322,1.430889401378973,1.328931761471989,1.4696873594417772,1.3311685221092482,1.3862247525366307,1.4322062094554837,1.2686695739866858,1.1889699453724676,1.058238869325234,0.9616185462078336,1.0340117658756336,0.8099853852590507,0.7459357005525136,0.6487223109617083,0.6024976713913685,0.35059077702284874,0.08492759037107112,0.05618312327411602,0.0743949032810225
9.94,0.2597049520568347,0.4953418612821514,0.5542571981433729,0.7839440596474794,0.8334605870013259,0.860551080594049,1.2301928922201295,1.0483678433659493,1.0944609076589735,1.1614716649683854,1.2767806226073608,1.2902695714285632,1.274060645563259,1.338155383705432,1.3854157494569845,1.3134098206475446,1.3671870743395087,1.4220020485364868,1.3450257929996907,1.2453496856770219,1.159030445736295,1.0741635685075885,1.0217885498514887,0.9052665176425976,0.9205494510041178,0.744974679056814,0.6584060531027163,0.5811583813979463,0.22958630665050497,-0.03036445444861511,0.014211930285881164,0.06387667454925512
9.950000000000001,0.336485913142646,0.5559706923579759,0.6019943953641412,0.8945286220062353,0.9673726019801263,1.0044664092890505,1.1982695877961211,1.0836630111965513,1.2079806270606566,1.2839685388722475,1.2788246236411256,1.2772772083962372,1.3997169072007276,1.3579485195525982,1.3331727481026456,1.4170290954151228,1.3058784834660886,1.3134648769917596,1.3070764964708308,1.322453043053736,1.2330609958729435,1.2209058821427445,0.9608379473092469,0.9292254430626741,0.9048195515013359,0.792337993331417,0.6345468642908556,0.5011663890519961,0.33517206510424763,0.10820585985453193,0.08399742972318618,0.0717928086960363
9.959999999999999,0.2757807448093874,0.5107800903255301,0.6219236806130175,0.807889295544368,0.9354440911227186,0.897363431508655,1.1164405777942699,1.1385679477988073,1.2859548424989382,1.2534853795725174,1.2541106210774882,1.329872841358394,1.363700476496313,1.4540848033831495,1.3559248280539162,1.4110250528258645,1.3700059957869284,1.3270631271229896,1.3316661471297586,1.2546818033072813,1.1238414252450875,1.1506283739282637,1.0322892146342846,0.9269911827706001,0.9130640801150914,0.7471731552690883,0.6031746632418082,0.5743566290595062,0.2637104221578218,0.07802934571232777,0.10950148800139055,0.005950476243413515
9.97,0.27908460671466934,0.5243336770702871,0.6773614511522532,0.9629656888787959,0.9792168280364923,1.0719033244932814,1.2371091468396231,1.0851075478335277,1.124580973372886,1.1933760794312922,1.2157116484199908,1.3174570762545714,1.3803031571688467,1.491451079685127,1.4481043613631923,1.4558952237508198,1.4849106305616555,1.4592619617324238,1.4843419678579532,1.3838900592956342,1.2694341424214401,1.1033361838076692,0.966873303279869,0.9301362783821053,0.9406781932140984,0.855238413460967,0.6250315239516283,0.62628966989263,0.3310294260594457,0.07883970274863097,0.0950349335541111,0.11731184217233082
9.979999999999999,0.2540996149225377,0.528418218423636,0.5602955360087523,0.8062482395832206,0.9618419319822619,0.9905227720273391,1.1417973963773245,1.1639115222396903,1.2056083864403975,1.302822211554529,1.3161107166957742,1.204494684574436,1.3795149734882413,1.3098037819762016,1.4738439770749616,1.4633359687071794,1.299076055507327,1.3598516187253067,1.384341103532979,1.405642794956622,1.1785304678785087,1.1566953908079205,1.026671663409229,0.8680121082065319,0.8437908188961251,0.8942644337243404,0.6947430897584036,0.506041085636637,0.2713014328439275,0.0826503948697821,0.0796501393669785,0.12348539824679093
9.99,0.2834801568511282,0.5041982152987381,0.5009660441747823,0.8696799925253378,0.8937544228011745,0.9381775570632578,1.2407113655280178,1.2055071793048724,1.2230678886400397,1.2890198992252229,1.0999217262579457,1.1902702999838244,1.439556993666089,1.4620321824283122,1.4546431153329615,1.3751108941162649,1.3597675450523585,1.307472063623077,1.3760991676805083,1.3195445196069076,1.1867885853874787,1.07493052030599,0.887492956670222,0.9698153269013939,1.0382680539612956,0.7081373101391769,0.5649638983005604,0.48821316218416255,0.4064268858226762,0.1676050914177285,0.18226777106786607,0.06111185118834928
10.000000000000002,0.3070228279088849,0.4581494673804445,0.6179228852078265,0.8031999838031261,0.9130291171470318,0.9685818472973591,1.1230996329419847,1.2104176606894606,1.153409565836132,1.3518318413261166,1.3698918187658697,1.225835505643174,1.3830971970956907,1.3761550560151303,1.3255782471537718,1.363762054116582,1.41450698062962,1.3295366009382044,1.4247184761891107,1.324540152674569,1.2359658827773667,1.1581370253434808,0.9296020575146021,0.8359467219670818,0.8631380533050135,0.8375275967737046,0.6022085536946413,0.5147850970925649,0.346055220856759,0.135535378021765,0.17037247292398566,0.028776369507671005
10.01,0.36200986937402657,0.596839485776594,0.6045611785298486,0.8405077840396461,0.8125369049462824,0.8994138680333016,1.0884439636323369,1.1318253124534858,1.1662767045452034,1.2785290877669,1.3163485540764155,1.3403490700454679,1.4443608901771197,1.3635091925529397,1.4841173323461776,1.4783885745454102,1.4523506229412562,1.238380055563551,1.2649846228249888,1.4260250184848406,1.315911537682488,1.1446818519088238,0.99747208829437,0.8312770251411807,0.8976977421861712,0.7872118955255948,0.5806900181061387,0.566483210312362,0.37022892090293746,0.21775141491470212,0.115710591228713,0.049320733138801476
10.020000000000001,0.27955791631390287,0.44321439388642814,0.5442169176040101,0.8184912444959582,0.8709130263817496,0.9724988967568887,1.2941438284452162,1.2330497916611618,1.1941714396844345,1.2654816335910661,1.3201411908542207,1.4101008965951003,1.4588556290482795,1.3989590415090467,1.421406663381603,1.375821218992261,1.3489533095828827,1.3565492875626932,1.320799531746547,1.295019322607227,1.2535307612970723,1.1458502751184283,0.9216726666144902,0.9009313151219581,0.9411088341188976,0.8183728919808888,0.5194182128161652,0.5799685228962627,0.32259555081851515,0.13262643534068233,0.1599540787576379,0.039579062605423376
10.03,0.2137181564124975,0.4014044939524321,0.5172597658354695,0.7674775139549271,0.8645460768324479,1.0664817014552248,1.188809894709386,1.1277277988614034,1.1409997270044716,1.193168438927406,1.3164871722774114,1.2966183837221699,1.3417546450352638,1.419843655762937,1.5069384137521067,1.4911813047291553,1.408932172604426,1.3519670461950535,1.3067087724401474,1.3594289826804635,1.316992800273742,1.1740870572619473,1.0066866584383556,0.9268965011486463,0.9797679895479898,0.8437484414145975,0.6557094591524518,0.5498445473401333,0.3979612340469635,0.2717246945236309,0.19364853114178174,0.15184333578326456
10.040000000000001,0.26017106833258885,0.448757543066917,0.5858104274652229,0.8248059161395367,0.8837878511259414,1.0288680067443718,1.2197040420071046,1.10445660816871,1.2041791656964642,1.3062611496332994,1.3567148942405205,1.3773696572411023,1.4491070825822612,1.5072763837081617,1.502931708698955,1.4625892787792525,1.3285968612189576,1.3318799797868994,1.3396138043382657,1.3883304796776479,1.3117507422142838,1.2560807545595276,0.9629124839625572,0.8595332596826705,0.954468091459138,0.726612588050122,0.5557046150191385,0.47972447800088863,0.38201200290955367,0.2503166131448482,0.14419572983290926,0.051375463368142596
10.049999999999999,0.2578031999009409,0.3874462724332297,0.5379304373541718,0.759089495220737,0.8428240394852011,0.9659769314281128,1.0778043756480433,1.1088392284496331,1.1916787300168334,1.3256576030176341,1.26134946715697,1.3573000912750923,1.4519413226063727,1.4218168455844227,1.3781092540772801,1.5187960916248895,1.3529634657598153,1.2948453736936814,1.325078612119147,1.3135209811673858,1.3207711667056001,1.1682320589249064,0.9985281508832664,0.8984536193880005,0.9403865024156878,0.7975118764438646,0.7360486339672514,0.5216843284577588,0.3215415118531597,0.10380491068941233,0.05836320707297579,0.10173334971251785
10.06,0.19281370855608365,0.42290903612148456,0.6326636911321497,0.7146236144593198,0.922871670557494,1.0076424538528983,1.0836892409543895,1.1317615964822285,1.1622031795319636,1.2522238525391214,1.3259953114156295,1.470311917903858,1.4765905051340766,1.4106289144452517,1.4696939699276648,1.4848633462391687,1.4220731177564723,1.2413902270333956,1.4033131811954938,1.43806390821075,1.3380223145414805,1.1442468856586758,1.0314108154130448,0.8725755537055662,1.0094207082872675,0.8761356190711835,0.5380085874290187,0.4311067170487059,0.33562861675074457,0.2185953577779006,0.08834974544909968,0.12719506490551796
10.069999999999999,0.14249228272881675,0.44195782398246913,0.5808111042616069,0.7901983707805985,0.9866143520761136,0.9324264771207119,1.0309460722526362,1.1132629416509174,1.3019201458049168,1.2837769852022984,1.3152381860523579,1.4385918368870323,1.4073584375403496,1.4706785190333074,1.506108591913618,1.4106147128270814,1.451884797241168,1.422949965611657,1.3838689694940642,1.2976689615750348,1.2953502778479427,1.1279531003529182,1.0321612239022606,0.9653014750280942,1.0195802349433016,0.8102381711571199,0.6223561814541332,0.5980750366122417,0.4195015621014603,0.22089015775024595,0.12167922941797758,0.04704460403287891
10.08,0.24303602222848958,0.5244273509199497,0.5365924460699757,0.8516276260184561,0.8853398570399098,0.9791921177911985,1.2186572843501329,1.3421222746228745,1.1599528165612902,1.207554434883473,1.3161782869331953,1.396597765540726,1.3149952176052313,1.4989257575093362,1.478008498919413,1.4568453166999908,1.4237007687229084,1.3129008169380247,1.3329172456846106,1.42699687626366,1.2900228104515972,1.155779445104043,0.960931072749693,0.857557344403273,0.960036146355477,0.9196308587721724,0.6222964065584898,0.43481620440857865,0.4017850072236011,0.28449409451256813,0.06792725690861441,0.11351485260643142
10.090000000000002,0.3455752471746055,0.5421539251167596,0.5383123433103023,0.8744190636723543,0.8888147926859137,1.0474477838344929,1.1835885483432722,1.1442358995318318,1.2635005933918084,1.312571882855187,1.264716569196012,1.2537956975134534,1.384386846617445,1.513692618715972,1.4131788670722762,1.5668584451322003,1.37791429777203,1.3720613170417126,1.2087565389570105,1.3094760450635547,1.2929497606786986,1.1636450771115638,1.0193156821207197,0.9835273900918773,0.9659479768977575,0.733899832839492,0.5747630570025343,0.5608276832999192,0.33525729805848997,0.17986292775061036,0.14201174511270698,0.01017707437879807
10.1,0.2542231975848955,0.5317095982737141,0.7025620886861282,0.8478534703558998,0.8667245151440649,0.9349088821825913,1.0974880474769682,1.2359141491991008,1.2328161011553214,1.275701325885299,1.4230208755753566,1.357356827237683,1.329845513103298,1.4433710826989126,1.3733838745769442,1.4876932276456167,1.4748812479449134,1.437644776637353,1.339637783762874,1.2786471939578872,1.2642985516353134,1.114810348857688,1.0199866111155043,0.923496905693384,0.8858122582684352,0.7752454032725606,0.5936580733220845,0.5463618688126326,0.30772202651212177,0.11816965198687687,0.11489094074057513,-0.015717809998985654
10.110000000000001,0.2129563499694661,0.4442842003407683,0.5363051808444003,0.8493895239414391,0.7601821579031962,0.9031408034225701,1.1930057491728823,1.2689047378121137,1.1833189803768156,1.3184752976280767,1.3474339476754706,1.300913108649082,1.4360444024588699,1.5113689013191272,1.5429035816599181,1.4253793480222445,1.3836970155754358,1.4406777775004465,1.343057753872664,1.2826253842829323,1.3744771202109483,1.0858797934424957,0.9637621428607508,0.896309159474711,0.9895765883705244,0.7893528609471329,0.5909839960307463,0.47808092464786284,0.41474682116171974,0.26091441055182896,0.15194305884549178,0.14619995033741912
10.12,0.2692075426715474,0.574010264153146,0.6152526570544401,0.8118059113578491,0.868628673172077,1.0665655575124209,1.1882416379889846,1.181621627496204,1.3256272940042195,1.340760784392657,1.333478350851932,1.4493178581683916,1.476463926148993,1.6565850541428144,1.5022598328398895,1.4167893140330678,1.3883081045637875,1.4110251023048044,1.2754631964904584,1.3509124388202025,1.2461144687282517,1.084568917919147,1.0448849776414335,0.9598604082645878,0.9933361527435156,0.8520818891633756,0.5923366937198107,0.5396305836012103,0.39125006001015394,0.20548289384191185,0.09505673685013602,0.030010096620309363
10.13,0.182290175421121,0.38948493842601645,0.5665935676634688,0.8183114359448771,0.9354804322263637,1.0455965067637862,1.1356855241163841,1.2869991585562637,1.3045095961127031,1.3202809971953589,1.422017565714332,1.5100983193008783,1.5168466534674003,1.5298241762810165,1.4720927878328713,1.5261966649883014,1.3477856133066304,1.4342666033938183,1.374755723497072,1.3998984959403815,1.3339008618380233,1.1582344561039257,0.9747051928054655,0.9267624630890472,0.9401378823069839,0.8084550992949553,0.6054485597909584,0.42766017615674395,0.3668226437488717,0.18809520245188735,0.08249633899402761,-0.0538998008068228
10.139999999999999,0.27513883345825846,0.508502661513784,0.6024241492332295,0.7316173533837683,0.8446502817175862,0.9697880216533417,1.1382876110188938,1.1585204069926212,1.1809780289844458,1.3909766705361009,1.3772878821633745,1.3609598784767114,1.4184132161310297,1.462379677578617,1.4256350389715367,1.497198323004044,1.3745763067647276,1.403333752318435,1.277237190022573,1.338145239823572,1.436506616748026,1.320359256339659,1.144212616962712,0.993441815687218,0.9438794356743073,0.7006544316102511,0.5351282124690635,0.42247774467446725,0.44299464461125315,0.2769930715936628,0.0289542141840633,0.04030050994241818
10.15,0.24757233323369726,0.5600762577461581,0.6243661437491389,0.7192470248678968,0.8247394319136108,0.9741927483713098,1.2166067556341102,1.223666638142298,1.259171505473244,1.3703701091042844,1.3314730652216706,1.4302628129899042,1.4339417256242804,1.4727135698521105,1.5047740134829586,1.4489811005492699,1.434171693948285,1.34491114969082,1.2674897967895453,1.400445781876744,1.3681045783137666,1.2128896822014201,1.060765812934253,0.8185266146921522,0.9463331895534688,0.7907594688277103,0.5604605062445507,0.451332501715461,0.4683690516764069,0.20520449809090013,0.075015043534032,0.026550123542399957
10.160000000000002,0.2184715671288368,0.5066661996462559,0.659543206270402,0.8655541796542164,0.9127259668770594,0.9605631405292216,1.1445061461866668,1.2285318333752409,1.167306908399566,1.357549098143845,1.4287416400673316,1.4417101096129883,1.4351251373661813,1.4571462912197004,1.4542804736374806,1.4340978591059095,1.3093917412157883,1.3757177289896259,1.3289427981207775,1.4567198462259063,1.4305997502445098,1.1529493588160489,0.9955730579803257,0.9198374636796656,0.9280929684504607,0.7407579040089489,0.5086939272604597,0.5671680264824244,0.4644509474871002,0.28281446598399484,0.0937114078606406,0.12012633824173692
10.17,0.3539091258711327,0.4833390322549593,0.5803020763073793,0.8562571553543019,0.8408421117155541,0.9610794270783395,1.2195849169468898,1.2096872381706303,1.1937449979262682,1.2016809312382812,1.4305349753107537,1.4231481301429105,1.399388007333654,1.4778501929720167,1.4581876577450203,1.4684529131086002,1.4531431274911617,1.4090565398963746,1.320837914433825,1.4664129726201263,1.3980921748212336,1.1425873354230855,0.9386873998465658,0.9436722543738035,1.0730074508084861,0.8546239483160514,0.5796407779565115,0.46078377211258265,0.31214285814073267,0.2649878581584066,0.09057953342245482,0.06452044113351275
10.180000000000001,0.3005207516254979,0.4442763473793357,0.5887343956923599,0.815813816688796,0.9071988511446486,1.0369832806842754,1.2415772938810914,1.226825352103733,1.264549148207196,1.3228177998311246,1.3803998466056955,1.3995741714637904,1.4895197146587857,1.4523331762900324,1.4555984145299619,1.5128531608335687,1.4547182270896597,1.5055091068800779,1.3678785560297357,1.4845895397769573,1.3993444665719987,1.2088796321030892,1.0352119200627339,0.9602005045864551,1.0209012543398555,0.8260698805028163,0.5928435170235516,0.5618732306244564,0.4002847096946518,0.21552489625351937,0.10293004163150624,0.13782011919299353
10.19,0.32593585329479663,0.515637120531733,0.6441524415138704,0.8785739230807311,0.9387026042048692,1.0687194894267311,1.1957533434445515,1.2407184331940457,1.2090850308482715,1.2877237696045933,1.31711022311775,1.3644488193361415,1.4853124365889705,1.4162367533054323,1.510081090000684,1.4956281570993781,1.482691746001644,1.4185564955830912,1.3485497669558675,1.3993071163668087,1.3378691871483541,1.2326956328926175,1.0605198381915082,0.98932838495334,1.0762738377729208,0.8361791339265928,0.5395590438183314,0.5652648377962824,0.44967390059274776,0.4233236717839946,0.16173080201837794,0.07396898929959375
10.200000000000001,0.3303346038541309,0.5816095177763914,0.7384665901300033,0.7735930637203963,0.8695545070304512,1.0798166751636522,1.2799243436447454,1.1515718078566355,1.2300516106226351,1.4285004039877671,1.4000208797376381,1.3806936978325681,1.3659316245460706,1.4465166424330773,1.518475253084627,1.5245078602952642,1.4541708668231093,1.47633007592826,1.2340775050517907,1.376723494656791,1.2776825636918039,1.2200122832199234,1.0994708518751322,0.9122276064079906,0.9948290958672821,0.872183342197076,0.5475503709137723,0.4300078978412179,0.3807315918205874,0.1466144081989605,0.05847000649705664,0.103592676838453
10.209999999999999,0.2001011215929969,0.6239452974952301,0.7532285553597298,0.8872441461987658,0.8436004464892404,1.0850647612228541,1.3576934910643268,1.290187519133027,1.2643849384393484,1.4234997019913722,1.3254892022029816,1.4268130709882967,1.4880424321355088,1.441885918387752,1.5448251910353137,1.5927747249929451,1.3686025052426223,1.3935456943839934,1.334519668706674,1.4680446967164902,1.288911649389248,1.1479698668389031,1.0017475654901178,0.9195718640840361,1.0311703539331407,0.6785770355552199,0.4994297997801203,0.4685762684315872,0.36593952497290616,0.23488133551125356,0.16110148677618757,-0.0408207554788183
10.22,0.40934861676371315,0.6064550399642352,0.6062063386816386,0.8438327853586278,0.8986393448527765,0.9862272829738877,1.171328529269799,1.1620337294359493,1.233112476678845,1.3024822397522409,1.3015031307295644,1.4972820784509104,1.5330822783221354,1.5106164695446382,1.543193044684402,1.538366947938052,1.41090925259487,1.4696760613875741,1.3600577609812476,1.4675152679339845,1.4496301641090459,1.2521790957965915,1.0610582457484554,0.9707011513999837,0.9337938148276582,0.8048442846388716,0.5844689657768964,0.4705432578240897,0.43625731853514915,0.23606440239716941,0.03461336372718456,0.035554658922913665
10.229999999999999,0.21953948206571203,0.603897889543149,0.6155667723440863,0.7576946397448701,0.9323674245166248,1.0168187380264115,1.132188613812155,1.2123980479675995,1.2088885163568297,1.3055880274606217,1.3917401443496764,1.4552202881843568,1.483447600504231,1.5252117687883904,1.4803748357269004,1.5574298628505443,1.4747656109227008,1.398519771100489,1.2637827073113164,1.3316755955994213,1.3519619090904518,1.0818288885825342,1.0328835380311459,0.9370994029577001,0.8746259365867629,0.8496873538998415,0.5908089236259828,0.4260962704013721,0.49090607385964863,0.3321658798520283,0.033390930842378444,0.007033318581112414
10.24,0.3895619394851281,0.6332270108939803,0.5963470751778437,0.8616153158300313,0.9607528982745176,1.0776796845808334,1.2515312929505662,1.2906792336929565,1.244963179564827,1.4298689220486216,1.3609333698114225,1.5181100588709255,1.4995068311716058,1.4485714306594044,1.4864023284162744,1.6365760071814648,1.484943299224593,1.4488073384228632,1.3672986429919387,1.403762935337039,1.3748924926889305,1.2381526314815416,1.06155312092651,1.0297587017870797,0.9303090025860634,0.7582718521786245,0.591856370659299,0.5006426485480693,0.40298908692583296,0.19397485466490463,-0.02519731621189547,-0.029318872762409125
10.250000000000002,0.36476523421098705,0.5550811320198945,0.6400750551453979,0.8765149232418277,0.8703408444184606,0.9785742659509615,1.1691774108369666,1.3002348926155378,1.2394900854521864,1.3671295087024453,1.4010339106626395,1.5395495922264932,1.432741477207827,1.3493974427978304,1.3697354410789582,1.504932734465305,1.3983916039654654,1.4663603503721432,1.2640833853421145,1.4439439701739545,1.3570785107014727,1.2539647347212257,1.143265910328269,0.9833494050485079,0.8816807340377348,0.8294283793920996,0.5896816763867498,0.4797380243496105,0.4491375968645032,0.28149041823588444,0.05228907784629868,0.16019967357912077
10.26,0.2609136520569977,0.5617306244613764,0.6295573003822942,0.759569027906233,0.9383950570984668,1.0207556088603176,1.0647485653667048,1.2522413466170748,1.252492490718463,1.3470164744169466,1.442820853225437,1.4567843326527707,1.4327707648481736,1.449843833461901,1.5532211996645924,1.5588761382096512,1.3735065582926949,1.3607470257110144,1.2995447766091652,1.3556664287466924,1.2969542865530317,1.1895665417599544,1.132236574164706,0.8796417011900804,0.9501418100360612,0.8101545007863611,0.6325904486975028,0.5542816471015185,0.37725221004754633,0.201539256951785,-0.015063683683597144,0.09841083395601494
10.270000000000001,0.3453387006056764,0.5044946381733741,0.7493432988189215,0.8928973576009007,0.9313286056760156,1.183617974022191,1.1652968360085914,1.1833444513366564,1.1853688276893866,1.2328821100343812,1.360492262000483,1.4746846116070131,1.4464187110587372,1.4900346695360236,1.444529225057947,1.5261680855518716,1.4537859026147155,1.4773090396374169,1.3189622819612314,1.4708091342935108,1.4691300610025328,1.3346886849245596,1.1044644635687508,0.9381427438866148,0.8924373431789006,0.8498354216284905,0.5777664452414274,0.500807878819581,0.4852989872113083,0.33179495348879884,0.015158528897428582,0.04030311672810434
10.28,0.32553619174689974,0.6907364006549797,0.6646784443412892,0.7565498755056315,0.9563495057806352,1.0568211781974424,1.133165373420322,1.1893667529535605,1.26099684045028,1.4279068067232081,1.4263338155117733,1.462867039126432,1.3683532208425335,1.473785021886617,1.3931906111548735,1.5669479486490032,1.503902036929896,1.4483038594810058,1.3688045809504823,1.3264583364359588,1.3705602222707245,1.1930693553930485,1.0868073861510479,1.0764979926507239,1.060045765879825,0.9188102419030312,0.6308032229478127,0.6107812672266189,0.3715083307669502,0.23429619414984554,-0.01784038208990441,0.01501339934101183
10.290000000000001,0.38621128403908467,0.6912315950898602,0.6379197308235351,0.787741044426808,0.8839669527477486,1.0079883215863736,1.0618186749886322,1.1732519383448903,1.2016463409955531,1.2967728435787191,1.3338843461146008,1.4728889215200158,1.4542928961143413,1.4901163836898177,1.4258031024915319,1.5427747266623248,1.5858536224155704,1.5113768506236334,1.1997705407185455,1.4509041919334713,1.4354801510201158,1.2548669049718162,1.1733442997814525,0.9850729573754058,0.9821469070936906,0.8263121908402535,0.570797351896044,0.4335833096551667,0.32777620709632116,0.23379079834787528,0.04731962784732656,-0.036421902379708854
10.299999999999999,0.31828564351703253,0.6353056331971225,0.6733968502888219,0.6566455457581585,0.8571005220228779,0.9710558208762989,1.0747466407012227,1.2011714492242815,1.2897402522652615,1.2553551697284895,1.3749768178832333,1.4985062198927448,1.5890162305411268,1.5415442784974382,1.514648325649404,1.5111209446714386,1.417343022794013,1.5316003914550345,1.2548597025785546,1.4489505387374753,1.3837519255784716,1.23052845689487,1.1088630600101927,1.0051519608310036,0.895999987195831,0.7760420387420427,0.5880482888054016,0.4678233056457821,0.42261895785220166,0.22702734494456261,0.045435770121812324,-0.04335897999715373
10.31,0.3676097220942047,0.6120309556304159,0.6141236689300712,0.9227744472981567,0.908596849181488,0.9256284485920159,1.0775215987833018,1.2273239798135818,1.2287837062852485,1.3051900910346683,1.288330130568408,1.4363172716813295,1.4745978858211697,1.4711994463702602,1.3974560692729165,1.504064808202772,1.411901700414197,1.453015526790651,1.342664916137109,1.420197288005922,1.4222573519508388,1.3430828967697077,1.2504580262051692,0.9941467090705159,0.952234312477269,0.742464532332097,0.5674560398387453,0.4683374703424004,0.31341564917803955,0.2026641221241567,-0.026972064329460897,0.055323796733863895
10.319999999999999,0.3367640955480268,0.5882998776115372,0.6593974223686302,0.7635901832184562,0.8916273765806705,1.0740270951238133,1.224271492885466,1.3317936415200309,1.2231523849543047,1.2867808196640413,1.4206470856869913,1.4668119565911406,1.3941644150661288,1.465821935366093,1.4754341718668922,1.5543043405297052,1.4799005497133355,1.4470059081287245,1.2986368288331556,1.3230022845888827,1.3485323388248383,1.2310430257318303,0.9751559432401871,0.9203468919543234,0.9668006039449506,0.8649378381909888,0.4860115590653769,0.36763487436714226,0.38154527914986963,0.27756637602687106,-0.04731273238689801,-0.08111514133531325
10.33,0.40191759382315406,0.5789035621183667,0.6887729494263629,0.7228082904574812,0.858084784929962,0.9444830418463102,1.0620427229721727,1.1257706441129283,1.145749234475359,1.2451292809993428,1.3317072919572244,1.4934076855310376,1.4405192310928359,1.4262427812446568,1.5249384112350854,1.5667967337081885,1.434527959660193,1.4645651799854762,1.3017597623745032,1.4026764132098208,1.5669916441580312,1.3250913678550402,1.1497277617829078,0.9862956646232027,0.920957907731494,0.85351821663239,0.6497119753174212,0.3564041998122947,0.4333395059520529,0.2694389778971335,-0.018663268787175117,-0.03643592151255615
10.340000000000002,0.3005766322036606,0.5447434555815718,0.620708916986717,0.7329280241681743,0.9899294162151597,1.0597254471737672,1.0688558981380074,1.1166824801299247,1.2049870839599899,1.3096446984372756,1.467800268998381,1.4185895831868347,1.5339170404167515,1.5031068691337117,1.4544925574846397,1.6138973280403013,1.4311349883842717,1.437651548095919,1.2970968472191127,1.5764852800015337,1.429816401019988,1.175163276981447,1.0601432284902568,0.9010071549426923,0.9414534663214609,0.7890892502384266,0.4596942240792486,0.4752035395545033,0.356075336668121,0.17422246431694538,0.022520770603970557,-0.06769861797547433
10.35,0.42087675519214673,0.5007866953027518,0.6495227293681397,0.8385845586732054,1.0182009619534012,1.0747079720545973,1.1652374703411064,1.2486931247915767,1.2565841734148682,1.2622953539681674,1.296794735324962,1.3496181220430046,1.4750228035518735,1.5324758378689411,1.4237474935650536,1.489765371962374,1.460101520503906,1.4423795068440324,1.3720973585254534,1.5523697242542058,1.3115254950154565,1.1315169103958587,1.2039059092726752,0.9717752754631134,0.9458091416804265,0.9297864292973418,0.6257077328893568,0.4109677230913235,0.4545829422704218,0.23553564161924398,0.05397885189007969,0.041588339548728065
10.360000000000001,0.33076168149394874,0.6418843053975573,0.6618663584136497,0.8297273002198565,0.9001174854638789,0.9938141571062717,1.1299612351446786,1.2243245067406736,1.1078878758006376,1.2655498844167954,1.3314708469252137,1.4481409617898284,1.4540691060000337,1.5063718896131355,1.5207238220914567,1.4934092508822152,1.450383638518772,1.512485327192205,1.4325282809254498,1.5433184456197198,1.2779077211976175,1.2831836946750954,1.2056377487872476,1.0260813581498498,0.8948233404931304,0.7814282188273588,0.5771388337373348,0.3529012471380349,0.38463983374146987,0.2970255975081511,0.06025982598413354,-0.038046512663323484
10.37,0.35771498302349747,0.683654612710082,0.7962458882820255,0.7732154899091751,0.9199997097471843,1.1127036312532304,1.1575448147434317,1.1970096606212255,1.2507908932900036,1.2562490712612886,1.4093733382487081,1.461153087388522,1.4180954916505848,1.5234430322540706,1.4253062557206906,1.578518538441677,1.4468168608288194,1.3998722992056496,1.2395424393056378,1.4060603573689339,1.3681314095544128,1.1638004315125778,1.205642402877498,1.007328437215835,0.9205315760894346,0.887436059327045,0.6756350864748728,0.5466075022783163,0.36332401116516805,0.2877072660781291,-0.08124196234351122,0.006399787654734861
10.38,0.38362326355154835,0.6141353713335954,0.7171350457067462,0.7374684873308665,0.8723890346112577,1.0360938793415282,1.0772404759557366,1.123628541991761,1.223059080466524,1.3429197696986939,1.4123928101869156,1.4408300138844807,1.499593201499187,1.4127447875713093,1.3693307866353583,1.5305796777765917,1.4713735205336074,1.5045034209234391,1.357666842073841,1.5441266671522011,1.3823304126974147,1.4186283346649098,1.2471574348507424,0.9829594325657663,0.9375623002607717,0.8741666760028703,0.6314130464017975,0.4218462080475097,0.31600373528987347,0.32125201186525243,0.08540496352580264,0.03786521897816215
10.389999999999999,0.33967123003925553,0.5959821163065163,0.622816839154498,0.7591397032144063,0.8758774848610011,1.0678215524102135,1.1615153671669602,1.2808483198090956,1.274601162853697,1.280127793133942,1.5013778271076337,1.4661568369996123,1.4988630058793464,1.4785873981529027,1.5062801335653597,1.5827017449012768,1.4078553706310648,1.566276148096947,1.3590692603344072,1.419157611623662,1.3127044911287187,1.2360622107654657,1.1748401441853442,1.0301948880008933,0.9220538349737015,0.7847927441765767,0.5949709068999078,0.46936860486072945,0.4141100757194552,0.24305984889423893,-0.040435888953387816,-0.03838329607975295
10.4,0.37015555328631805,0.5827114684946618,0.6490188914903612,0.6325885307301953,0.7971984007651898,1.055822062100399,1.0835010071660744,1.2021706027916603,1.2582170154196788,1.3413712377658789,1.3647084505694462,1.5142644090951551,1.486411083114358,1.563213407042203,1.4614564855548724,1.6304631573457915,1.5119641269879232,1.481819530033398,1.329591509715334,1.4563462337232878,1.4445491958408396,1.3100075685370367,1.218958452859017,1.0829573311144591,0.8458528881584619,0.7464728268002173,0.5746041889747715,0.47525131245502206,0.3331652797021975,0.21036566641563162,0.054711324072175355,0.04673279221589031
10.410000000000002,0.41144193677187546,0.5906817717545735,0.6914942211920903,0.7525177566543058,0.896245414514923,1.156193029045784,1.2664186531870718,1.2606096094559742,1.2309516994343968,1.283547810917558,1.2520942675896969,1.3294521747321044,1.3430525148953618,1.3666616384469867,1.476985650364253,1.5968800873832465,1.4318155303514182,1.508303277087489,1.3382106025613592,1.5271431973744654,1.3707827230252607,1.2854278856775956,1.1176434545277047,1.0870994894597472,0.9585036897589483,0.8097848715866589,0.6663514363344744,0.4689905532059461,0.3223878880660291,0.3100169757182431,0.03690632352613322,-0.029436155943949
10.42,0.3265485858858661,0.5502743936564287,0.6796090520224942,0.731020918548006,0.8785509657536121,1.0194327621979518,1.142330146002762,1.1107931054729234,1.2883707126102428,1.3950855293405906,1.3313202154939592,1.4015147261044194,1.5347934595466541,1.4538956314065696,1.5015195101750058,1.583987731790172,1.453846202728475,1.4052555638058999,1.367242942242458,1.5479439683561502,1.4235075001752655,1.3366158426925479,1.3208596431111872,1.040090740624199,0.9551138500886799,0.7625873472036551,0.5901260881803363,0.4794465735667864,0.30613690452907394,0.23816929245020643,-0.06631243638392631,-0.09356595226111869
10.430000000000001,0.407500903199551,0.5815113236407887,0.65411917469083,0.7908202166837598,0.8900639418980514,0.939956726727595,1.074250030303633,1.1660015048501204,1.2194423027008137,1.2603274463922096,1.4555984593858458,1.4667921644417423,1.4536694109735293,1.5163013144145523,1.4909296293276721,1.6091162069203042,1.3966189434841123,1.4907440761899806,1.385739655187915,1.482252482481335,1.3369484026712666,1.285076607776959,1.1530954592850706,0.9708878283694568,0.8498291756499257,0.6755854369804948,0.5722083808254621,0.48223153340682823,0.4021695568068465,0.29385698134859584,0.09159991900681203,-0.005295535086910642
10.44,0.3788732510272499,0.5747218517506772,0.6374430607333508,0.8462832401805817,0.9230823354067044,0.9979650766536388,1.072061032336489,1.1348207230673615,1.2242398963420635,1.2602404809112502,1.3439292925769788,1.5014998842626162,1.4579139084003618,1.3567254380354188,1.480244178342916,1.5627269591083217,1.4104964186607205,1.4491528970259269,1.4203399635634124,1.4226598613653814,1.3114512248148433,1.2535739283493117,1.1987729889581749,1.1134064533182448,0.908032217631846,0.8773979999359365,0.7388516333807673,0.49610418440037707,0.41553909020622337,0.12011912966953434,-0.052750401158624435,0.00995161336898194
10.450000000000001,0.36078625626912375,0.6782465995212676,0.646906998889617,0.7587131606769987,0.8205818225321342,0.941727321770603,1.0479001427373988,1.1972091868768238,1.260218932236852,1.3171783502956782,1.418396767509988,1.507483525564999,1.4952053050700655,1.4692206297239805,1.4858373235051063,1.4889211651841479,1.3677454246625855,1.538272238033024,1.387789265695196,1.5105449947922875,1.336952029858228,1.2975999029311776,1.2152499453887942,1.142869723042885,0.9099435750374616,0.8679439762602954,0.66317088037149,0.4812990924448097,0.3579856371501998,0.1515523148826292,0.010042106232294006,-0.07441839495806629
10.459999999999999,0.3680297891609391,0.6289136387315379,0.6418476546853928,0.823262300483241,0.8198804571952925,0.9966022060088544,0.9589550999916112,1.193649402564387,1.254546798471925,1.3639465262904804,1.3933108151624054,1.516382453097307,1.6298986787193779,1.471582746979483,1.514331889749377,1.669677592506026,1.445026785045179,1.5402524466028544,1.381736790518461,1.3458067441290895,1.320571547607196,1.33508481753384,1.2893320464725493,1.022934528594602,0.8179099803773668,0.8464691297458699,0.6195805894373297,0.4593459802694257,0.40763200303335584,0.14567401405538147,-0.0361941139121309,-0.03070209168390923
10.47,0.40759201171739956,0.5435951300924219,0.5145933087240632,0.7468105497405919,0.8025201015473461,0.9309146579621825,1.0189363452853595,1.163024995846029,1.201739088987572,1.343814083709962,1.4077575457487865,1.5648459802541899,1.526518964263718,1.5779213704331223,1.4357212807719226,1.5914356986905296,1.3952508511910877,1.5581290647290202,1.366575701944885,1.4428415465867064,1.3849997162090275,1.400300137632196,1.2076594427860552,1.0159409299915114,0.873349388803263,0.798674110271107,0.6432620460542778,0.34635994026068867,0.2980556851264337,0.172134662038257,0.011749901683485036,-0.03675904603178198
10.479999999999999,0.3777929167203027,0.5834969182387226,0.7234234703831637,0.7120246673900303,0.8782985662103252,1.1224523813338956,1.056889563629513,1.2362470640550298,1.2978094598705567,1.3118915867595118,1.3097119346129684,1.431236155113921,1.5306052099624434,1.5013437308163748,1.497839710989136,1.6150069654874541,1.4715771148094097,1.546563523395986,1.4413984747642987,1.4805905367353138,1.2484717990188217,1.2700860621143042,1.2247696304819038,1.090810433379832,0.8607268944438717,0.8004760589173967,0.662716278090137,0.5437144679184152,0.36924128305120807,0.2023664331357518,-0.0476779310606318,-0.05699982991926781
10.49,0.45671336764610093,0.6134896062832895,0.569075816546857,0.6698595954005544,0.8100818213769485,1.0038936753451104,1.0056754691615821,1.2189487508051497,1.3133494957474943,1.405307702518202,1.4200983498593744,1.4602352066000601,1.565498969163437,1.4972488689200216,1.5006942693472782,1.5158824246130695,1.5708483086330174,1.5954382147937307,1.419429641581445,1.4521225032705802,1.2664335561247924,1.2627265341644733,1.2104664950161088,1.1417578406904147,0.8275042311157903,0.8395869016382054,0.7383002265052888,0.4950184247820501,0.3992169334200566,0.24202104691044948,0.027668186810165186,0.0015267605007062493
10.500000000000002,0.37062855291393326,0.542272925314511,0.5615670791711536,0.5304541711975995,0.7909731022256202,1.0330746054470192,1.0770362392485737,1.2304965908143544,1.31799075004984,1.3396052285750655,1.4585395758766981,1.5276236761120048,1.5574792016938785,1.525842311584882,1.4971915894153867,1.6402275973584735,1.437774872100347,1.505964853636884,1.2954774258557864,1.3493720014518615,1.3172781881245252,1.323091207580153,1.3224583014886533,1.0548878427008217,0.8748504702383182,0.8854421162072577,0.619043660239015,0.4009687270425736,0.37552398600893994,0.23604697016273044,0.10854209430689842,0.025810144187784025
10.51,0.439334345667304,0.5439548755329335,0.5701271809660773,0.7878236196755689,0.9485796430405771,0.9686844576779484,1.0375999320717018,1.2633206832079695,1.2652733235593583,1.3620491611902117,1.4020586605248677,1.483849434931368,1.661273373507777,1.6451914127766294,1.5344315341158097,1.61160768020983,1.5367759458786177,1.5418990828550698,1.3805386785834022,1.4349290953408096,1.2889656827952203,1.4112512703978126,1.2056234715849796,1.1196995289018492,0.7276291735020681,0.7658668620851852,0.6364292425641975,0.4378541632911285,0.4814782891346682,0.1796859241621976,0.0502862183222192,0.1120189761074367
10.520000000000001,0.49896718386795524,0.6123968373196509,0.7396469876078173,0.776356688199125,0.9501263959927704,1.0220287680081412,1.0499026894488337,1.1994526086991093,1.2573149183881223,1.2670912695692476,1.3567967081353143,1.5264740812603494,1.594016549196783,1.4261095612067995,1.5215019279735962,1.6046637705447244,1.5132125487348946,1.559038819425699,1.4888569109425445,1.4371603380941589,1.2948625561611797,1.2506737819305007,1.2018875780298808,1.157935184117496,0.8154244950335586,0.8302317703340096,0.601120731543142,0.42413078275062677,0.31763603125779993,0.03462273471749164,-0.0353955064696084,0.0445438714241948
10.53,0.5201431611024527,0.5279477886395654,0.720606516064758,0.668564528624571,0.767935079935619,1.031354322650922,1.0162388430029459,1.2522156346843967,1.37288550073731,1.4649520930707327,1.3819371764400095,1.4658539501424854,1.530312335658273,1.4884082076363625,1.5457712737103704,1.576836527225618,1.5077600531197144,1.5327886583952677,1.4560560112572531,1.514247993137032,1.2408321327828717,1.313482515229876,1.2327679989979918,1.1543689517335782,0.8790780281800824,0.7229300067787748,0.5858351526939951,0.4295724467349682,0.3496741493323472,0.07109149819799966,-0.0490137505226595,-0.03016502923288643
10.540000000000001,0.34709802833520587,0.5428143657185759,0.6607155311035597,0.6695160521047825,0.9043657374498709,1.0239390147752283,1.0374216595995542,1.1906880774820043,1.344619540534975,1.3654214520793613,1.4470679792259802,1.4790168004192903,1.6978512067258953,1.5657299806405949,1.5821435466402973,1.6674395430646443,1.5314223075850957,1.5337507503408303,1.5106314531506928,1.5141698678295474,1.3034648478710142,1.3426378851483804,1.2169169014222776,1.0908589006941227,0.9497703542635489,0.8475864776159489,0.6839292858727927,0.4426036632774021,0.2940300792623032,0.16164336107415878,-0.08086244221717967,-0.08934038341838285
10.549999999999999,0.3451431079883833,0.5332140272345925,0.6856919226449363,0.663329096376128,0.883825125860286,0.9784943329976764,1.1355779334222051,1.2869889688270864,1.4191960792354228,1.469906304442866,1.5179822831210603,1.630184859647198,1.6837962051530702,1.5457824650587564,1.4576452892032585,1.6024435727831,1.517610124290681,1.5351351709114718,1.5121161809799297,1.4696432301026952,1.2578713774614312,1.345713728673806,1.1687010940502214,1.0339986458828472,0.8359471845833288,0.754436433036025,0.6039789005303144,0.45456322246049574,0.40553848288615396,0.16829213193365938,-0.028156496907242905,-0.1325323051375716
10.56,0.4151984548894274,0.5323758878495579,0.7152271323141498,0.6848383548650093,0.820677242660439,1.0040152808242284,1.0499404460898931,1.2898194931335005,1.435851303690211,1.4454189428483641,1.460147843367406,1.4945145149808712,1.5321209148016595,1.5529117968414825,1.4875137987550753,1.712359037107234,1.5414118542534374,1.5339996761116121,1.5186927387302946,1.4274417254135616,1.2898788226478382,1.3978393589779592,1.1998817644557191,1.0777503738922485,0.7820456041291032,0.8391727436833802,0.6588232832052671,0.4993862639611082,0.4238865185410181,0.1698333185715031,0.05224230420405086,0.06550589016308891
10.569999999999999,0.4086906540654316,0.5143039703388284,0.6685690037155958,0.715855879688448,0.8978233438281059,1.052320704195648,1.0288957205018459,1.2402930505680532,1.324678757387823,1.408032191951957,1.4955014565097793,1.5716736508501215,1.714912537280129,1.5775310067716433,1.624909446734132,1.6040913361484657,1.671424136163235,1.6376319771636627,1.6377932767791226,1.5406931885386201,1.3162479386228534,1.3587696863832306,1.2932663248370868,1.1127451529478234,0.8735571866075631,0.8652230657106367,0.6667281320204468,0.33404462050111033,0.2575227554474177,0.06952125049026861,-0.04577856935020073,0.0424726438437299
10.58,0.41234666629635824,0.5253086430494462,0.6277816518240793,0.6448129349736441,0.8635924888382227,1.0296773592532216,0.943449101460267,1.1747705844745642,1.33702871528647,1.4315559855822118,1.5119652546014717,1.524919706036985,1.6477635590387285,1.7013689482106764,1.5692877583962668,1.544952897674367,1.5600187851814626,1.6246597004659045,1.4918046939434453,1.4310598713095113,1.2488864767231471,1.3312680631040996,1.1710971381898287,1.0579957799622022,0.9631372373110209,0.7167161890059599,0.6718781964669379,0.4301591401956599,0.2727909712070272,0.10752102861737509,-0.08466300072855573,0.022789699521160535
10.590000000000002,0.2881421156790709,0.48232594346855123,0.7323337635329996,0.8013384820051842,0.9515913999421672,1.0290156828833568,1.1538270541544602,1.1921578550586662,1.24870643227569,1.436597694819804,1.4317405684876456,1.5062051003607937,1.6401207759632401,1.6621694009930117,1.6417930772835583,1.4998341077351154,1.671818209760577,1.62773226072505,1.384141525458362,1.3676602242726177,1.2748326670910841,1.3289712176170694,1.2271242814113426,1.1120391491184813,0.8076683489046539,0.7144876363740135,0.6698448176192094,0.388868719004631,0.3731491430005582,0.11716774327829799,0.015141105812802761,0.0358017153265001
10.6,0.418414916440253,0.47515412520071154,0.6674086125191128,0.7092524901341772,0.9074907259010065,0.9665792515700163,1.0305536035729022,1.2476708232487892,1.3226541831578902,1.539118801991815,1.593878883789095,1.5495204755421728,1.5827458861448709,1.7376794280446184,1.6185883573131705,1.6296869862415404,1.59064990983754,1.6235930343300098,1.496945586377404,1.4209846854808341,1.2225667573655583,1.2887021092182251,1.2189718166891323,1.070991730454823,0.837775504320747,0.8136340067981529,0.6988447365194447,0.4619916683703124,0.3246850126102031,0.19498135223549198,0.07369664082189162,-0.0046392651709629695
10.610000000000001,0.36995331152599786,0.5792709742631457,0.6926092081695372,0.5999971007970274,0.9015211496668581,1.0493259714084473,1.0447644587608125,1.154585542227267,1.4291867800027742,1.4781147323393058,1.6437830028384401,1.4926547328427215,1.7224813610717946,1.6592025093252687,1.6220503827026886,1.6586495193697546,1.6166721223809577,1.544653267668193,1.3566155310142112,1.271119631415964,1.2028527244224858,1.3701732001987987,1.232787043035316,1.1076987426706113,0.8428252633566697,0.7213742592054054,0.6643823014510782,0.3955062338386231,0.2869418752595394,0.12887198584156298,-0.07347315718557848,-0.061976570949688545
10.62,0.4206517474193918,0.4863714135545486,0.6347098978730172,0.7221067447808437,0.8147128804615174,1.0487272774726024,1.0264644987208842,1.2606815750147469,1.378326769168019,1.3422100551555611,1.4616163265858786,1.617512436810673,1.6394663572828512,1.616167661388553,1.7047282227693845,1.6980312978672987,1.5815493827823885,1.6342952918072768,1.4438724136873122,1.335775302333248,1.2578450839522008,1.340809765697438,1.1493119514186412,1.1675774618782315,0.7799438822183158,0.8059630095438597,0.7337382632413161,0.5043691706745443,0.3739430377972261,0.1669048298210899,-0.08878063859883448,-0.044022476988855336
10.63,0.36506693787925,0.4234938518510805,0.5582864321563162,0.6861491421935029,0.9444078708866895,1.0595696158604617,0.972256535270434,1.3166256769479787,1.3605735027888444,1.4479359676462003,1.4472718055486786,1.5456042777886576,1.6062149010906885,1.70634977817813,1.7222949251803534,1.6225654212019127,1.5975619925482145,1.58470684697798,1.4101545995464548,1.2849301738619665,1.2502240042674817,1.3584542835233067,1.206595789373395,1.0911395397996453,0.7385199751325573,0.6152430082174314,0.6966526028872879,0.4084368164930857,0.32098685276409705,0.19309418113891114,-0.0058381888019332345,-0.006043691480367701
10.639999999999999,0.3811793310382126,0.544472714096503,0.6014534224753756,0.6734754500653737,0.959390398185773,1.007489056398947,0.930815712315728,1.1780910438419732,1.4097338858359703,1.594987625977676,1.6197706202611117,1.5231792793255534,1.7239606691582687,1.6734506900280257,1.6491952484025822,1.5419911912931037,1.5517336508216208,1.5651652510672158,1.3911944697619618,1.4024921496537828,1.25006527681906,1.3266882248357579,1.1602360588462592,0.97534935605276,0.8467365874917381,0.7409791158213115,0.7100702129580425,0.4654126475236311,0.36872227802503094,0.18770222004311551,-0.16354281701838935,-0.004729763990140294
10.65,0.36932483502011615,0.5689546586679157,0.7067900688726743,0.6767293186049093,0.8813581397020888,1.1618595141749926,1.0324564256433244,1.264294255954503,1.4176856783303413,1.4948827398125344,1.44395673434872,1.5572959873224297,1.721540117705534,1.6345126875472522,1.637474036950634,1.5670250067975093,1.6794146518556183,1.6468782620055833,1.426244753894977,1.383928804375684,1.2117547061364873,1.377056539476749,1.2656821217363694,1.0976927483172618,0.7398602624153614,0.667150569693802,0.6545599968476659,0.4781506743579591,0.3643914220372573,0.10858415201849735,-0.022807857244235806,0.11298186732063091
10.660000000000002,0.4758261956841022,0.5017139770787531,0.6652695862719882,0.6739156968366764,0.9467015209891794,1.170296685270065,1.0409045702790034,1.3041706281178889,1.2371869853285702,1.4011907927269647,1.6345352005600022,1.612601863041325,1.617475016008363,1.732344767927433,1.688817419495594,1.659641137967805,1.5783915139090785,1.6285347934906176,1.4775428790648069,1.328053051424455,1.2183263728907479,1.3660731295613053,1.2125474067475426,1.2048275925107417,0.8610175725551478,0.7712728030712938,0.6301360128197951,0.45830758563281104,0.2805116219194419,0.0952991480692935,-0.02912737288756244,-0.06871760927411298
10.67,0.4072613129350269,0.41964265667905043,0.5896413044077398,0.688317518648408,0.897137685226255,1.122099872043953,1.1023838998158957,1.3860810769329155,1.4645778732861334,1.4762255044518733,1.5875647456928974,1.654835272246306,1.7241790507100636,1.755273340310235,1.6381426583727574,1.57053300006745,1.6038477894495313,1.5595930552995503,1.4552023116281598,1.3533113925483615,1.1636511837353654,1.3557346790973233,1.2397582022413618,1.1252570438768594,0.8571470750420617,0.8001377524947659,0.7756477072961604,0.4187442702213998,0.42570348432025873,0.08131788290873955,-0.06542887660604035,-0.02157064991949404
10.680000000000001,0.39834528377782646,0.45144348476717094,0.7110520855863179,0.7292855688579228,0.9120918799534292,1.1071966609040724,1.1139434229565623,1.3635448331840958,1.4230791955818665,1.4992610151977295,1.4978769117848887,1.6085104270289834,1.6263610540930076,1.7028395711757942,1.6869188644226698,1.6044079392236177,1.699543244934849,1.6277062310809831,1.4401088857331767,1.3254240743082166,1.1951873686141024,1.2578265468353778,1.1011246244887443,1.1205777337913736,0.8004422598699018,0.7090891616705739,0.671608315592348,0.4194386726619136,0.34435672812925483,0.24032490967679854,-0.08530135348148096,0.08106329868376877
10.69,0.23997029071258777,0.4821614070086326,0.6970920141382188,0.6810047206680343,0.9467441753683632,1.1538953039491666,1.0302340098015685,1.3573809282015565,1.3726748157889992,1.4602780924833045,1.5081660330063653,1.523588212372686,1.6612529745040048,1.6830485982356755,1.710375939495981,1.5718697634126975,1.6449448819646981,1.5927482283530487,1.4847667785273995,1.406764979724929,1.1903077979551875,1.2777285086285075,1.288412154981147,1.1832433750550242,0.7151535460278114,0.6780028826900479,0.6730940597441706,0.44439243722416805,0.2789907481391685,0.1042048771617109,-0.0668462916744952,0.07341920496672374
10.700000000000001,0.37942351663049706,0.40849691451540715,0.6782708855292028,0.6322612011557367,0.8401057432928118,1.124418090514096,1.0620386574566192,1.4321323035153313,1.4824035125106398,1.4925904972991257,1.6157533036166294,1.563391567101643,1.6165643836145054,1.639226038831627,1.633815981213057,1.4987372233127472,1.6233548161971203,1.5268741835235062,1.3802181079315505,1.336740905351484,1.0915019141970317,1.2342376074932533,1.1575391178029162,1.0607421355654336,0.804121169696473,0.7488795291826961,0.5924470172520805,0.3972749027099648,0.44152068846402825,0.11051369157844329,-0.14824774254355688,0.054453857378426895
10.709999999999999,0.32766372714536807,0.41991843268692663,0.6735465678344201,0.6549500333401095,0.9089127357898188,1.1522091769637677,1.0971486730482676,1.3339537954857223,1.440616153303365,1.5286500295492222,1.5756235514099157,1.5808783508480915,1.6829546869018417,1.7795093982966936,1.6359191754306952,1.4556775774832282,1.6659805055909385,1.5885893001572975,1.3283490887662674,1.1886555358617947,1.1920532698441144,1.330676855490626,1.1401351324958,1.0358939728643746,0.8378907559053709,0.6030066399421966,0.6529643681947095,0.463072225163222,0.270600534619767,0.09157365189210134,-0.04244537347778569,0.0032334003874110936
10.72,0.31277500268119995,0.4395644879827708,0.765602273865041,0.788501156360094,0.9521332455244431,1.1902604835432307,1.1431407028424374,1.4028289574173018,1.4255133337836714,1.4354524782048994,1.5736814632666156,1.5813498392550227,1.6279151670873435,1.722235744501635,1.6907707063361617,1.4437468672096054,1.5869008815318155,1.5825210669145011,1.49639089131594,1.2527494776398547,1.1875932311747075,1.2704340030185977,1.0920578614156742,1.045695839855914,0.9133665003677084,0.8807638127733236,0.7298180083741077,0.5584221974770026,0.3622449035106527,0.14022440383305193,-0.034848955688726486,-0.05844323417145863
10.729999999999999,0.4228320905310158,0.43717943187731134,0.5987919965444136,0.7726864352079201,0.8666141300303856,1.0740783310918787,0.9864662707808077,1.265625172615806,1.4752652932623973,1.4856898268918806,1.5460037398081707,1.6440849918743394,1.5671424797259634,1.6228094370149486,1.7082676150138654,1.5482142260384033,1.6791547835182172,1.6142588798783222,1.376370762864982,1.1869883012696505,1.0778997683810183,1.1611759106370063,1.189578742782686,1.1417845633119035,0.8364097917919929,0.6997266739836144,0.688657590744815,0.4764986367235463,0.3100963309288335,0.029393252535667307,-0.03188864378421394,0.084306887795225
10.74,0.332390121229642,0.40877104919488033,0.7071458981680668,0.8009180593218764,0.8927949786679734,1.1613098500841905,1.159837293711777,1.3380885477837017,1.446753145565112,1.5456711563035272,1.601076688390315,1.6174182967489912,1.7319457411815642,1.7334270532464604,1.5880767896905266,1.5506774867166098,1.5834784777213062,1.522383286304775,1.434197196600569,1.225538028923839,1.1511190373223523,1.233543956012035,1.1504582759683017,1.0714676331856638,0.820994376370304,0.7174166215210094,0.7721245544581713,0.3704979466091259,0.2627277872962538,0.12401649252363935,-0.04616617323166845,-0.03373036468116407
10.750000000000002,0.31960248930414725,0.5030888222426652,0.6768937518277125,0.7551959018348073,0.9517006467581524,1.1671153429543806,1.0891507039008632,1.335995434698613,1.3890918095100846,1.561245255909495,1.6587495226836282,1.59974756201198,1.5860188036701774,1.7019495038469086,1.7379609532408453,1.5225131590945074,1.6913318461293192,1.509954852983932,1.409911439831225,1.1587016660799219,1.1343245999891467,1.1477185016071987,1.1324621051451238,1.1464392449050245,0.8928742240243434,0.5340686007821106,0.610628435362966,0.5652494447551567,0.43629419258315777,0.153954173680989,-0.06168838778611905,0.10516055194062218
10.76,0.31616314430000114,0.4002586905816802,0.8022274388418709,0.876518666353198,1.0467348656980235,1.138654459181685,1.1221179904400116,1.4107445416814721,1.4367997892728275,1.461285151072853,1.502886814034381,1.6061686255804553,1.6367148302150167,1.740239637351885,1.7057997716492863,1.4634564156866354,1.5051934411838388,1.4807645674610974,1.4491396327065795,1.1765647516150892,1.0331994767333792,1.2029704300571384,1.1605602768011773,1.0600650957654403,0.9060562809928427,0.7133971496482319,0.6989548159383,0.35487366672688186,0.2606229377248274,0.056848613441174714,-0.0728683207071735,0.1654802505694018
10.770000000000001,0.3970058582437619,0.5442313508130071,0.8227319756434089,0.8145791248687657,1.0164744218073047,1.1828924355022075,1.0945604897466072,1.4005157698240185,1.5255596242439826,1.5630786709453963,1.64951599357581,1.595611556743069,1.667612854157565,1.7041289399556727,1.7413949332660645,1.4894417590148703,1.5786295947208422,1.5887931861869597,1.5451631456347872,1.2544379578243343,1.099600766642638,1.2332188863480549,1.1264546605074923,1.0398979893058908,0.7624031130605521,0.6511809680901984,0.6672900830856997,0.4611420388184161,0.338585287211218,0.11234014274272824,-0.029102869906099046,0.02456737518193798
10.78,0.2783773519691063,0.4116383198843629,0.6984918166379537,0.8271507283543552,0.9893625810041773,1.2085332258479113,1.1038786674930194,1.3185663734262585,1.4418491680068628,1.5133057066247548,1.568879685966263,1.6566690069729764,1.6463630874893136,1.7195656137753912,1.7081856833477462,1.3482997338301321,1.660402603959925,1.6249677586762619,1.434460874197874,1.2227735849809058,1.0861139412448693,1.1221111425665977,0.9974999334377507,0.9701637139156895,0.8033984942234883,0.6583851983982603,0.6583978334608762,0.5269945537622469,0.26082826299792633,0.1362375674890555,0.0461235268831112,-0.03919139614770187
10.790000000000001,0.3483488197071196,0.4278735793537545,0.6995061506128951,0.7050053771620781,1.0098880199136275,1.111513130263834,1.0769558660345615,1.418829336380836,1.4835429812368397,1.541699222852709,1.4916296419171953,1.5575627599990642,1.6089517564050497,1.674812829516427,1.6753635512233354,1.423110993182694,1.5984451038308036,1.443483427600036,1.3859534685618353,1.1035291006837002,1.1124000084230277,1.1231477891285226,1.215933517409299,1.0690830075574658,0.7491235541886277,0.6546852662055248,0.7053765226309094,0.4737515356914355,0.283792733864329,0.05781718993729127,-0.032882338355172507,0.13105283622588537
10.799999999999999,0.313728484374169,0.5287383106934797,0.6795352147407561,0.7918751862817786,1.0254292591310188,1.251841232053952,1.1502813677913628,1.329544209940472,1.4761359687069948,1.5019111859213476,1.4989712356318716,1.6935867021979196,1.6051380833336557,1.6531497631639942,1.6748456960727722,1.4807679862825958,1.5588477389285338,1.5558095963335377,1.5370267731831733,1.3636893327693178,1.1074068200877274,1.1925252733426677,1.1206499378339791,1.1078756578625282,0.9317499732824487,0.679099421476578,0.6528175501866461,0.4644966174575118,0.33372197398081227,0.10400783294340407,-0.0016717837879599538,0.07405112652822476
10.81,0.44594381784318554,0.4763268544668424,0.641828250371097,0.8224900104910722,1.0696781852855202,1.2205793611075424,1.0871678293560505,1.4533977307832049,1.529086454374175,1.5166343551187624,1.5100788924349344,1.6268172897405477,1.5575777221705658,1.7370782508368545,1.7156440813248643,1.453568524043858,1.5461800253220215,1.4504809577662245,1.475049660901186,1.2177154197914661,1.1597159347429886,1.0762277020141695,1.0845094495915055,1.0435069908221815,0.9124557599316647,0.6382570070160042,0.6224966085158188,0.3856927300542883,0.2996328372889042,0.1619190024313943,-0.03706673728802887,0.08763355094692668
10.819999999999999,0.42382234860331375,0.38393099461924807,0.7181642082752143,0.8205011598353625,1.0512833154124446,1.203236533841027,1.2238438167842995,1.476278395893145,1.5088665386276352,1.4940761058316763,1.574231936674594,1.6269686372416081,1.6108808276610438,1.693059747570689,1.614297467607747,1.427528253217863,1.504960920675253,1.4494594518752615,1.309605885917307,1.148485388316042,1.217901921970834,1.1389118493742372,1.066510964154772,0.9465108253600164,0.9078566333136882,0.6959966367874917,0.6956077821240864,0.480967493840661,0.4175756991539607,0.16905804748396155,-0.03217212949921298,0.12775800399621295
10.83,0.32009226700826676,0.519204416775452,0.8154865608975561,0.7757785736956117,0.9806541378794493,1.2174542147324967,1.127099999806179,1.3649313248018144,1.4313373612258786,1.602941882700613,1.5974880603762953,1.5729434470217063,1.5755935767706057,1.6553249454302281,1.6838391610089531,1.4676827475915433,1.490566898690846,1.4448262586937555,1.428065411094611,1.34226794652061,1.1805137067201352,1.160126419793725,1.1639598512602352,1.0277052448065913,0.8000915818419218,0.702990058387243,0.477858444884771,0.37615039840670583,0.4238182090040934,0.21054457728700166,-0.04561276080212182,0.03752619593239258
10.840000000000002,0.13705533404809203,0.35239904159356183,0.6782874159363055,0.7714698659440771,1.0134892101694115,1.0336381078418841,1.1195392056551172,1.3114118394850884,1.3698726106183954,1.5084336370750104,1.5327404833187122,1.660519914866177,1.6441093934024311,1.6955590816720825,1.573366877022595,1.43051202158011,1.6148535615309716,1.5357025331269032,1.4505469374152067,1.210308615400484,1.2441230325510815,1.1861074216268406,1.0724358458061107,1.1339590802520523,0.88557314896484,0.8008167451984586,0.7558474846295825,0.5990076244918792,0.3147294143469771,0.11098291644559684,-0.05354804858428514,0.06347592460289816
10.85,0.29580926231693155,0.42198521430124986,0.6786426532540527,0.7130672477364317,1.0444997283427402,1.1845320780235995,1.1027793996443793,1.222408488011053,1.3322743051330745,1.4611177907442143,1.5940078083210785,1.6440743340758937,1.5259747343477348,1.5965203832608932,1.5664982604719222,1.418140302170306,1.5544763181688759,1.4292441451233562,1.4754353732440257,1.200026204550587,1.1541549290493354,1.160947163668684,1.075670106726892,0.9920139159669478,0.8224039530886447,0.7246123218576008,0.7254133396741761,0.45812921155737785,0.3365870903916327,0.07181505624439706,0.04360926780899765,0.132820991784949
10.860000000000001,0.3932555887156936,0.5168245730492227,0.868585733663479,0.8363794630001204,1.00933291540212,1.1297718733877988,1.1548247542114958,1.513658454910198,1.2969747682684836,1.4705676249353434,1.5588771592065662,1.705996973195641,1.5485425409749505,1.7392325286718051,1.6677961512638793,1.3614755058915922,1.536549318855443,1.4885199987651374,1.528166582620274,1.2700522541023278,1.217840929592896,1.1304859240619802,1.0702022792043522,0.9840455876441315,0.9060447361641432,0.7366334346845482,0.7001700502105358,0.5276058014968894,0.25091060153215217,0.16490211310294653,0.049031898252721716,0.23242820886251503
10.87,0.3925878012861602,0.5136463452613401,0.7060598482550104,0.7684477559865014,0.9806893524117484,1.1169214303268489,1.0781951466654769,1.2481929431016467,1.3246124562149015,1.4962529879662914,1.5706516850855827,1.6047915353245337,1.478679258051352,1.562685647829417,1.6087879461637316,1.485871837360488,1.6397513615462713,1.5028660833677998,1.3901076300656863,1.1995987686464373,1.2069246751476215,1.204029654410722,1.0716687455706555,1.0130436157325853,0.8755416373439979,0.6742734642207855,0.6534419770271549,0.45899090335604137,0.3358270826175929,0.10261350258704807,-0.08631426327749164,0.16083260920834735
10.88,0.18569661225365972,0.3642092269907963,0.6945407567765824,0.8475980051421612,1.100066230801932,1.175739441148118,1.3080014818965857,1.3497265129184342,1.370844285934184,1.4786624024983466,1.583205268560559,1.656486949796986,1.4687314231169035,1.6586063505610629,1.6087312981163515,1.3973351549827258,1.6486997529438807,1.3922080277697075,1.3984200428297717,1.2791013508309057,1.1763487506100203,1.1026332856924597,1.1430763973231524,1.0109356768141653,0.8966157273467606,0.6643526139009187,0.633654918998852,0.49943360128430503,0.3006040627466935,0.13576641713992377,0.004440676920005776,0.0806712464289216
10.889999999999999,0.2619422006194455,0.4690855099408122,0.7810890348340718,0.820951367114138,0.9652826768252414,1.0726755519740816,1.177620327820874,1.2970982286517114,1.3953164378108216,1.4993293056430854,1.6197119957118309,1.6705450018099672,1.5056504419493844,1.5751440920914817,1.5268874594571793,1.3388904007779623,1.5481366938705579,1.4399929300855896,1.4215431494284707,1.2383772881126667,1.2249745079835432,1.0882410659163546,0.9440132918985128,0.9391325406605059,0.905567685268869,0.653543964447996,0.6305047263916664,0.41360715015089683,0.3904415996056948,0.2094469540108705,-0.0511434566173635,0.013990179537771756
10.9,0.3591793810977515,0.4004581682388887,0.7767832744608935,0.9236535419648992,1.0533107949224405,1.1585310480617959,1.073932492569652,1.3738730717031586,1.4184867832664125,1.4632935204767588,1.5493615609587845,1.6440118556203036,1.6282259296361166,1.6981474062108235,1.6000582570982846,1.423110142121549,1.5418716447962615,1.3447640557988711,1.5104755644091605,1.2218554372367758,1.1117997106343445,1.1385117798470208,0.9714654209720237,0.9742556663341685,0.9737846878002505,0.6885384089687,0.7018688697453993,0.47409314937707253,0.2818914881270179,0.006703543457570325,-0.11563840222247618,0.160967422553215
10.910000000000002,0.21032290889261682,0.5021187523766043,0.8250065371004354,0.8488581998652673,0.910819547114353,1.112276446815019,1.1664910337518348,1.2597999903206154,1.4117648195561,1.5031174873476172,1.5739739321001613,1.5445044978924232,1.3600056266917908,1.5051658324309403,1.4917607065751866,1.2820658788432184,1.5283257988783014,1.441801679388782,1.5148271014842232,1.3043172235042937,1.2145080799251002,1.078036144130679,1.0958325747110758,1.0155233745252654,0.9208490337064374,0.6462240613999398,0.6492128136325975,0.5162763340251465,0.38110147234062886,0.16931586469928794,-0.03255536945657302,0.07533977911252861
10.92,0.225181252089945,0.48918767216796255,0.6855902856479271,0.8271190750524694,1.0731604367221468,1.1053535984911078,1.1852875786550243,1.354136729081435,1.410365257905884,1.4374088593694296,1.5638973990057856,1.547305987523373,1.5480104076923733,1.6109924285137047,1.6928459838967311,1.4305676566466476,1.476958760314509,1.4055917218484664,1.4594881870138185,1.263676416440132,1.2017650653400596,1.033430437612372,0.9401772805666097,1.0112356447010906,0.9599821000344413,0.7465491387652669,0.6423137076572375,0.48783862614822415,0.3088094980394654,0.11659307381262156,0.00480872660143658,0.12773378159602278
10.930000000000001,0.33963140587339,0.4780694249060964,0.8639294621227238,0.8971991671928888,1.0517107806980994,1.1200403586706194,1.1679299312850224,1.202325570234173,1.3540964944833456,1.4511427683799873,1.5283314589258679,1.5299687312554224,1.45557331658798,1.633083787842045,1.6226194420034936,1.4165877383534613,1.4717654434866425,1.4242047090156489,1.59707745082405,1.27264240802972,1.2740552280903146,1.147252587612969,1.2017250613391373,1.0150030705398858,0.8921594573862577,0.830318415831014,0.7397973182765729,0.545556155417585,0.31919031606680287,0.12249507674984458,0.041568225726854806,0.17712203552720598
10.94,0.3814086647515638,0.4934176982671181,0.6567212029909774,0.8339771551133769,1.0434522748660209,1.1206956438441231,1.1359236270097421,1.3026443133501262,1.440926098662736,1.5459603539626583,1.5314552490099687,1.6413629163194794,1.508946734098012,1.6144094553089312,1.6059744269420273,1.3582608729384509,1.5499898968038401,1.3762487308732338,1.4164924966495431,1.279909836517222,1.212383194073136,1.178310041244257,1.0956221353893325,0.9580131925127156,0.9505589496465459,0.8022152440862923,0.7708249270384899,0.6217345374960559,0.25339250373406397,0.03408242321438644,-0.016853956381228274,0.13928167941251632
10.950000000000001,0.309234711076647,0.4821874973756248,0.8128236323420347,0.8663097997881121,1.0319427095976519,1.0196722757145913,1.263764124181339,1.5463988410163105,1.466471438109303,1.519652552628916,1.6156525712979721,1.6111748479017696,1.4271628446556919,1.64264581507405,1.5787505060396103,1.387502984173713,1.4566366505997872,1.4302699937664778,1.5372315322318113,1.275832802915293,1.2249109701150056,1.1347885415164765,1.0337703046679543,1.0871694107938843,0.9941954088149978,0.791639088993824,0.6985945452185128,0.6830861653363711,0.3189766137022021,0.019999533829794327,-0.10592934687888525,0.0861128509629224
10.959999999999999,0.3195571892456657,0.4334499016567668,0.6025075576990273,0.8315046907509751,0.9974820514236042,1.0738276483069984,1.1732334262429802,1.3419127499393455,1.358969156015116,1.4961126410057937,1.565471341650585,1.564962271563207,1.4607307284817688,1.5296500930127181,1.5832933499645836,1.3271439106677274,1.4677055623085231,1.3599274279960483,1.5346845571821923,1.1986119098384902,1.1685009847918584,1.1173963765451707,1.0019500516856557,1.017168296257614,0.9757155538638843,0.7610203854226462,0.6688593688268748,0.5271155697772152,0.42701379725897204,0.2619357237776229,-0.00912772590985507,0.17529472176618272
10.97,0.2720816243015352,0.4711733442057207,0.8107694233506708,0.826512065690606,1.0209856768401178,1.126018826099113,1.2595987076418935,1.300931291953077,1.295269267335776,1.475753324317281,1.524431671429126,1.5812574677344147,1.4629001260296843,1.6970488465479565,1.7038564021248002,1.4463554413586055,1.5548417342665233,1.433040668629655,1.4597069417543924,1.2254527526578467,1.3046502498082544,1.1736765184423985,1.0452420855692894,1.0535543742067304,0.9808255080428088,0.764901460043165,0.6455294504755744,0.53375602185412,0.3264497077914985,0.07166602887773393,-0.05412565519031616,0.18170858427731898
10.979999999999999,0.2451740914027402,0.480793127896807,0.8194365852321608,0.8500374931283533,1.0447097107383159,1.193680983465026,1.2086606755045899,1.3453031905745252,1.3473394417983762,1.4751820878352522,1.551057718283145,1.6212909545463612,1.5491363259401087,1.6262765057450708,1.6373956209877527,1.4904623764049159,1.5437933095804603,1.3649021263501118,1.3857323380749282,1.1854325410711268,1.3061566550113424,1.1285040560302273,1.0418794727795897,1.1035434657095335,1.0828120095171088,0.7842732177001845,0.6012655094802705,0.6522757864437958,0.32033239966292476,0.1606437386901433,-0.06788864393655651,0.14935135424295662
10.99,0.2519409501181368,0.5227030491215917,0.7950552095498564,0.878010552088734,1.0311263969513695,1.0874101262121165,1.1722387055254238,1.3879980051152938,1.4364655304058271,1.4646444497626376,1.3927869351101052,1.5859801202968322,1.540592487755528,1.6295602057373015,1.5292739671715878,1.400505914811324,1.5520444404767892,1.5317095130060268,1.5334746241004171,1.349968077370726,1.3736307851447094,1.1491395066405194,1.1144307130282758,1.031258624254576,0.9842070525906601,0.7997345271780496,0.6882513127215724,0.8049935119269764,0.31075165723654385,0.18930832682229265,0.041158602660588475,0.1584320074463281
11.000000000000002,0.2522634261369991,0.47686805386963194,0.8040466942219748,0.8902309007844845,0.9477784203203603,1.0591150140292886,1.226255870189823,1.2830188670005291,1.3807120665090866,1.3747742167049979,1.5208715045428838,1.6129382267405217,1.5344222774217564,1.6349573747836903,1.5962356413115788,1.382416800379714,1.540812883943235,1.5222614993816235,1.5031437151962952,1.281017910824483,1.2544552855706104,1.0592123540534741,0.9926779842394915,1.0465064882904607,1.0424781418320272,0.820214445348865,0.7149803280935423,0.5800778250392365,0.1952499131706547,0.08599640615616888,-0.07394876943110588,0.1513008945871676
11.01,0.2635711386104139,0.5208591474749638,0.7205154177724796,0.8564221120258215,1.0024799982119001,1.0340641634125267,1.1653174780935776,1.2082546933502205,1.2512236834428625,1.422768540810445,1.4850428613258453,1.5405881147914535,1.417279028898876,1.5591884512385727,1.5494960721154265,1.3708122650432957,1.5234806535953795,1.4227484967301602,1.541897880718658,1.2511695990877953,1.3305195841868322,1.1356908370124226,1.0083095986391237,1.041880094043826,1.0519895135668018,0.8836315750911903,0.7772922693278999,0.5229441193382964,0.24929974289693574,0.24748546882568195,-0.05382912974268109,0.06832051410653125
11.020000000000001,0.3517634948920448,0.5243561589332275,0.6955332656236749,0.8615416403732142,1.0011691195590253,1.0609489855941023,1.2270750182230903,1.379610726188124,1.436213658034729,1.4557859820264802,1.5242633475548195,1.6024174507405,1.4519298238244898,1.559836340716175,1.4867096833431057,1.377755319248846,1.5936731539589784,1.456208971184954,1.4654853943924726,1.3612617767578126,1.2190939236282399,1.1630820681038145,1.190152659485539,1.0058580482102393,1.0622121151959243,0.8297385511745455,0.7099567607661779,0.5917849266286475,0.32130326766763284,0.18143974657269218,-0.039647860303781673,0.16210534831118711
11.03,0.35151404562818916,0.45933209335092545,0.6838331306808049,0.8470450774531285,1.0026186196108302,1.1156690636011075,1.2538759625535105,1.3714860360049554,1.3601271215830835,1.4645417645459313,1.5004847970981074,1.5471898258570729,1.5023109881647638,1.5222624817386115,1.5024660390808509,1.3825832833493403,1.5241163239843816,1.4099149959295936,1.4573733315784423,1.2757723841946151,1.2532882029453032,1.2034822095186866,1.0846737216077005,1.0203108986992069,1.0577890398884182,0.9020392180048066,0.6540902729725062,0.5512564006879874,0.263413323765988,0.12280047431048204,-0.024609236249698716,0.1539396735889896
11.040000000000001,0.4033474067510337,0.5458942946924231,0.703277871787582,0.9054486608123015,0.9893953651272134,1.1308082783180626,1.1720740957625444,1.2874015695810586,1.3538152879330059,1.3457391537504813,1.4966020836221745,1.541174372907656,1.5078219256333727,1.6585213696131405,1.6785206553960021,1.4163929218812508,1.5049516511321985,1.40310730815205,1.5362843471187315,1.2817536313112954,1.3244117483725937,1.137777624719011,1.0287529973213982,0.8963877838259462,1.059568988346629,0.803909176917372,0.6681845586625115,0.5868380621516159,0.29355127809930937,0.26440869335637973,-0.08476064441520367,0.17470049909063223
11.049999999999999,0.20687279039070533,0.4746218407774441,0.735188909867002,0.9776821825509866,0.9644751332389977,1.0873409344181892,1.1557313401864802,1.2627374414359347,1.331861483107448,1.3332951668176811,1.4831255680859003,1.4990928078131427,1.4922858425522598,1.5612358331351164,1.477117895103253,1.4582706460483066,1.458817535558686,1.4426559304589026,1.3929752195732026,1.1984131939454752,1.3582991698009754,1.1802383140926278,1.0573556813299816,0.9114195138982277,1.0140877723108637,0.9138006578500381,0.7885942250347276,0.597709813846517,0.3243485048928831,0.22615700698757996,-0.1684858419172885,0.046345635593481996
11.06,0.2242857584082256,0.5273153842180145,0.7986588450649794,0.9202439315865071,0.9200366718690723,1.0530303227420421,1.1399784493644953,1.3251001051236218,1.4017327914105464,1.361568614549154,1.4412303033422482,1.5240633495489948,1.4280803848019175,1.4939645745589503,1.4465211813623773,1.3814426773790776,1.5186675787639285,1.3979210574390335,1.5166068187696706,1.3940894145475147,1.4582630886478305,1.1870869796324839,1.1370401451345356,1.0124144452859405,1.0144089966784946,0.8541269137139923,0.6444764161784045,0.597397156313099,0.2981874311608797,0.10783998651880948,-0.06723402509734273,0.07669504740578291
11.069999999999999,0.4468818386122786,0.47586125559424436,0.7665252037226067,0.8922367129654345,1.0125553903297748,1.0008673703762867,1.1601371969039298,1.418616837814364,1.3509453489769212,1.4398240575964425,1.5212207405996239,1.6207297709160429,1.4718808810929,1.6770382034938762,1.5822790790248806,1.495271837495905,1.5163881937810864,1.4429815711950853,1.4690326092219765,1.405634309072631,1.3721471599815709,1.1579329874352924,1.046950848058252,1.017161173139952,1.0804575968840597,0.8623390582568179,0.6796294957690578,0.6059070604004072,0.30501021001704814,0.1257827273961114,-0.015919043551924594,0.05674334350888622
11.08,0.3138628283939254,0.6392570179018501,0.49459753477166857,0.8416623198542761,1.0602239031495466,1.1458423754644458,1.2300352975526474,1.2917201838659735,1.34393961357606,1.4372323500363253,1.4855150701028577,1.4582028483125744,1.4293179177646986,1.5182314753445354,1.4890949846234427,1.5168760629512699,1.5163397657911464,1.329352738707808,1.3695509383925017,1.21904924193349,1.2778261735852985,1.1998603286926586,1.0535996202289384,1.0145122165547842,1.0661805173322998,0.8694626603868373,0.6417799995033915,0.5710227950044319,0.28460170680633357,0.18287753744397506,-0.0720121958429735,0.16519610047521996
11.090000000000002,0.28232128851582217,0.5717529375207449,0.7043853722216343,0.8766917149496531,0.9753942417118282,1.1253583651898635,1.2453976481204463,1.3976777733654036,1.3365868686248454,1.426468297680596,1.5804794105775932,1.581466522737823,1.4293630967887994,1.5718467968442775,1.5604178035078746,1.397210930160989,1.454214220899653,1.384043947315421,1.451907776033181,1.2814027653601299,1.3661459153193731,1.1002521543564745,1.0027897748421224,0.9791994391454976,1.0302883401860436,0.8047967262043708,0.7969333509064505,0.6474923323276488,0.31041796284971745,0.3024691811819782,-0.060281204497998286,0.11550223554820419
11.1,0.2620652445968586,0.48866851775085807,0.7611280083606052,1.0345324402397282,1.0307695827634682,1.103489879385519,1.2576926272992517,1.3061008304451351,1.4246099740719878,1.385562736077536,1.50934652297142,1.54271057308519,1.455514728740434,1.6103848220998858,1.6475625206979498,1.5512069252251186,1.5925960219956121,1.4464024953889576,1.4526632645406794,1.3065668282776153,1.267658173473844,1.1087570620725242,1.0606199132170264,1.0007244935145494,0.9752453473167884,0.8476218191542874,0.6118337228457927,0.7098973089152972,0.33547856096939893,0.23855836931736019,0.008963079855189515,0.06504871218139094
11.110000000000001,0.23860670786595864,0.5120890698636112,0.6046879005289274,0.9825466967629066,1.1223970990329284,1.0799372760574009,1.2323331822096044,1.390754538298534,1.3464465013008535,1.4444301866878353,1.4974389341639451,1.4863174828846253,1.4240526668254996,1.5921307887376497,1.6507232021135352,1.5213797496650523,1.5337869889859943,1.3742238892201986,1.5430041213905665,1.4474214547830573,1.386166250380945,1.1560829907301118,1.0426669927752323,0.9379024734489713,0.9739644581095686,0.7737680566720297,0.5823072833778583,0.5786645666072403,0.25388488050800023,0.1783810918786114,-0.09374773353902106,0.1273738150210444
11.12,0.24488945842577428,0.49673619137155206,0.7295308266009198,0.9374895367228813,1.1414705297877266,1.0983273210211804,1.1866241117954446,1.2742856755078766,1.3465585041168515,1.3962283728817926,1.4622588408456516,1.396123240107424,1.4203925048936958,1.527441910367009,1.5354586661783534,1.4478678215549556,1.5352157272269837,1.3592037873384353,1.3641825966729808,1.3812102377563447,1.2700854718540109,1.1969937754624997,1.1067940249838168,1.0399225766611013,1.014439767699908,0.7614049693902514,0.6512681723464043,0.5840503398482587,0.24377768054394763,0.26052877268463287,-0.03482612104122861,0.07664140701306969
11.13,0.3176399274019738,0.6442277498728681,0.8533101780607507,1.0217812983584753,0.9895312429072303,1.1730714010086625,1.2454557123730348,1.1881529412900358,1.2960004344383986,1.4234206525484678,1.4445417736980535,1.5337157535024892,1.4820136389309781,1.6457629699673695,1.6068515821697313,1.4950943738502216,1.5105966499893086,1.4250811396216125,1.4238245451858753,1.2808240566428044,1.319468529887592,1.1614334734602254,0.9614774263149136,0.9213954920980579,0.990807314532457,0.8512102663764625,0.5941656267585765,0.5539843725572945,0.26497843453889575,0.19147481955478382,-0.04484809819281448,0.06966558247056237
11.139999999999999,0.30777943066368385,0.5998636754721834,0.7894754019734331,0.8726305646334931,1.1138706191703025,1.150025429197704,1.2432611208422315,1.3117563734784654,1.3955563262375335,1.4594267828327323,1.509050584875472,1.4933911004248792,1.3869433265345046,1.6831663792763,1.5847583178745306,1.3758768163865842,1.5135826322983361,1.300649421672383,1.4225969370088851,1.4094963031552008,1.3430730998233114,1.1453394105573125,1.0772431700948706,1.0026176958196238,1.0430468886964634,0.9087689501127847,0.671681236448265,0.6236475055607046,0.2883295329986469,0.211783866225191,-0.0206057507547749,0.033903882996171204
11.15,0.38531704790431665,0.6505984084453537,0.7985788450299548,0.9185019860045065,0.9871287125815295,1.0514985473010523,1.2553001954340979,1.3438405388711168,1.37145412963587,1.4468050937962216,1.5175305144029538,1.5179944181355283,1.409057491981715,1.5721647335253917,1.5669090410462863,1.5000134360321153,1.6377945786343684,1.4108951159568093,1.3472713858707688,1.254777629928092,1.361420989014912,1.204272295008883,1.0913263884642619,0.9248139859497915,0.9965342264228394,0.9330792326940488,0.692075987206308,0.5427407316970422,0.34715883327804886,0.2418127530850901,-0.030592500605688036,0.0503867400632731
11.160000000000002,0.29614879926366655,0.5464276807002733,0.8057144768955219,0.8480986743814218,1.0744665045781239,1.0770851675741366,1.1451421486853304,1.2686180092207735,1.3826519404544841,1.3990129822320894,1.4511382904808057,1.5416677468834885,1.454278901760601,1.613673957746251,1.5955530600294134,1.455941757222838,1.5752396120438452,1.4769507861056979,1.408475711167056,1.2634486784838463,1.2377866007553662,1.0442295046601644,1.0063097056490315,0.933361378693165,1.0576664888722735,0.9048583924013425,0.6963446251602273,0.5863098229262053,0.23733792074236496,0.1775342460875105,-0.06436332978387518,0.05725367167767542
11.17,0.19839822077790512,0.49224820112737844,0.7461937775508205,1.0800894361341045,1.0582619263105295,1.203674309415642,1.331586432151612,1.3442946950973942,1.3594690705729495,1.4523088217508093,1.5373494047193133,1.5953213644567534,1.4513418428883118,1.5172027644863362,1.6036616151625411,1.545681190694309,1.4926150385837584,1.4464594910785715,1.4082332369083064,1.3212444604402256,1.3452189487138173,1.172237201989106,0.9196054348190547,1.0244418231394719,1.0999973957471139,0.8533215665821182,0.6255486948828708,0.5762616077564022,0.32366632704361686,0.2429935789066334,0.09055148984464778,0.07771120377667036
11.180000000000001,0.3371857190633718,0.52987506810581,0.669495005219562,0.8822480168639876,0.9952441453483605,1.074847910137906,1.2541894984653918,1.2313818380533177,1.2817567447751297,1.4528128670854148,1.5697120875413701,1.4902922464750454,1.4706928849231053,1.5149988213097547,1.5312190900035667,1.4655296923474221,1.5507829811323295,1.3428628530033717,1.3733925361221724,1.3794111544741197,1.3864275790228293,1.140387174854004,0.9264976910461858,0.9049634193996411,1.013984058080644,0.7777109927578245,0.5571465034429051,0.5599845762106342,0.27052995949865655,0.3417740521020877,-0.007478467793545331,0.051031912979667124
11.19,0.3090029411356597,0.5434987819957156,0.8042715520135187,0.9961050728422559,1.0573041022791312,1.08006433235076,1.2861560954812887,1.3158407902130007,1.3077983435841536,1.3780657740553615,1.4659959249194379,1.4869934645927672,1.4409464704539323,1.553593317771848,1.5740130548891225,1.4746050473771974,1.5599309085164397,1.3047340837917218,1.3046627187370468,1.4242449383651163,1.3416625088321568,1.1579546973138872,0.9611515277012406,0.9155782598165632,1.0613064990606957,0.8729216158800729,0.583351698873793,0.6006036798447005,0.17093512892407606,0.08087643118284304,0.018902145798681172,0.09718481895653705
11.200000000000001,0.4323786680384393,0.5506548534394236,0.6878446993048908,0.9128929064487973,1.0051992593206094,1.0427757676560632,1.2603711279785457,1.291443136758734,1.3663809274043928,1.404791752229623,1.5244125571993588,1.584843397816588,1.459973232561895,1.4459119579522897,1.5422359840269793,1.4886643290092831,1.5488802487744047,1.4150482529323511,1.3447577588640354,1.3608473360539866,1.2850678561567106,1.125958531393546,1.110099262595439,0.900137156726031,0.9790566703471762,0.8978431390226458,0.539397434283689,0.49888675880848254,0.3905913630907699,0.28461015415396884,-0.024048500575815868,0.015112307670096595
11.209999999999999,0.36717034683909033,0.6925318352575375,0.7469694963177818,0.8088814902051108,1.0063825072531483,1.0973512075779968,1.2586394649752495,1.3500144210923288,1.3790780441224961,1.4001073136567659,1.5138975954030751,1.472833296319434,1.4061028598301621,1.4685670579278036,1.6111829988765263,1.5829955123610395,1.594791441235119,1.477218418881285,1.2896618733313228,1.3504765065759667,1.4155609147875718,1.2456116324225055,1.0443929865120951,0.9003943724956598,0.8646124866675292,0.9106928068709659,0.6477629442884691,0.6566045231832908,0.2995761906525493,0.21056140321406672,0.036488146602738275,0.05387614173074358
11.22,0.3683166578449084,0.5930498524012628,0.6417824409858941,0.8666852928642625,0.957382850567817,1.1776236312682893,1.2844612501920656,1.302114720805487,1.2998818692001683,1.528017192620976,1.4998569965184427,1.526090847103393,1.429418188237192,1.5731956555172455,1.5575868291290416,1.5168934446125308,1.5501653382203637,1.3592168673855556,1.304939405058527,1.354374186574332,1.3522746950467417,1.2237886433077039,1.090771535000817,0.9155645506169083,0.8599801719741382,0.7906601974659029,0.568888395091085,0.551017007063085,0.27216949487056186,0.21185243434930207,-0.034451125901051136,0.05634087535579823
11.229999999999999,0.16877308637471378,0.4966661087695503,0.6851281659403855,0.9090491355206773,1.1022767320520368,1.1738045887912454,1.3399366333606124,1.306762761545139,1.4325398462910843,1.4875373077375127,1.5606633404067758,1.5985310736997222,1.4613081886209163,1.575343330779798,1.6221258517955985,1.3100191837112036,1.4729446933209902,1.360957691331077,1.204074748822925,1.2984463006578562,1.2914124860703213,1.1156789877470177,0.9759477780165581,0.9161288446961431,0.8825468586967516,0.9098833471904519,0.6465777409539017,0.4383373491371759,0.31748170400359677,0.21796456647959153,0.0461984174711183,-0.029578671974325194
11.24,0.33943622135174134,0.6052598335683997,0.7084000394766264,1.004165387390344,1.0908886723972568,1.1368892437972364,1.3060026125716317,1.2909238929796256,1.3865505719026787,1.4770698943545046,1.499087517681204,1.4747797312582867,1.4344178515447805,1.581815232224555,1.632701272148435,1.5227579237527158,1.4323433786150788,1.294752621799872,1.2451768144578128,1.3321392678306136,1.3264883234475888,1.0400858171760958,1.0277744534425644,0.9583177707946817,0.955602203054922,0.8081181230075907,0.49284540742945915,0.5195211699167941,0.33765029566275445,0.1108024112862515,-0.07267858576504772,-0.06383064659642429
11.250000000000002,0.3669113163411555,0.6485336500792445,0.7141334808366133,0.807287283843955,0.8839222612016858,1.018593916654266,1.153392547162331,1.2211875304771436,1.3279072231145,1.4685180627177639,1.4989371322366463,1.4516925433570393,1.4324432268953642,1.5102414864440936,1.5485268032976025,1.5377759209388568,1.5053988752441652,1.2922258584143251,1.3138705749296542,1.4547635797883698,1.3105636200416644,1.2108331588383878,1.067874615167053,0.9836138012686045,0.9969067117965476,0.927085166265027,0.6483595199462531,0.5011135987560748,0.2777226496084785,0.19943821146859717,-0.011238105956668258,-0.01674839782032992
11.26,0.30127716337731414,0.6209141492720316,0.6895370663665734,0.9586132720576768,1.013399875948742,1.1547182353726968,1.2393170348632625,1.317275224782157,1.390599377005319,1.3476059167123737,1.3535935596302786,1.4547781420142956,1.345949081377328,1.5297240030046346,1.5653896699503413,1.5146402866227908,1.5244812314845166,1.4305179884174275,1.2951272832279774,1.4270737955697548,1.3167458301363124,1.0983371660291072,1.014467405760183,0.7992815603463737,0.9516794553517194,0.8188890171717345,0.5938477397004767,0.4953755463816616,0.26489964824149587,0.20244303169103578,0.10286950850172752,-0.015904222964534212
11.270000000000001,0.31984630097694056,0.5308683537086881,0.6324365003246263,0.9855346686290296,0.9867471510534149,1.0301788639348273,1.220890425492071,1.240035806382428,1.3374163554716687,1.359659327960766,1.436942141168943,1.4649494703140253,1.349098928344949,1.4807069580172547,1.4748493135852865,1.428671630343586,1.530071831523621,1.3477967411604967,1.3536213642186439,1.2762795025365783,1.3031753793118295,1.1533964335992235,1.0545873438128068,0.9955357770733257,0.9653724260055727,0.8429611043973342,0.5435062189963953,0.5011774625573393,0.25126516523899967,0.2069046578081183,-0.05954701305450632,0.027185763795896743
11.28,0.3629819638729784,0.5962534712990837,0.591997729017091,0.8503094781222875,0.8950668031548028,1.0593036945088303,1.2567809475712277,1.2853310924376242,1.328917884505089,1.5053485638577275,1.4572037799067294,1.3873452259293928,1.4238262903066254,1.4492360870255947,1.5485642911836623,1.5573409387918429,1.5591596390027145,1.483536147693066,1.284054015207686,1.352269575749707,1.2518158108873523,1.1370210571026482,1.0046811730542888,0.9206658472851241,0.9859038337035881,0.9010098492120131,0.4947433667239489,0.4819912766029087,0.3242863230913816,0.1225957781033127,0.0791309706055087,0.08490868247798194
11.290000000000001,0.37165309160391496,0.6109939727460605,0.6687410885615614,0.8407607686642004,0.9058060881605104,1.0441820072830126,1.2284088323564004,1.2273580958862582,1.32005821618512,1.3613552524753527,1.4034658190058593,1.4619118599213254,1.4911853319092445,1.5822535220340568,1.5441725744104624,1.5081968781375423,1.429219763801319,1.1948689393742995,1.1640362793767083,1.322739380755311,1.232821815571114,1.0798128973472019,1.0161149107269516,0.8908748686658947,0.9416310566309726,0.8874023933270606,0.5799646182142201,0.4075705837241934,0.22794432617221752,0.2348754435661479,-0.04419686272349971,0.06817851555406526
11.299999999999999,0.3466742059889323,0.6242757193494346,0.7599768764119303,0.8776804328228605,1.0017472809094243,1.0711422974339808,1.2407621320867734,1.1764936430720294,1.3105494708295442,1.4383438377246243,1.5218346632413977,1.4358410380804736,1.4369783404273417,1.5190949706643688,1.4723801673815002,1.5271241401037075,1.4821716530050058,1.3859113482856975,1.3556106357753375,1.3914294859327758,1.2462928916621578,1.0930316331403636,0.9994159917730192,0.8917310891574294,0.8277060913088703,0.8314539538324239,0.5672037188696479,0.4955643056078222,0.34688678033876663,0.15419639912677885,0.09315249617713492,0.015678327642364993
11.31,0.3860591919402526,0.6599614077380616,0.6584490254573003,0.8537738064856203,1.0097109770443462,1.0620185779884357,1.1751792658495945,1.2097561402497081,1.3142495018137421,1.4073579495109492,1.4099034864851974,1.4666629290944446,1.3599404014666296,1.542801063708373,1.5578698714248593,1.501708697568674,1.5858952446601935,1.3679853351380786,1.2554998174793157,1.3329405754705796,1.3370137644510718,1.1413142371425438,1.0129147583373355,0.8630047565009771,0.9032306479896001,0.7969380197113582,0.5816258362504586,0.5800065469548386,0.3481179767479292,0.15422681830013618,0.06635673856128751,0.062187120625702134
11.319999999999999,0.3334120845080165,0.5949863412545433,0.6045638153897601,0.764818047864284,0.9236442658289058,1.0765754370314198,1.2281677033365128,1.225831500295757,1.321374701008282,1.4046051039076133,1.3970486720559134,1.3938749877782917,1.367556434046246,1.4902063899352913,1.570035514548318,1.5058375735674439,1.446243754147786,1.3185136506248774,1.254894153088003,1.245451986559244,1.3052312720104076,1.2101939315283443,1.0501664918637275,0.9919096696415376,0.9016697989671546,0.7906674047854025,0.5678047864058098,0.5430340615470222,0.33408203739448483,0.22088226256194451,0.08541340928986783,-0.055881611013470604
11.33,0.3756389179004379,0.6409110147802474,0.7168885781636954,0.8566713057150905,0.9957256222235439,1.0385353172877316,1.212495973770554,1.2282282579679762,1.1699245815561656,1.3337399994992307,1.46235896010869,1.4300365888061022,1.3437485535149871,1.5169097488326946,1.5239709330324334,1.4998324603098139,1.4688864507138746,1.2916159248637251,1.1673764976842436,1.3831979561052188,1.288721801431183,1.0113876643464639,1.0100932660098771,1.0239128534687558,1.0841890062060955,0.9120574765241913,0.4508907240639961,0.36831527421005994,0.37564313851241665,0.209851899904391,0.01477403381296226,0.08090225948748805
11.340000000000002,0.3561813039074138,0.5568097290242693,0.6899129364580462,0.7964768027883011,0.9002589309229518,1.1279678522320897,1.2530370251270908,1.22136364457725,1.2380870730096254,1.4080293412962308,1.4191879184756861,1.4184375645264446,1.4332980099989783,1.534453455397273,1.6005013768230252,1.5172784409632831,1.4214900795627383,1.3859942583599414,1.2875843818133241,1.4095464726742124,1.3843874059929417,1.0367364605823841,1.008351766135247,0.850743579539299,0.8741698881310307,0.8513269045048645,0.7447723478488663,0.5351828510791212,0.3414595037691464,0.17443472420386885,0.03972568425938233,0.08015966490086389
11.35,0.42967198676027873,0.6489955009097415,0.6661964027664018,0.832439639559239,0.9199110032068893,0.9971814940654046,1.0528263746647288,1.1369420597725863,1.1939630544917406,1.3368398562747035,1.429678636921995,1.5099436458351403,1.3456762000266158,1.5919787159103296,1.6445056135494798,1.5716856467343885,1.5657226636251027,1.4430507856940276,1.24021068899835,1.4463451549026936,1.2724964381470902,1.1773527882934807,1.1186606007786253,0.9611584332343127,0.964488402355165,0.8299030641599927,0.642598665961825,0.5174601703774514,0.40360461775987727,0.1435698999404717,-0.08368707677961433,-0.038519859452109645
11.360000000000001,0.28179554103815196,0.5318301758408727,0.613404810693811,0.8883271357196973,0.8832953142500263,0.9332074763299566,1.1960097160784626,1.2119125288416046,1.2115785109480026,1.3413769572359593,1.4680069815004244,1.5210274086906685,1.4231570899598074,1.560268885044185,1.5315338631114033,1.5483016746232021,1.4583314416024409,1.297371926630566,1.1829180971193662,1.3428135356291093,1.3582630887849272,1.1822751615599354,1.0900623188243905,0.8633940218636065,0.8562271799886741,0.835925073803237,0.5559368850016738,0.34674031082484047,0.2855636752077372,0.18714047471657397,0.034523132075609336,-0.02037349225198469
11.37,0.3677489588344776,0.6830225993348574,0.6703281035799367,0.866156537685343,0.9510046545493479,1.0439237649298039,1.2149824466551598,1.2239782323685984,1.251256806013711,1.4259362955087798,1.4691623000628493,1.4471393063400186,1.333227539107073,1.387189105618471,1.4607605633235996,1.5902068019395366,1.5203613041767723,1.4166904815196966,1.2199417150211356,1.254833918985535,1.2671334624086241,1.1474460526860266,1.1220297325262134,0.9885304347644596,1.0004249604845519,0.7981710747286471,0.6150817229168749,0.5351990481020269,0.4010429547790725,0.1704289983467011,0.038114715774560486,0.08843990240948682
11.38,0.2651570678035231,0.594760852586617,0.682132348014083,0.8808573776994019,0.8360198902263758,0.9304360503370976,1.0834672173604418,1.2053561217323159,1.2769208927774625,1.4621276806723305,1.4653334280171566,1.465754449590868,1.3712207924766686,1.4532314861249138,1.5590049445761434,1.5208974572712766,1.4584085751637095,1.3193519978299824,1.212546065465221,1.4323860245276019,1.4179892810036687,1.1926288272232553,1.0941488462911932,0.9798363468408118,0.901722509780639,0.8378459278401184,0.5264479278941162,0.3666229040981798,0.3533030040672642,0.21135351025394145,0.06732623704892562,0.07147113145289224
11.389999999999999,0.4349803590849334,0.6147554831675321,0.6940837049302916,0.8998461221366594,0.8875370897941443,1.0296070027924835,1.1183634579873103,1.2387159687748994,1.250151350582454,1.4654942805732676,1.4090148390057105,1.4946692700379045,1.4325859389111566,1.4773940492367181,1.4731543119404538,1.4784140623347166,1.5543450812037856,1.3143716338097438,1.2974204626716854,1.3864852637217107,1.4487559830089187,1.2156258663969801,1.1331198227206756,0.9347878543730649,0.9307295229821513,0.7986157140620533,0.568004887563474,0.4717818255997534,0.41802172995125636,0.16600421789188774,-0.026140558773267753,-0.006132780946920817
11.4,0.27252721414557896,0.563529560443096,0.5113537837688573,0.6277347428112592,0.7863545790421496,0.9818150364627057,1.1494745868670913,1.2382355019654332,1.3064085409293271,1.3981456050333874,1.372481270147217,1.413055525632251,1.3645343087116968,1.4498000795692656,1.5392869654045984,1.6020425293011853,1.4490735258050476,1.391377334650531,1.2266577799697207,1.321433322583184,1.377405330966718,1.2491810268585755,1.189644891389966,1.0003813180685917,1.0266830649023317,0.8298421407868999,0.6288810108353524,0.504463808007981,0.3916784207955026,0.23310219986550865,0.0854383800903601,-0.012983697383167257
11.410000000000002,0.30899875029315,0.6075681145816866,0.6899395508437933,0.7662771577670291,0.8300189364401472,0.9788184019824913,1.1379155326403694,1.2167387859936538,1.2601056898287193,1.3391632558280477,1.36106582513878,1.3783001202222513,1.433024877223696,1.4841523040477707,1.5670087108366704,1.616641805827642,1.4806094810914128,1.3982990135447424,1.2057755629674534,1.3263869443772012,1.2850385117251149,1.1589660951423126,1.1792944560405145,1.0011977331826223,0.9285940727247322,0.685839929179546,0.6399654674860692,0.43180014473319583,0.27772445678103425,0.19114636390548434,0.1578389537787772,0.034357725331450026
11.42,0.33602705785172876,0.5046137533490174,0.598829521502644,0.7656460118119977,0.860633964523389,0.9977066247300344,1.1583213906552765,1.1711717225176395,1.1021169122501426,1.2959959714819413,1.3603241901108298,1.35133240058273,1.3967336844664504,1.550689463681548,1.5189304930121925,1.5339467992114222,1.5026026829512025,1.3131968309823931,1.355696508263691,1.4637923586394,1.4476019559520963,1.213353062836369,1.1426371765706596,0.9699305939100261,0.9143485099556554,0.8394898435706828,0.6470839883900581,0.45902003197393787,0.3953974118643498,0.10869793360279062,0.02200324247018408,-0.012310591223379477
11.430000000000001,0.2875891906366218,0.5816943039583131,0.5834307173630957,0.8395461804012379,0.8910568369132447,0.9940489344640948,1.16271754423209,1.2828347759529142,1.2814320644444235,1.4749898150968015,1.3085325826225702,1.3741460265174033,1.4399293281043986,1.5592207018104238,1.4796420323083577,1.4630257217567026,1.4384257026449183,1.3904137594706871,1.2871593812868076,1.4298092127247013,1.4030763647891307,1.2756378888044473,1.1113174185520838,1.0609293236091828,0.9680598393293842,0.8361498493828481,0.6726021214480907,0.4625267680204296,0.42174213102239916,0.2884084094214744,0.13180848931552752,-0.05248345387163976
11.44,0.2911256462228901,0.5532158656503794,0.5177370332227162,0.7105654253925693,0.7780058861301429,1.0253470612120519,1.152141383835589,1.1258521603485594,1.2346313304470726,1.4158308832790423,1.3846631301273422,1.3923720887833784,1.3768445163309213,1.5017039315336458,1.5560218005899684,1.5806374814848059,1.4986769945978062,1.38433005798777,1.1994639245941612,1.4507500683217387,1.361345431069042,1.179525329482669,1.1985212512462877,1.0366431849939346,0.8125415333945329,0.7742904414209705,0.5597439055134295,0.4526687534529098,0.37897593884712605,0.19882788345353541,0.1352370108053469,-0.008051072934877314
11.450000000000001,0.43235625454317705,0.6091148261795358,0.5974549378175972,0.7749495177745575,0.9087464137028166,1.0121387253592407,1.2045269387885882,1.3157915113527094,1.3038379353006164,1.326979311096688,1.4356226104691494,1.3876308940641044,1.3232033452858223,1.417467329049548,1.5133017552664285,1.5590731108661244,1.5021385150592157,1.3957121330962714,1.2323349160749166,1.3663369672101762,1.3235516836969075,1.1287251353917347,1.1798195249575105,0.8780308579203933,0.8643735265985155,0.8634676079079104,0.6271009885192774,0.48561369958098033,0.4283284094010211,0.33955420943476844,0.1837172533045631,0.05865864649212639
11.459999999999999,0.354652343378573,0.5233492580240497,0.5733938531147474,0.8128039400702708,0.8196837730956619,0.9962363543423686,0.9933141493493316,1.2066784644217508,1.235821506577866,1.329172030815336,1.4325892589115452,1.3832613283758308,1.3777046517169347,1.5414558331279042,1.6146224904909048,1.647659837517629,1.5474818328732358,1.5036350290409,1.3523317593487714,1.4351551653745838,1.3993976071037675,1.2458278239036675,1.2886849118413444,1.027190358306291,0.8142688173000824,0.7814386584863284,0.5750346232897607,0.5474203471262562,0.46938164101834223,0.2745432341696958,-0.051120121530082774,0.016585569842865702
11.47,0.3065172945287178,0.581057663366173,0.6172495196779492,0.7626234788064771,0.8617083748909499,0.9964465549720807,1.1196243749333104,1.1128091726025922,1.1406410903133792,1.249854353818192,1.4638680392257286,1.3745680563261922,1.3605319782615775,1.534018156661591,1.5519202629633226,1.6374446456928828,1.4424261674518468,1.336477887003674,1.2630731592425224,1.4564608339269194,1.3158740416666803,1.172712346352023,1.11182331729301,0.9733403226801262,0.96198827667541,0.7732056214348492,0.5776862014257313,0.4582711300157969,0.354466175535748,0.21627528833936135,0.01766496035218175,-0.026940675781263905
11.479999999999999,0.3521396869849295,0.5624856450120748,0.6301566763045168,0.7975625090017237,0.9362403572366865,1.0379794415516759,1.1517713754834076,1.2188603198981665,1.1903720241812799,1.3216835655286552,1.5623301055794911,1.4674212196210825,1.4367906679527271,1.5505043923708983,1.467596832996085,1.5316019087760393,1.4827567021114048,1.4052194036276235,1.467819319794654,1.4859337701157256,1.4305584741586648,1.2873642261679055,1.1911611104925912,1.1141168845376646,0.9499220480647446,0.7380191439240331,0.556633450350723,0.38050235319901565,0.37240513356790905,0.24855217232781254,0.1458447351027991,-0.008895396768116515
11.49,0.31293521561202675,0.59293560054129,0.622139469408374,0.7214813091753693,0.8274961164721175,1.0294363461035458,1.1356800929231436,1.1568774066917953,1.168537641788459,1.3796543109029398,1.3089656604720334,1.3683084055478307,1.3359747416453303,1.4020132529778315,1.5354653148934534,1.5159915684086496,1.4520443167362231,1.3084951778328924,1.3720661541593062,1.4214613319344493,1.4255672364562884,1.296279121299367,1.2198741462469038,1.1183490280826267,0.8965894727205529,0.8643189521389856,0.619482953023221,0.432699851989668,0.42417012916547886,0.3038069439438128,0.1392943406891319,0.03262068848740314
11.500000000000002,0.3413700546850162,0.5025031877730791,0.6301268741526802,0.6634142156380376,0.8263229378447937,1.0243184730389638,1.0880262760557269,1.2395792655148035,1.2326899076861695,1.3369958924116288,1.388056324466675,1.3386652743879042,1.290838488201519,1.420724924196336,1.4058354289706032,1.5234140722692093,1.453464468002084,1.3894640980016026,1.227543026625988,1.2759636851583096,1.3068235672635677,1.2678434122768882,1.2128399503372986,1.0082304929030719,0.7967114859744993,0.7670138612140435,0.5879815839206822,0.3708258231674601,0.3632688479612712,0.30898392859484125,0.10482173497184613,0.005906933706305115
11.51,0.31419841712951463,0.500237376869839,0.5442013446102096,0.8019782446239155,0.8681656688280501,1.038554841696557,1.1928756198543058,1.1440579718695094,1.2770709294045397,1.330474518431264,1.3796520750999066,1.4291472088654464,1.365165681908552,1.505533350028128,1.546907152059323,1.5732216433307957,1.496757818526513,1.4202548444017162,1.357120105204594,1.511070634425426,1.3016330473412276,1.2920916003823568,1.114619116219447,1.0381607191512108,0.9105422636055881,0.7429065481329662,0.6680139597773012,0.441039944129711,0.4521422790910529,0.191999673054817,-0.0005930507152310076,-0.01058443975944389
11.520000000000001,0.29070430721665075,0.49482011543753335,0.5886820811598221,0.8046264499722525,0.902431936676959,1.0487962378696105,1.1761755278623667,1.368763022792538,1.2913487879732906,1.3543403168040686,1.4759438745658804,1.4482582521015879,1.4734415723570558,1.4745541124619665,1.5327392371604966,1.5964161883677999,1.4634462972473985,1.3952346092644672,1.325475784036522,1.42754487706117,1.3236190243388164,1.3845721395372546,1.3297135574680428,1.0609777250132144,0.9012866987300793,1.0319375258797174,0.5667934317418266,0.42733784542069403,0.3840304632049232,0.13717641024681532,0.019416821427699384,-0.02377374387226855
11.53,0.28641085151350043,0.5412812138736234,0.6033723748497029,0.6940877830165171,0.7713413036302512,0.9705306678129535,1.0522004542164731,1.1747059509459783,1.3249601570514946,1.4083284052961456,1.390025276694256,1.421724343034849,1.3745401194052453,1.462545490935595,1.552510725694428,1.5476515733047025,1.402802471749101,1.472746977712082,1.369260670129073,1.4054021391587594,1.3667896111098974,1.2387759880909446,1.2484868517385739,1.1338762559095017,0.929116593085421,0.6652014223917718,0.64462375861268,0.4431951219984904,0.38927489387018643,0.21364225066812068,0.01782394884059024,0.03530802390965116
11.540000000000001,0.3289232920719318,0.6149602579306749,0.6231688804817377,0.8152486626245393,0.9546821561759149,0.9286185747271107,1.0657355602657765,1.1100741713603335,1.21590182830781,1.3698091127411878,1.4082532184146495,1.4499967569796888,1.3731852848807553,1.4549528623214458,1.504290148040111,1.5813681295416737,1.4824853528468354,1.4784917154739536,1.4633820413718408,1.474292126933816,1.3316835678889247,1.1540711585109467,1.1887444042802078,0.9975209073456544,0.8108464235021061,0.6844670718632268,0.5607885883118802,0.3885020945626933,0.3900060461273689,0.19068037441236313,0.020331716666382053,-0.01978855265688379
11.549999999999999,0.3916981960868575,0.5613703579509848,0.7182905495849013,0.8441841010650343,0.7978380053628219,1.0005617076980848,1.2163488220699583,1.2441432306660969,1.2971180704173526,1.286550468296505,1.4728247513769752,1.3879432110462262,1.3606291916755218,1.4234421133216926,1.4611313635325232,1.5477090743198172,1.4423317622026097,1.5147326808004047,1.3392243554220555,1.4975258126746598,1.328206199052816,1.2100200011840907,1.1942103788443608,1.117773333030851,0.8647493209711418,0.8002161100572984,0.5966359669602512,0.4201530364926733,0.42931108039945337,0.2540493862416168,0.11510851027379115,0.03158642475152229
11.56,0.4835202827862582,0.5954995941118929,0.640748105122293,0.8277711380642242,0.8845120327765248,0.9829172605952409,1.11983315745907,1.2607202834921916,1.221019448797796,1.3221398066725478,1.3859999454501433,1.4215748246227642,1.4097193536143038,1.3760567789731635,1.437307350214101,1.4642040695410001,1.3962005509996744,1.4238376575190197,1.3168138415149337,1.3919189303012829,1.3933422952675671,1.2542127569931774,1.2420140920611042,1.1089700055145393,0.8042861587257202,0.7548509323458696,0.7152023775195793,0.38472296389894634,0.3874350534185808,0.14084861453557154,-0.02068335919075406,-0.022374553154235435
11.569999999999999,0.3166483061328213,0.5443102123540187,0.6374240295704906,0.7702888727665433,0.8969619548755609,0.991837358277824,1.052743677173829,1.1794098140171205,1.288439217812321,1.3094819340356403,1.3632631318285091,1.425687702843836,1.3642830453990633,1.4259479511359294,1.4793014076649487,1.5131318604850945,1.2974396827275543,1.3682955218861157,1.3129462109090015,1.3987358826948653,1.3199498911281902,1.2127219491490093,1.1961425786622797,1.054728039759274,0.8653461445884734,0.7397418912590752,0.6481464074759429,0.4089847955332783,0.3609672773240131,0.2676581181275245,0.09089795634638109,-0.0010965621575141082
11.58,0.39815227220295163,0.5080479029058048,0.4446937935726244,0.6847791475490772,0.854399225565749,1.059192181394894,1.0460212978615084,1.1282917468522853,1.1587442696203405,1.28027553270436,1.328195841838905,1.448955272820686,1.3680437872807176,1.40873384752633,1.4356606692994403,1.5734634515008876,1.4190615251812835,1.4612062845322602,1.39025895059149,1.4877223291550616,1.4378719897175753,1.2485889687708276,1.2391788171311708,0.9781959839084815,0.758435832888079,0.7149056043933698,0.5181471344480756,0.3758671865037854,0.4020472668357742,0.1674310745103387,0.035468807560056964,-0.05664265464048179
11.590000000000002,0.30661968403312356,0.4738004004093659,0.5291389846111866,0.6329651322976186,0.8810732249525003,1.101535404473932,1.1186463569093605,1.1937480304276626,1.0849215226167717,1.2503071035889513,1.3192329915684962,1.3873819506780893,1.4552786226220773,1.4622898609784072,1.5239717242324384,1.5523807558980134,1.4858767732684244,1.476597627086273,1.3493295374745946,1.4463389698751559,1.381132647520897,1.3576940073905974,1.3479160450641017,1.100529515131095,0.9058291857879106,0.7419062782409487,0.5789371982666726,0.3833262485959409,0.3860786942438247,0.2131156825484333,0.1492416601574524,0.009320639872308384
11.6,0.3853450818017098,0.6033167954870966,0.6587106736036897,0.7690165816810209,0.7849551520130857,1.1008126972549308,1.0219559880466764,1.1154711534577286,1.2643565740135714,1.3259955162224766,1.4179236623781786,1.4089461252495352,1.426233189352692,1.531084060531256,1.4550967942029855,1.5723976512849085,1.3850133957255788,1.385182108138703,1.3842834560405457,1.403371679749281,1.2576739838571966,1.2775735352217343,1.2201337897821092,1.1302233263570747,0.8524514483265624,0.6793479785641242,0.5260154843744806,0.4004081826050718,0.4920729880912005,0.14356527748074127,0.162669502696435,-0.03646499189353277
11.610000000000001,0.3812183396282519,0.5824712528032582,0.6390082111934055,0.7324788234670665,0.8956316286019202,0.9380306740018509,1.0949567635813953,1.2816440149490436,1.2377514895843365,1.2456410968035594,1.2786779436509488,1.376572028651745,1.3743719464017563,1.4505063856304112,1.4945628075180943,1.6028531067083758,1.4417388508877942,1.432194358666073,1.4172107902296713,1.4115092712804915,1.2874271727039366,1.3353706096362656,1.1398886041324028,1.0764610746677152,0.9472015515489786,0.7494210029003254,0.7234321786650061,0.5449842292128169,0.4496159853350482,0.23450569672200716,-0.06761111180889401,-0.0382048857787847
11.62,0.38400157707447424,0.5849019208175509,0.6579983883766264,0.7629268762411253,0.7627475784823767,0.9353325188828404,1.0356848074352434,1.1140737835920387,1.1938861820545146,1.302376596409605,1.2797563240637004,1.429388414677647,1.3216664801777402,1.3161180534804973,1.3665100658053622,1.5805476215817547,1.426159535372172,1.51878659485384,1.3698898933985921,1.4096277159067423,1.2881888258325689,1.1522490830696954,1.185183746436354,1.0316401757108231,0.7790119297476079,0.7035414709618709,0.7598310510149819,0.3951702105255567,0.40582337403770236,0.2631038135982353,0.14372775293794027,0.042117861629789616
11.63,0.3044255953354556,0.5282276533005555,0.4804537835571949,0.7164243173478295,0.9168404385322951,1.0544074279783424,1.0567529775848903,1.1461555090445257,1.0912701437965855,1.2081843985002818,1.2505819490578411,1.279262184531889,1.359148876013782,1.4213531932843502,1.5131426199541484,1.5559201606729536,1.3502111383018918,1.4568186661191633,1.4518971625871733,1.396216328859205,1.2438061920146652,1.2954111575138585,1.1735137010510468,1.1060673158840137,0.7675001395736484,0.7592381936090097,0.7225336761337495,0.426625561648437,0.4172851902914937,0.18962838451071432,0.07309243536317205,0.044089016154693905
11.639999999999999,0.4096026898150177,0.6125100019522555,0.6838655450753242,0.7464618039703151,0.8559285011111171,1.0474820212638303,1.118740655640671,1.2339373589363383,1.1386135448875394,1.2088845558903418,1.1766073841353781,1.3861352631330766,1.47816847860768,1.4236983446797753,1.4586009521209955,1.5008028206372659,1.4403193121715354,1.4639169940164953,1.4764629530319608,1.4506804931196804,1.1934512911025905,1.251238940732544,1.2834239405621153,1.1224841206439344,0.8821062260522823,0.7718460410722641,0.6872202706452076,0.4871715766466794,0.4368799037003076,0.2845289355378582,-0.038146184064705546,-0.04851189730367583
11.65,0.49384217923410556,0.5946791934669943,0.6911543304531015,0.7401813521268404,0.9608796565024086,0.9838061846946082,0.9924840263748533,1.1315948538430551,1.0761797376347546,1.2440237601832538,1.2321991133179977,1.3629553351379817,1.3456088382240963,1.3570638182463077,1.3667041861796416,1.5299735577694624,1.4485792497667949,1.4885078326897256,1.4454148340899107,1.4540936414720107,1.2234899354966313,1.2088165413943992,1.2382470993020516,1.1790327050333194,0.8378820027947561,0.6973251316034044,0.628963837971871,0.4283278506363372,0.3229675117287961,0.23305703285458226,0.10092065047955052,-0.012057610333210143
11.660000000000002,0.3782361570479198,0.44930757762863494,0.6017827757591133,0.839057732969927,0.9340973509778927,0.9377411432803027,1.1493926266194774,1.1530453360638018,1.196764780944986,1.2368890457040038,1.3013494434193607,1.3649418051242435,1.4291774640405528,1.4411248640557905,1.4172707266474613,1.4920853068513693,1.3692409351340844,1.4024755814351624,1.3802199369199966,1.4241129557629906,1.4469491350977264,1.317280877507667,1.2960186634654534,1.2306117765712807,0.8564053366803133,0.6098368159340914,0.6008907883015149,0.46686290870127345,0.3921518151687757,0.13817209009709774,-0.003400644552932576,-0.033984623816627764
11.67,0.3701356317894932,0.5948833111693648,0.5609074360519386,0.6933734633024277,0.8177980601685808,0.8721601205323282,1.0778653168376167,1.2035712847438433,1.1679788457154139,1.2339026050846584,1.3206415905761517,1.4183154678386098,1.3385229944858015,1.380365914371606,1.4254039934029898,1.4599810353561877,1.3059131237845127,1.3702223991755487,1.402737061571242,1.3407545538731287,1.1955708780399161,1.2609395886279875,1.1733775244897495,1.0507023537666127,0.9821287153234383,0.7740615284199277,0.680856361655897,0.3688047377343206,0.38881044262929226,0.19321595896128185,0.0651435442657576,-0.034254194406254074
11.680000000000001,0.41714135370766126,0.5759433879636358,0.6171981309710385,0.7143789622239117,0.9015424793668281,0.8710138994468859,1.1318678302126572,1.2128838082380162,1.1399195592256426,1.2554001594783057,1.4090173743680525,1.3571151629356029,1.4120617743902664,1.3743742068060971,1.3962073139758624,1.487653734204336,1.3458909289256427,1.5125161984510342,1.4444080588344381,1.4358608309638088,1.273616894125749,1.2773227973849,1.1953634565841784,1.1453465710539847,0.8259400454226962,0.775888957991008,0.7477554073252966,0.421017374140781,0.3899865137953235,0.1762676964020715,0.04219539534230825,-0.025135556642813216
11.69,0.3686551525341837,0.5730473848697615,0.5830891958115779,0.7029567744247082,0.8945448613597566,0.915839928703013,1.043979679830841,1.0702942742303687,1.1838799210332476,1.1894466876601952,1.2683956814946864,1.2416588717519284,1.338201244700106,1.4057726453911612,1.3713583725392198,1.5738247735594866,1.390365124903505,1.4342191511940492,1.431745389181005,1.3035524322407557,1.2496958553840445,1.2445862814509725,1.2172960303364795,0.9937190620795869,0.9037164038416565,0.6558203300989258,0.6782630823006589,0.4687363215443775,0.37921500090707316,0.1627844216457324,0.05577905522865404,-0.05347335639955476
11.700000000000001,0.46336667825339845,0.5885332621030568,0.5614954530043217,0.797690548567268,0.8207406901825001,0.8415904015662429,1.1093461626933938,1.066677274559087,1.117013716275756,1.2347805627867043,1.2507366849418022,1.3623947675940495,1.3788256084643025,1.275851790982903,1.3674524639240906,1.5456023061894295,1.379370946559937,1.4177598295936995,1.3738783644733676,1.3442896011958525,1.2667970600653162,1.2831754866412148,1.1759929911287705,1.0636770710242751,0.7925815808014475,0.6804334017734667,0.7108655301007905,0.39525209718083304,0.34676714681509146,0.14880057881865597,0.06829730020479373,0.10021780397637989
11.709999999999999,0.26792895849374493,0.41688917980338347,0.622005896350588,0.7030325233089083,0.8731146244498348,0.86893685394607,1.011708227599472,1.0862399847230266,1.1643294769988317,1.182240711526438,1.2581382000632593,1.2798156328588253,1.3172496187149538,1.3290726919690596,1.2533501907630111,1.4624398092992659,1.3355957340677636,1.4641207060797,1.4270767544259773,1.4025959827873276,1.2125890550235814,1.1681745794883314,1.240890646071001,1.1723719591856474,0.9290324218646318,0.6852443620843509,0.7281630545156472,0.5173835022107799,0.41923895652681886,0.12834286679222043,0.01918583274958993,-0.05499591537430425
11.72,0.3864119225909186,0.4949042994306625,0.5494466188390008,0.7105126508250057,0.8851979738306615,0.9776062606983257,1.0324853905578872,1.1251509502694585,1.1433494427805375,1.2670022339467668,1.3527867073197124,1.4388454980839505,1.4389358322947963,1.3068329539127927,1.3661890824621714,1.4839110239189626,1.3996706546160729,1.521473070916754,1.4408990688205086,1.3925739596733164,1.208325945431296,1.2794292012749033,1.1976274719291773,1.069258949005009,0.8350695204350691,0.6931414194816333,0.7538102585001992,0.5582972021364102,0.3589860314319767,0.16542904479045317,0.044961815566568406,0.1001674453853702
11.729999999999999,0.3414671713706096,0.5742388754886577,0.6265230640154489,0.7606245380190007,0.8868629635943224,1.0019829133589155,1.062843995279993,1.1740275998497074,1.2278864351146495,1.2835331269160826,1.2681903316910847,1.401524808844183,1.4067824751921874,1.4010008384882466,1.37063996174944,1.5036396647811017,1.3335085894806513,1.4862654773466153,1.4740518591992464,1.449249949199804,1.1944904158503196,1.2163950836469055,1.1477079673752049,1.133172168168658,0.71241831067865,0.6577638287132149,0.7396207150347545,0.5264445236163974,0.40334000831347416,0.16085908486675415,0.047379172148766455,0.036584295708747716
11.74,0.4075010522579778,0.5908231611244538,0.634109244494661,0.7682863720847327,0.8742857020656151,0.958207253683711,1.0845177032431836,0.99769396702662,1.0466377203800161,1.19811961414095,1.22365965440877,1.2984193042719498,1.4968237681516505,1.4336139648872415,1.3223958561539726,1.4262596533863303,1.289068185215191,1.5072429389934379,1.4548993291496992,1.2730555441889444,1.2629948559278639,1.333886623206308,1.167637426567293,1.1185345689525306,0.8985425811801163,0.8169562477625548,0.8023597353731139,0.43559778993728937,0.381135738371802,0.26676104654192095,0.10153126848216222,-0.039103901177508935
11.750000000000002,0.39918466304559913,0.6103364692871611,0.64010386809408,0.7177037441022389,0.8729604827473784,0.9785896934667662,1.1500615334580955,1.0657330178853717,1.0355242888190765,1.1242203060760536,1.1279062608421762,1.2892112512120861,1.47814080534825,1.3361928205752394,1.3509099176166954,1.5151900431308378,1.3404630890142175,1.52221260854977,1.6128580948777296,1.4222272527395377,1.251132795579813,1.2634604168606074,1.0812383088334323,1.0452072211481302,0.7583984462762053,0.6963926427279185,0.6377031875591684,0.4001682542384662,0.38616131872776294,0.1526458488317382,0.015077130920626621,-0.06951361679065729
11.76,0.44654404056050356,0.40461177581073854,0.6327047923269371,0.690561273725237,0.7838132330313828,0.7832105134566059,1.0272531269801162,1.0521894492808739,1.2321190737319074,1.3111186975973732,1.17968875369349,1.2525510163205003,1.4525060948138777,1.4049473482202446,1.3212862883282395,1.4263380967616697,1.4032428829113799,1.5132552200167015,1.5453572167446956,1.4072719386340107,1.255075177975248,1.2984739488860628,1.168780729992521,1.0434044393081043,0.8350642138962479,0.6911491579575778,0.6526528855757608,0.46667347548591387,0.33250635672489076,0.1719517523971853,-0.008963056991295563,0.057262425155433075
11.770000000000001,0.3532837291118431,0.4679447309299145,0.5792949427089591,0.7716388226223356,0.912485971635595,0.9901030345954767,1.112817521087916,1.0892523156338563,1.1393600805699728,1.2460827918375323,1.245877711950838,1.3264942180138986,1.4147254558385132,1.2756482294020621,1.2397266862630227,1.5094738823324807,1.3648467657693049,1.5521120537337856,1.5319503933593699,1.3917357239252186,1.2004599244679177,1.054725144528418,1.0774154004582583,1.1207296615046816,0.9073078517245688,0.8376600142997418,0.7222613375845531,0.6060368078942184,0.4798608886437826,0.18386543345692852,0.05874235451562723,-0.04328839453461763
11.78,0.4718085951219301,0.59641810283506,0.6179612095534662,0.8009577708045588,0.9066520885558349,0.8549924696334459,1.0103192288620861,1.056533831016615,1.0281154313667071,1.2097268010609532,1.1689899817258282,1.2664570381805669,1.4173916088423446,1.321292233381263,1.3192538876153137,1.5086541495306287,1.3842341914605338,1.514933336347237,1.5385187807925536,1.29938065124038,1.2390855760226653,1.2962788369546325,1.0991711792040637,1.0825362644157248,0.9314926311428456,0.7311944796642608,0.6545520423130847,0.4203313813668239,0.4519565337025925,0.2059323052004516,0.05264434208157029,-0.0052422684027130795
11.790000000000001,0.4319456494799402,0.5762029028693402,0.6310502366628988,0.7794639175406539,0.8889431571520398,0.9163551412705689,1.0543267479016465,1.189659558164014,1.1874146081819779,1.2138704099179842,1.1943353779378576,1.2792380159341754,1.3861460506100731,1.3705304744446822,1.3174579393616304,1.4985549445258055,1.3458663263680821,1.5001109472412535,1.4509930559057285,1.2481655256855178,1.2313749664680718,1.1687543771623286,1.1522779545659934,1.1260616337183218,0.8475281275720483,0.6747373587687006,0.7028914145442001,0.4429037122342347,0.3066164528949705,0.13869252102350582,-0.014409217545423904,0.004962355469594386
11.799999999999999,0.5285757506727415,0.5594175749863288,0.634779363454004,0.7835122374660826,0.8421028117584916,0.8961962745686907,1.019297767745963,1.0199511378322443,1.1498958673627455,1.0899101947368137,1.1022310390665524,1.2795837657992217,1.3770852373649156,1.264783724896599,1.2525378578818775,1.4828434026941943,1.404660288539705,1.4723079071477583,1.4227816454879383,1.3154981804167265,1.2373837055060062,1.213994734858607,1.2170236821148714,1.0909066058414558,0.8273207219620689,0.685633077886256,0.7940835279409222,0.42861226538732167,0.2671240907889504,0.13145504826268137,0.024055780884884262,-0.01106621995572167
11.81,0.3238300989124505,0.5763562410965954,0.5819313372286243,0.7621325319647289,0.9031837086645141,0.7854952876226704,0.9566812312024835,1.0207702342653637,1.0786785612217862,1.1581581248779447,1.1796817660211245,1.3118814642722116,1.4889242294832743,1.3638201795312084,1.316714191348309,1.4373112879519332,1.292990330832154,1.5435828283297974,1.5451384495059222,1.3322069090264748,1.2075142947585562,1.2745236349860352,1.0380506847156143,1.0103290667149223,0.7343790369427383,0.5655488172099952,0.6207578790167827,0.46502424113234075,0.3708827051574851,0.17883531825360588,0.09400655519300846,0.05860852036499004
11.819999999999999,0.49842598905629587,0.6394821780826334,0.5041641963892296,0.6738600497592117,0.7830419819594274,0.9051269744387992,1.1007674606198532,1.026660643003184,1.1135743536504894,1.196772571072664,1.266928151923438,1.270664258711394,1.457969590481894,1.3394188367561572,1.2455296690193456,1.4327099563639873,1.322241725334046,1.5210159775073813,1.5606201748175876,1.3899973145851974,1.188425680710618,1.2155643504485234,1.1748472069314695,1.0877957266661944,0.8580121006084328,0.7385757538958283,0.6647687966506615,0.5590315809060463,0.48554937149437555,0.08099411980344015,-0.03890851201040543,0.19175171978444167
11.83,0.3567879091833766,0.5343798097811971,0.5852033818474657,0.7006693787469751,0.7919639325073305,0.9685236100028736,1.0104659509214822,1.128910943315287,1.173978330846212,1.1779121658334106,1.1582869150503243,1.2676474769888129,1.5562826645822554,1.3984978117090097,1.3795826073270894,1.4234043229208333,1.2705142051122336,1.4966564061071217,1.4716112419944687,1.2670283971505154,1.190417240184188,1.3641521569440926,1.2001802557686152,0.985030810112413,0.7342212681836812,0.6696594473000766,0.8194092804147083,0.5507394492116153,0.38486138477372417,0.06427518213020568,-0.009615977310465519,0.029369276483597058
11.840000000000002,0.4966513778968666,0.4830569628098169,0.6601975378901714,0.7601988739601508,1.028535969756417,0.8763223132533833,0.8913320203616445,0.9006224548335615,1.0946983365606786,1.1194246272099098,1.2512347463707456,1.3386726935349846,1.4354846496312725,1.2845082412015292,1.3577789882311901,1.4102941351387255,1.3468901204817785,1.615966607723568,1.5296935050094405,1.3286395038655927,1.21106011895495,1.242651326976329,1.1171127763778825,1.0403882856605597,0.7837947568013091,0.6597272583836069,0.7524027751239974,0.4303951157306792,0.40521388168363065,0.21622264830607588,0.07491475106329211,0.03434617214087734
11.85,0.40196708680417703,0.48854775122735566,0.5700795160894085,0.7308063576169861,0.7747148559360568,0.8623954077330082,1.0561050094634141,1.0919390214782274,1.1284510852761278,1.0691921773466257,1.1820937660290483,1.3774825871975862,1.5722284429364095,1.3962510846023986,1.340961991963758,1.5665077251320487,1.3712628094688968,1.536218221895437,1.4633529105671432,1.3201095614698193,1.1508219919165543,1.28091720578829,1.136306236039664,1.1625057553973552,0.9394421588497869,0.7619272252035675,0.7532561973790285,0.5183983258305281,0.44110887791706327,0.008357303076888969,-0.00016657588626623832,0.07339486509210612
11.860000000000001,0.5503962326600947,0.5326392865351456,0.43498162957929987,0.7059462926333506,0.8702822547979348,0.9178349960039668,0.8736992661300493,1.0367405732210466,1.1158214447093335,1.091180926241294,1.251907030900214,1.3025824146803713,1.4808907890226823,1.3001768027820444,1.241852305478516,1.4245326740697952,1.340204520815813,1.5047482013666809,1.3590096972467665,1.243821965617169,1.1917581120122913,1.2472902736432285,1.1079946780811245,0.9616716170539059,0.872621442093126,0.7392455860457929,0.7244486480818894,0.4940570486498474,0.4418636222799278,0.11761588920253922,0.053471132595146194,0.041733753719626225
11.87,0.3258567775728245,0.4578487056496799,0.5095863085792205,0.6907324982810717,0.8424937735783173,0.8284908937123652,1.0059722712831602,1.1219445615492487,1.143677882544777,1.1703572786379253,1.2534609134702577,1.2756184555602228,1.5274960619407976,1.2832070847311667,1.3328321635588785,1.4580840372684378,1.3325427888475605,1.5530504434165193,1.5074945917851843,1.3386391190181735,1.1926428115658223,1.2511676334692812,1.044131095313526,1.0104569431014994,0.8935953117928841,0.7693800745984734,0.653391211532522,0.5291537642782799,0.42339721862111956,0.11753283234636035,0.024013181832881283,0.0043288381807880805
11.88,0.31267193647999175,0.46375630092093806,0.45087302949772057,0.5623341180226327,0.8377744616417572,0.9257775142834861,1.0044184927376758,1.0407505011142983,1.0838833597742534,1.1311279564148509,1.2869821853377166,1.2395564847235172,1.4572621811082118,1.326226889036943,1.2637426435630923,1.4266023622739523,1.2478269088402927,1.5165870429856347,1.46265813471521,1.3396023231526188,1.2736866853416398,1.3349861250402266,1.1179456882730383,1.1454630779207549,0.9186648266770824,0.6847232828388823,0.6848453061786912,0.5244923709243707,0.3924696188569283,0.07434585700345002,0.0869522246784186,0.05066683607481357
11.889999999999999,0.31080118156855796,0.5387574800100311,0.5774411335622155,0.5940440317486435,0.7165007096332412,0.8285621057328029,1.0134943330395723,1.0266888039352537,1.2476557124770449,1.1873081333064217,1.137990502328658,1.2106711876314087,1.4692359427137633,1.3001190288213134,1.3754428983089289,1.5462546766517968,1.3676760046363994,1.5030015297081438,1.4918556879740033,1.2841743715207163,1.2880857855235441,1.3912933019717493,1.0791794391392189,0.9945491334721753,0.7386781253494594,0.6613341983883891,0.6440915224979085,0.5605158867589907,0.38167366242980116,0.11672908886364274,0.06288072465887289,-0.0025244829987409526
11.9,0.35266235966022563,0.31210721919174855,0.5068318376808716,0.7322679018325314,0.8045738758390295,0.8714805083317483,1.0211462442568406,1.080075701583284,1.1511298769105405,1.1252800234028446,1.1667543859063936,1.3106131255643043,1.6202120226205796,1.3595359724090936,1.3040342850352775,1.4545127539179243,1.296357848388016,1.543915762038819,1.494358466143504,1.2936567400889165,1.1565368604990796,1.2376836364044683,1.1148767851360202,1.0331306429278275,0.8222371823124701,0.6576616018013148,0.6620265070958918,0.5051284384125205,0.4121991912536159,0.10020535684961393,0.036642510674159294,0.03499017110306925
11.910000000000002,0.2873570862815283,0.4641532590656938,0.5725001427667785,0.6846522674604374,0.9262858710748891,0.8693366365706904,1.0075878028647067,1.0534585707877768,1.1547739041691798,1.199946855109359,1.1601383703711314,1.3780917752927755,1.5166230820341695,1.3766738817949848,1.3992934401571315,1.4592341879258592,1.3310193026985528,1.5481601136554435,1.5448848095605174,1.3382191772182872,1.1267737022083826,1.117413817439176,1.03041136973952,1.0053359819733647,0.8803619456884479,0.6980068315777085,0.7842841104942841,0.6011110557725889,0.43104964644493365,0.140504597175705,0.09131243702914818,0.008085415594252882
11.92,0.30852006103679797,0.32671555297521987,0.45558164698624504,0.6664167525856095,0.749320199031517,0.8083582131853322,1.1167237755422899,1.0485421171537446,1.117392648673683,1.2167617961786776,1.1808728246831246,1.2537819818707525,1.4499247971119291,1.2614610323685742,1.1788714752376417,1.404963525424599,1.3697440691706062,1.635532177011799,1.6539669325675013,1.3016643860168842,1.228775024804217,1.376418990423277,1.1462095999129354,1.0305599008169175,0.8717093866164268,0.7457512388027152,0.7262512800978291,0.5166325609563823,0.3799983205588348,0.15862713619118696,0.05148486706335927,0.015323603172366116
11.930000000000001,0.29854418458577114,0.4375388733886488,0.5449556882405836,0.6942219691922689,0.8356568425561345,0.9178350240691665,1.0205671556551812,1.0062748909334853,1.16412304976002,1.2488191464093255,1.112518000194832,1.3451597964157425,1.526782005304631,1.3654792358729004,1.3192728429152079,1.3521270793266473,1.3305107918080947,1.4704989618824167,1.4855754218606634,1.2978847284851807,1.193379014610019,1.2750223171893904,1.096835655374292,1.0286347365015829,0.8200289910490468,0.7500810842746207,0.6945033879095672,0.5721928641989645,0.44804062239752235,0.19442474825038572,0.14343529062799013,0.10133318137209849
11.94,0.3412819351910643,0.446900977842084,0.4652309051709389,0.6798804620456977,0.8055329768824264,0.9273200274258608,0.9717471522083159,0.9893736624856733,1.1224521090978896,1.2044130070646362,1.276645738866666,1.3010946281731421,1.568934778552547,1.3982503144957859,1.3449654322467612,1.4195860837250378,1.293190407042666,1.532859120389386,1.5362871217635847,1.2612957602991035,1.052900673215554,1.1879465554198783,0.9060711917373586,1.0187027829480544,0.8385776638050161,0.719990934217912,0.6188545047609958,0.4769866132876421,0.34681212682828033,0.15486282321585493,0.19656147442258787,0.04902778018248412
11.950000000000001,0.34584734030720576,0.3852931783989098,0.5723348057947806,0.6271651425720265,0.736844025916147,0.8014257633964726,1.0282057110561211,1.1083827383299059,1.1888591541029496,1.209835557664409,1.2268766053050943,1.2199359403884906,1.590672349320799,1.3426161093386615,1.3563465733235005,1.4475746811417187,1.4029275584674454,1.6194027063001253,1.5607117244459747,1.3082544151428768,1.213346065254058,1.223882954474606,1.119297538733155,1.0567670107007776,0.8831830879528954,0.8248595462395583,0.7013971490374145,0.4849568992368038,0.33702390853586783,0.08158996599079306,0.05335563557748364,0.08375095958327633
11.959999999999999,0.2925689502589888,0.46650846087500325,0.5606024476018233,0.6865687089327632,0.7293325194405401,0.8813101087521421,1.0676645114924797,1.0498905337670867,1.2500773546403723,1.1735454755672308,1.2752506963787744,1.31170502057559,1.541104436015363,1.312286850842825,1.2678461458177153,1.3777022550648246,1.3791136724852342,1.574629054831527,1.5135149699655008,1.2649096784989795,1.1505342322019692,1.200703931277038,0.9797515691101332,0.9902725338478239,0.8685205930966681,0.7949838016291665,0.7012825236453591,0.5916610776683174,0.37345064294985414,0.1617521482856895,0.11352844384300467,0.03838135916406324
11.97,0.3708082314959765,0.5021602898863186,0.5609652941659969,0.7255144457104825,0.8148779202097141,0.891758137120074,0.9502329576845958,1.0529801840602755,1.1994027328712238,1.1971130655168567,1.2596615131425684,1.2653144170940802,1.5196834240409323,1.3764532672010636,1.2974301150316012,1.3916649044754172,1.3511547609885821,1.5323481844941336,1.4786991335409727,1.3092837013320355,1.2107475097706661,1.325116198232835,1.0996006717344944,0.925035160385187,0.8151013934689736,0.7859104868313068,0.7608112831552221,0.5807913358911161,0.4241461455096962,0.2244971928830994,0.09753971542070647,0.09017659507148457
11.979999999999999,0.22581379489514264,0.3761007986177985,0.5294216955834102,0.7053254647555285,0.8138812693130185,0.9308480624727351,1.1145296583207127,1.0874368042614928,1.1924831427296754,1.141409838705581,1.2778435479220003,1.2460885731934848,1.5104098701160982,1.2368165368352693,1.3210305906961297,1.3932824106778439,1.4837502028892469,1.4997192945031528,1.536528305453024,1.3789781415789562,1.1896777853197582,1.270861866462947,1.0310116106545575,0.9808292563473029,0.8994406056028419,0.7688120374071518,0.7045364302216005,0.6394802674247845,0.44539558987675054,0.1837352802102267,0.16874220809416002,0.05328800966994436
11.99,0.2969962504974571,0.3976959650822544,0.5444782167921778,0.7114427673212862,0.8167947519729924,0.9121509280325856,1.0338620409185773,1.0826304986989501,1.1928308194584125,1.289943954035559,1.3640625274131355,1.3071242086635766,1.4719658950407846,1.3210718083858624,1.3665741001136797,1.4682327545567266,1.271421921943808,1.5834272809033643,1.569336063909023,1.2859091353567134,1.1339395797210428,1.2583029321292505,1.076268871520168,0.9349062861091212,0.8020783981269888,0.6877721643939605,0.7307652432125489,0.6025017060897373,0.40167721615533325,0.17197324561395094,0.14249779003231444,-0.004395173614433673
12.000000000000002,0.25498223270088055,0.4200949929841437,0.5526215320764235,0.6491129144948335,0.838961133263062,0.9142967262174037,1.0612994643072802,1.1040107731084638,1.2384212637574725,1.154474000574621,1.2438272816885345,1.2748634359801303,1.613387749991206,1.3325886212986122,1.4456578575676664,1.4344013617815017,1.4450672602486565,1.5736226609915989,1.4572426431998067,1.2471609271460495,1.1506497226692953,1.1923925230303465,1.0398271447137248,0.953210137583795,0.8315274626552743,0.812765755231816,0.7729844250549911,0.5318105793418617,0.34914142493570427,0.08056969627312814,0.11456362753945518,0.15037027963962965
12.01,0.42138073129077286,0.466771277246809,0.5024607381412229,0.681327608803668,0.7083998731242845,0.8457298180177901,0.9546851339975121,1.0719580420581012,1.272022149775307,1.2813577536802963,1.327268468933021,1.2550481365741948,1.492877360343059,1.289983074617328,1.3884290579331482,1.4154343104303715,1.3381881310681942,1.4584153919611118,1.4165693075383263,1.1729103775743308,1.1508444381181906,1.20477791883115,0.9754994075912562,0.9424423519413461,0.9070010936788192,0.7560375508965331,0.6674629443210528,0.5248398499165908,0.40764786838148986,0.17128955431812007,0.055761872412177865,0.05958001809950868
12.020000000000001,0.32764532455679807,0.4369963145944441,0.5168763087194786,0.5602101795918062,0.79775365451896,1.0079147526115804,1.0928762245714418,1.053429195848734,1.2667016018860304,1.197666060108083,1.3107116100317269,1.3523534568760953,1.632856866299474,1.3421344801474044,1.3487387361621097,1.317963022052984,1.3776982344728388,1.5378968994088646,1.428914154107891,1.231619140415617,1.329977958344149,1.3134006500322697,0.9227306601066204,0.9679392972700356,0.8890512105602018,0.6150401493391677,0.6495942936063442,0.5635000815855791,0.578050929318156,0.19224867561901007,0.12972200587808946,0.06203179629737915
12.03,0.33059490918861933,0.4495616772313078,0.45975880747524345,0.6619497321907336,0.8248753386073111,0.9602679096180062,0.9506055027724918,1.1732257434714188,1.2082557320237404,1.221649214074627,1.2653501746453295,1.254814307146819,1.5614700331770262,1.4071311444410333,1.3671421434513813,1.3910839138365187,1.4528797456557916,1.54887157702349,1.4118621673340785,1.287701009884346,1.1519194066693612,1.1916181977358486,1.0185302706947181,0.9803860824812037,0.8347955278774428,0.8174825820545392,0.6595394112916846,0.5146086902137159,0.4571725262930007,0.1329210575058742,0.1416241459237367,0.09002389702994132
12.040000000000001,0.2665448177137042,0.46845744125035493,0.5179751673363303,0.7296436105872899,0.902244764345934,0.9783432186984176,1.1177900362444524,1.0426248368310904,1.2227899680122098,1.2543127202795998,1.2604489667325127,1.4405064090333728,1.6055391623300719,1.3628131331222497,1.372136912919339,1.3647486101835349,1.4136191647548597,1.5001014367943226,1.5169490089626605,1.266094341254882,1.1883393412844252,1.2553758868762521,0.9585735360915861,0.9361914366630821,0.8717874973377226,0.7111973585388206,0.5907875273577243,0.5523717649805578,0.32774828737206324,0.1622414668580069,0.1937301509741814,0.11662185818383197
12.049999999999999,0.26438728726586885,0.4458637305835466,0.45563352070997,0.6978579592514376,0.7550554482173747,0.8134195152475925,0.9511397267420991,1.0491090866910948,1.2029626958449446,1.2340493572818452,1.356662748296182,1.3145080655398034,1.5465830300307897,1.4138106739607945,1.367122008326691,1.346725661665614,1.3604492932505308,1.521583457175841,1.4164859021777034,1.2898744501040267,1.1668119460675102,1.1626876423776584,1.0147922518583796,0.9712863905065988,0.7884056691067481,0.7480219889862156,0.6400284261173341,0.6269427335744796,0.4169157420997389,0.08455123224497237,0.060893466339006413,-0.038843803560313896
12.06,0.2754267940093767,0.3374882094490757,0.45859111857519513,0.6054621327426309,0.8448985126386955,0.9396793474967229,1.0285868913488105,1.1178652243386886,1.3242333596021933,1.3625518859895687,1.373260976874388,1.3978974201692795,1.6759516580062028,1.4901265430139947,1.513729042470902,1.3754233519403258,1.3946040551366918,1.4979127285117924,1.3813952722151674,1.2890998854986617,1.2556306578013836,1.162200798091435,1.0295102386431205,0.8961252158639903,0.9862135430002843,0.7635950525234533,0.6276496069512758,0.5029485937787344,0.3146239923356084,0.06697190656103164,-0.010756531888330013,-0.005418311795686075
12.069999999999999,0.35465567706023593,0.5098126299117084,0.5241926732481441,0.7049636720340589,0.8155886513816715,0.9577803053940995,1.0498908766238557,1.141768358790576,1.3389056503825196,1.3200863509796257,1.4043932578825908,1.276239213828532,1.5197279081262425,1.4663599006118886,1.3570671247901276,1.4375115435629275,1.555855233943884,1.4551827490218558,1.439777260798384,1.251032741541695,1.1273073510589429,1.1605172978728937,0.9927722375543481,0.8628334538701752,0.8519909654147186,0.7787575400982831,0.6900471268743561,0.5279214896859461,0.5081418057700583,0.18067330833560385,0.11196361208708727,-0.01633866526070841
12.08,0.21473330427365364,0.32123933180612074,0.5676156137990049,0.6626243490990262,0.7525812952496238,0.8669736477240271,0.9399403560135956,1.1310720238535743,1.3272950165284705,1.220872925755625,1.238162135709413,1.413792488874368,1.5144494505105164,1.3827171396508073,1.4202439796625188,1.4420068182680212,1.410947503192655,1.473891987496398,1.3933100095316204,1.206573506462044,1.1785214727889208,1.2136573572808393,1.0431213449435632,0.9573994051249068,1.060042206313344,0.8789880796991661,0.5801673584988463,0.45611763655247983,0.31241797274792177,0.21113179576181804,0.15472489468306042,0.13034286983336196
12.090000000000002,0.2608908415819295,0.4212354498545079,0.5087695725280843,0.61251017600885,0.6749629280414877,0.8833923391370689,1.01285246600409,1.1521430194136126,1.2887404732741685,1.3176792887174003,1.3297253040799224,1.4238933194996903,1.569470941238437,1.3784925344297627,1.390620567007275,1.3502536364007969,1.3880523276522347,1.4257976845933447,1.4226368875118367,1.1578097699939758,1.2118170366992242,1.1670021506920178,0.9359440861006966,0.8641783251393113,0.9136658683905041,0.7239419802622292,0.5386791195962272,0.6354004337636653,0.3734877868861851,0.14528390277141154,0.06490025469277448,0.1182118647094353
12.1,0.234397917299076,0.4598541889334775,0.5592364413630687,0.7147826074828606,0.8435504502895543,0.9102888385738047,1.035289889694715,1.0768394549769311,1.317516921953331,1.3725061482034329,1.4047636829051442,1.4185242523147572,1.5126706620259796,1.5019258651285363,1.563219290935726,1.3793619884612047,1.4722601481622233,1.459103894328726,1.402085932069276,1.212822987592828,1.261124060281607,1.1985889676360302,0.9377785634999373,0.8567535604318469,1.0317321595040887,0.8161505709166488,0.5726011879359539,0.5401393434630016,0.43502705040891176,0.12603066683951927,0.101202234519187,0.016934207562621695
12.110000000000001,0.274618131020022,0.43330025604256583,0.4635132721441054,0.5921594801858274,0.792165609185346,0.8690774574603883,1.0077767951708458,1.162053079293212,1.3111775240373733,1.29055776132632,1.319100908200071,1.3201480621099133,1.5063833721432647,1.393156791446092,1.3567421225238843,1.252901581988602,1.3880314173646704,1.4628354628587565,1.3382205893414345,1.2063927155874221,1.1639230060301164,1.0336089801334818,0.9642319225041259,0.9613749965631153,0.9604922672202143,0.818867216908062,0.6346166110697157,0.44613305257781366,0.2870888985049622,0.12272663385539385,0.06430307306230927,0.07125447201214055
12.12,0.20374058098885944,0.3663714840119228,0.5501332054638317,0.6520884013578632,0.8289395336106484,0.9353483821913151,0.9746613903338599,1.075922079189014,1.3063704434402081,1.3214309354001885,1.3299267227223746,1.36482174028522,1.5342937227664226,1.38896243979482,1.406732896589365,1.323075453853735,1.4512415152712665,1.3695196111658574,1.3180854301573248,1.2015969608981738,1.2166674400306243,1.2238830811089374,1.0017876640874739,0.8831213444347139,0.9590650079945838,0.7300435731199614,0.5174889525320819,0.5471241810813824,0.35188445608459956,0.12265181418283916,-0.019450308165965456,-0.005337011373132191
12.13,0.2697887284864421,0.37319260585552105,0.5980178244142591,0.7097953910961219,0.8975075568556111,0.9655655947028547,0.9843157385478949,1.1354706416058205,1.1547125299163734,1.3032534432097505,1.39461809216763,1.278944115527635,1.4921972934134655,1.477181379502232,1.5015645708008494,1.4285228689363707,1.4955173359043803,1.5190936272527444,1.3819452067181763,1.1187576170215088,1.2143246921298805,1.1552064299755302,1.0703047160614318,0.9709126798616847,0.9299029606791596,0.7739357611275095,0.46833660889744166,0.5369949413991936,0.39934315816445426,0.10857700282897255,0.06653949963251825,0.050258930337644614
12.139999999999999,0.23764595264204638,0.2599113683310862,0.5473138472370156,0.8170266470585242,0.9693803686960732,0.9699476664874274,1.0620007171644874,1.2081253013056052,1.3586219348567306,1.277455743988443,1.362630349354725,1.4168332635578003,1.5405276082891228,1.4827048545383879,1.4554442929365634,1.2749190625926463,1.3932155611507664,1.4536098565350797,1.361267015838556,1.3114366374166406,1.1974332985063505,1.0983677812626496,0.8700322624504715,0.9904863023354981,0.9962073313437148,0.6696596555995059,0.6677558177475301,0.6355948223514162,0.32475052208108424,0.17514595685477705,0.050468802281539965,0.0625784262478846
12.15,0.3031554017198609,0.3568933310917928,0.5954206452633514,0.6880348607749202,0.8507904217520572,0.9957446338354234,1.011820160735482,1.1665704477041459,1.3175873444604191,1.4163550660422894,1.3454368419978404,1.2950209448697314,1.3945431126373662,1.3624833022781067,1.4523570579117695,1.2551711407831083,1.3414914157714233,1.3325140415966832,1.2051274169181356,1.2422612416693273,1.3005078992649892,1.1085987205105499,0.8831287062150378,0.860877185017814,0.8289754498130771,0.704141568671551,0.5322526001712193,0.454575692404823,0.2878932155099927,0.09289097237549253,0.026135532332398678,0.09336609452331968
12.160000000000002,0.1765601936315999,0.3811229762367045,0.5027808516843664,0.7384223490527311,0.8446752512836728,0.9072811945209566,0.9965121544288065,1.1230196782170605,1.3535895882051943,1.2591435881839443,1.3524845968767087,1.433066930447904,1.5519247371793154,1.4854155794925081,1.3946037996224576,1.2966918144243134,1.4574522745203555,1.4572036254144265,1.3307627402165245,1.25900213712904,1.2669424608800375,1.1247992579471875,0.9324340013554683,0.9441481871558758,0.8703628851548081,0.723259164994308,0.5616329745366073,0.4958122721336312,0.4135290456950289,0.23156042531265525,0.034679531003429034,-0.0686501004302113
12.17,0.23943428938428363,0.43391544655705416,0.6748583928228136,0.6817812307454515,0.760055429356707,0.9089396425828916,0.9676491487757624,1.1061349933191362,1.294732716838547,1.357915156039128,1.4620893038358596,1.3646787986732252,1.5406754216959737,1.4354021417332905,1.4548166084087868,1.3649769540143786,1.4547286006347593,1.3447137152849247,1.2578532756104073,1.1334470359417526,1.236436964483306,1.143436188402,1.0479396441759845,0.9057689077957004,0.9330298611776757,0.7585132951293125,0.6390997501343926,0.6110949079765019,0.3906130372335058,0.11450214292637187,0.10236795681045499,0.02971777821968597
12.180000000000001,0.28067840521853615,0.42974209922383444,0.7017063053334249,0.7571380052663796,0.8135996324062532,0.9942938075434175,1.085445967719277,1.2124102964880754,1.284008498819013,1.2986972676805029,1.3248166192789643,1.3731322149273504,1.5371163504297496,1.4814112930692827,1.420061806151262,1.3093843582417841,1.3893807334043033,1.3535884330232033,1.2416943746407922,1.15963624999065,1.2788618642787215,1.17718482112347,0.9719573435058704,0.9098015462768189,0.965590188691847,0.7332762535771997,0.3874604999181982,0.5337820286859154,0.3956572790967904,0.16055536646872506,-0.004762220346462892,-0.054022889527883866
12.19,0.21445197322876394,0.35709654351138115,0.5590588874936143,0.7824947713675015,0.8579667482150076,0.953536484091311,0.9401231746024665,1.1277508886606968,1.2987165344101705,1.3517828068298456,1.3962268247937595,1.487643351354854,1.549391644524314,1.3897486230758367,1.3520989535224508,1.2567005705772303,1.3926095763992947,1.3957423838397267,1.33182070805585,1.2210342714390683,1.2662019680807095,1.069755583406914,0.9739964621086502,0.9001781341172151,0.9370514916058467,0.7860110857171023,0.5996457178749796,0.5049282752249171,0.31931336371204383,0.13548273115193507,0.08541523682320978,0.020909430316288963
12.200000000000001,0.31914580517118357,0.41754906542758663,0.6094599713413376,0.5984563339204404,0.9945659714829354,1.0074255242347407,1.0246929996860201,1.20517247823681,1.3380097064411607,1.2786013598613686,1.3669723688502406,1.2592869937897364,1.400056508935284,1.517658768165457,1.4332732432825501,1.3132806914052786,1.3151785920832766,1.412245513851628,1.3332224020343548,1.1830074896135645,1.27040118247818,1.0925607503516674,0.9972631497290215,0.9683911276707547,1.06457803623427,0.7496716436969888,0.6740302921156537,0.5968365406521017,0.5035422084923219,0.23641178726213552,0.029816415602988228,0.12390329956760227
12.209999999999999,0.31970211580191105,0.45661053403282353,0.5639115770848568,0.7194546120324057,0.8796929872333799,0.9800356335540583,0.9689005831043696,1.1314247097673804,1.3528247206823754,1.4458424649103518,1.393071829601599,1.4183036710860462,1.4581067782938304,1.452687535499045,1.5072793695215732,1.3375579454609852,1.472258365729297,1.414443901972319,1.3073901427505752,1.2433480634498908,1.2870310148312805,1.0707568149561673,1.0453154968462286,0.9909941916626611,1.0212091741118579,0.8548248866452681,0.5481505935830102,0.5248998988050546,0.4300878589689728,0.218226232771562,0.1362796530475177,0.15175790950740237
12.22,0.2582702902064107,0.49210043113617086,0.5677885127807436,0.7927486889564751,0.9052199827782679,1.0273318813389565,1.087541976644174,1.1515822160974047,1.3040789349692654,1.4020993991053152,1.412510164364125,1.3861619966153675,1.4717809249994545,1.3757121930632845,1.5090087285768128,1.3834181598166486,1.3834675966265357,1.3185225298361807,1.3672213151874244,1.337971436018675,1.3754015276000864,1.1363879928009322,1.0479584703409417,0.8837675392129547,0.8860390133395873,0.8321171792236103,0.5030965981365982,0.5049285916408847,0.387925094322599,0.20227563623887518,0.13307891918202813,0.11020077473078631
12.229999999999999,0.3184436827310081,0.4914165809052728,0.48471699455261164,0.6455977727722797,0.9058886814849368,0.9784543094469407,1.010092033977576,1.1823985395362775,1.3235232896056184,1.3325124851153292,1.3784995959717987,1.4310298483555675,1.400771334892465,1.4298837721975044,1.4352343835720853,1.3441858364224344,1.4747724667463133,1.26394472077273,1.1510786797907937,1.1884666030539461,1.354493685196406,1.0545811160237966,0.9749842806906143,0.9352056358487326,0.9204272619250407,0.781087290165469,0.5551157610980398,0.47940748639371744,0.4314906556091688,0.31260728486055733,0.03194496769098629,0.13984991062045568
12.24,0.280777327564638,0.35701893911504085,0.6862222565393242,0.8378472308490539,0.9634408363367436,1.0216665312451334,0.9773326386470684,1.188757170178254,1.3367938241884416,1.3212488229371642,1.3687463644992637,1.507283433788858,1.5200663980438411,1.4503362123302395,1.4152517650880723,1.2157278712993116,1.5071231883376912,1.2659174457718416,1.227876207829875,1.146893848419816,1.3384364400187436,1.1118705484981657,1.0522061527426345,1.0076995299420377,0.9853085627813163,0.8320589219725486,0.5971830214356227,0.572860775774356,0.35825656152194735,0.2407870312752778,0.15967054442020717,0.10927799391168014
12.250000000000002,0.20789059969287726,0.5078823881575453,0.684915169548887,0.7734737457381821,0.9064030308476263,0.9706960513541976,1.0710973068107292,1.1121219397120183,1.267707516110347,1.3506448594599956,1.34899278917705,1.358554452592062,1.4065238141618168,1.3987441806550354,1.411410060154727,1.2643036387128932,1.4366952908038195,1.3049794363399956,1.2761293644307237,1.32393510562878,1.3720179177090168,1.0581836106357825,1.1005302568614583,0.9414006972990654,0.8870682567211006,0.655015428382935,0.49816144861688216,0.4284110119322652,0.4048313513892,0.24060313857093887,0.07828425514720057,0.11606816440858773
12.26,0.2534431972108024,0.5009422479505024,0.7661836837410009,0.7500199893668922,0.8741211180067064,1.0359597902188953,1.2145287746750204,1.2673890306296312,1.280218378933886,1.2931877247407844,1.2800401417868439,1.3777381724820068,1.417126687110067,1.4440428713703035,1.4934506874273235,1.4218498633713184,1.3863627226313349,1.2627299728655283,1.2861507374217331,1.2609491196342983,1.3255399992164056,1.0771060014771638,1.0441621046340006,0.9365703345416823,0.9055663916340252,0.8429520720124678,0.6026811155960325,0.5658776849785331,0.4240737016157256,0.2323849366584838,0.13639680234376897,0.19974536910931343
12.270000000000001,0.3255097098156008,0.46565255020093604,0.6493440544790567,0.8229826721207391,0.8511626936111599,1.0535854404699319,1.0799373192661719,1.2827214213060993,1.3392590708183283,1.36946085380968,1.4517049427891342,1.5610339729860487,1.5233284310368584,1.4943460071037766,1.4928227804933494,1.345273828397228,1.5256310273950295,1.2999552269417747,1.1694407053797637,1.292304803284217,1.2588591543209908,1.130853057766096,0.9849324878762065,0.8973483650456077,0.993900199658727,0.8264554426177434,0.5587437911483479,0.5191882050685203,0.3649076312853909,0.19922308751619383,0.11230260935090784,0.17583082459810945
12.28,0.21113905448555273,0.5080981359948192,0.6425978479137122,0.7840401543149313,0.949751116261613,0.9664081498191877,1.1399829983259875,1.2639186628864345,1.2752413790089467,1.2738923640389914,1.3811654639455977,1.4119067257046927,1.3267364424186383,1.3717480255661536,1.4850483884308259,1.1907066527432388,1.355075781722591,1.3289382062771522,1.3527812298295103,1.2415970099831504,1.345115682166514,1.0907697649708183,0.9466136233836114,0.9103067636194685,0.9231012137650291,0.8674222484220278,0.6145398801732358,0.5168139983509781,0.30683927965457247,0.24236651620563135,0.24420062750958982,0.13941609538521785
12.290000000000001,0.25246004196933153,0.49093040037193136,0.7539781341021533,0.7949910209492267,0.9953538204555241,1.045877552129917,1.1277216967632482,1.2230375334525438,1.3004467051076252,1.2453830880905206,1.4552636145064886,1.4617487821887551,1.4274175031339185,1.4254550177190777,1.375818701457725,1.2880515646834727,1.430631582244492,1.2569005062885534,1.190307085402208,1.2170534048870758,1.366353192644184,1.1280604422420166,1.074072907934011,1.0213336289407766,1.0403838425082081,0.8668312371662454,0.5622711892917491,0.562820267249588,0.36519915609453985,0.27951489573738963,0.07324434308851707,0.025274542498526273
12.299999999999999,0.3042433172156235,0.4543136259892969,0.6587739127831678,0.6869238775196522,0.9854701053964117,1.0655133733668467,1.0676060221577235,1.182642535210903,1.4012051581874054,1.3531926447962062,1.3176582986899368,1.3679113165099188,1.511906488039252,1.489416448620644,1.4545639902897036,1.342589787756208,1.447758385393019,1.329417459036153,1.2681051002973003,1.2798161744339605,1.3518779531522398,1.0881372743292936,1.0771813129790928,0.8780310699799313,0.9393282628829884,0.8314605534308945,0.6229942789331052,0.5187816658036081,0.39957211215135235,0.3083055464171217,-0.01054894089454253,0.22996938019149912
12.31,0.4747335856124639,0.5239590922937616,0.6411739543134021,0.8348688521386298,0.9861659431336356,1.0176270260357294,0.9336605655281014,1.1706151179639956,1.33670183256467,1.3399201312835618,1.3600298735480267,1.442162611342407,1.4867689030642564,1.3689215934387589,1.5139963800158083,1.4253385319886251,1.3920321393220851,1.189392515796,1.265481774719253,1.3319630660975008,1.4242659608380717,1.0868653670358546,1.124251701473487,1.0069109271185563,0.9989849934093825,0.7543714268449349,0.5839937901330812,0.43235943790157455,0.3669095875921781,0.22448999181487572,0.02156066106172836,0.1538202638640756
12.319999999999999,0.22094983530129575,0.3226314992693464,0.6441124603717151,0.839159365582529,0.9467753373362982,0.9544812607049278,1.1538666837252602,1.1553449995743477,1.3355551433360098,1.3834269502419754,1.4764104762542187,1.433132479094868,1.3851678681662443,1.4911375884613172,1.488354353937313,1.3997496677412176,1.4945146331629036,1.307024513753413,1.3294917749748145,1.1968688644016277,1.356035356636894,1.0338437339888538,1.071080301201771,0.984383401146036,1.004563789236205,0.8500711941389563,0.5922645197075683,0.43051049185462975,0.3802605379054654,0.28740757939930084,0.12326583187401985,0.12347901048922677
12.33,0.2674433980416877,0.48807171854970177,0.6440370453796446,0.8415221986428133,1.0165510636502118,1.0714054633416425,1.0780869167386895,1.2070210513109325,1.5051152041396858,1.3409572303905395,1.4007073797146659,1.462942580428742,1.3346329856152226,1.4280096888008442,1.5374074210379773,1.4073050154228186,1.4455249871925528,1.1663307974074546,1.3671980186960848,1.3180805728642324,1.4037730703132423,1.1593213301962502,1.170669955320291,0.9832308717997151,1.000808140107751,0.809126438939671,0.6181819158316076,0.42188353621588537,0.3488098000288355,0.24804507413570745,-0.009741431793927401,0.07468145422609027
12.340000000000002,0.2661212758815646,0.44887487860381114,0.5300527027110289,0.7634384482986398,0.9924269983397509,0.9853275268661273,1.056393182627297,1.1159551244964092,1.3074139411737271,1.389337661257747,1.4809511897757797,1.4727656430642555,1.3959085456869582,1.456980772894859,1.4442294943961111,1.4048244072697536,1.5057089960156715,1.272640523464606,1.3394346730099418,1.3531583136616316,1.3286227487820559,1.1645558515555212,1.0680538990686215,1.0322386529512537,1.0754550918863226,0.7891821388328699,0.5578403852376264,0.42365984290884934,0.32286834057508973,0.19684394875142805,0.024964879842941164,0.09215947363723957
12.35,0.21362118557867144,0.5051450669841686,0.8043248247829387,0.9169897388001548,0.9320938456340575,1.0158092676845072,1.0946383598258782,1.1413282418847421,1.368314689030096,1.4032239409218936,1.4076669037277547,1.3311608536456778,1.3243002860913458,1.4919245198583513,1.5648250865457645,1.5100274069155644,1.4919845701799914,1.2476291228255292,1.3528733105773358,1.3367125778654358,1.4369384165465648,1.2081042702321014,1.1500007365439586,0.994671820930391,0.9631310195637552,0.8709563996699485,0.5552153322443683,0.46245426118999056,0.49636866233580335,0.3273952429348615,0.03168114025295928,0.0376956114688923
12.360000000000001,0.2937349996502871,0.43855144521690365,0.5972208485777878,0.7740310263222273,0.915712601526795,0.9978757290144145,1.1489592976830725,1.224704460158784,1.3128442961297049,1.3149321730698582,1.4604007344914043,1.5034930320211837,1.3027314411978288,1.4608737242644465,1.4762646650221505,1.4289838210144685,1.4287267921970035,1.3208887863793959,1.19574736183073,1.3064783252280996,1.4441224700705595,1.1376697012067094,1.1214671345820815,1.0303524156666117,1.0898426056022472,0.8985214601906747,0.7020975053177892,0.5825688160606313,0.4428875984056797,0.31168714878749365,-0.030254902501266355,0.28552470470347624
12.37,0.1710682745022687,0.5675601994814883,0.6934768146200486,0.808114848272073,0.8727798409360336,0.926248659257422,1.0960656739819488,1.1817619518792026,1.3146009549586264,1.4234038030995244,1.4888056210360068,1.5125453996314002,1.39715297099728,1.4551219219226807,1.4035050006290732,1.433111556682589,1.4806226564512721,1.4361054016904458,1.3240885438038588,1.3834073647508967,1.4288780481540826,1.0579410357923782,1.1380986544248566,0.9807819870552845,1.0168469786399075,0.9855605339516631,0.6442231473467261,0.4531048688514508,0.31456021530075073,0.31280516168487377,0.0151685390479418,0.08574559586238921
12.38,0.23346228662056565,0.5116593563106173,0.8045817281486672,0.8307680229006738,0.9945071358303299,0.937957829506053,1.0564375774334933,1.2851728320338531,1.3990036304816442,1.3644310182574224,1.4518368459416462,1.4315706731380926,1.4228973144061716,1.4979706166690858,1.4983031131568352,1.4478619604811804,1.4856822799519422,1.3021595241052029,1.3771889126549275,1.399285451160107,1.4439840891392695,1.1447516978836012,1.2070682419966836,1.146217831283454,1.0405499818636377,0.7770484731902528,0.6003169370100844,0.5154140074353333,0.2900465025920567,0.2660655490356777,-0.02224716972856469,0.1259922486720314
12.389999999999999,0.3036415501509115,0.4549181041170294,0.6415424076217181,0.8320307905943605,0.974755988046583,1.0582702266239365,1.1558657645960735,1.2425330100871232,1.3107856346992997,1.329960833545968,1.4660658552598886,1.4848849433991422,1.3616479236544297,1.452235274685268,1.5264751249978121,1.4952198672424992,1.5061124377238992,1.402507941476813,1.3286164623655121,1.3839031163008326,1.3795970431221367,1.068565638199336,1.152196218417104,1.042519539321504,0.9122688522958644,0.8666380800894908,0.6092570588055594,0.4062622519165999,0.28127811536672154,0.25569208433868346,0.050490712097602905,0.22607873916418147
12.4,0.22866530533220505,0.44206194475864635,0.7214316471260556,0.8734241981102985,0.8926005964248047,1.0133842811701441,1.1662424955464532,1.1944878170842885,1.2306403047655172,1.2511243688148432,1.3369358549266532,1.3855579898562878,1.3641781585874218,1.3710199701427768,1.3583487270204064,1.5218064727062943,1.4895074168569051,1.3043530917240302,1.2783242063675622,1.367518907462477,1.4309297810596124,1.1537662656647387,1.213809317509138,1.0725442749980798,1.1372042776041194,0.9174536653138603,0.6562544675254397,0.4637843766669925,0.27839522129846134,0.2465544791104709,0.014275727621314026,0.0790061073042259
12.410000000000002,0.181448964713056,0.43285800462155954,0.6446786251776182,0.8010783570699864,0.9446654140797355,1.0926640090593942,1.1219668544317152,1.1371539084495352,1.2341611480032024,1.37023988324765,1.472548176547457,1.4076286859553804,1.3840679743739306,1.4723641282358733,1.4938846144500741,1.5430901554858014,1.586827459618682,1.3297871452707475,1.3197154366064834,1.321447185492318,1.3527838431858383,1.1714926586327206,1.2875555851347373,1.0909935494409475,1.0728023725589226,0.8683608076795544,0.5918029025895708,0.49840565216129773,0.329216701493042,0.24849293843325734,0.12103913307538698,0.04782824776066448
12.42,0.30890709029815333,0.48643617834930925,0.7272456134058793,0.8211324714952098,0.9687747171311776,0.9476302808093691,1.1542198390819602,1.2811926777596234,1.3013811657229692,1.350735506521597,1.4264804179955985,1.432941447874274,1.375096451561581,1.5351930215225376,1.4604618414300532,1.3655736589680538,1.4426238272153231,1.2997961739985118,1.391527100609836,1.4334751492075593,1.393791880282202,1.1374172198168284,1.1493739454823109,1.102450962130921,0.9922076917804423,0.829629033886471,0.5923225357595969,0.5111101594367682,0.3028764562912242,0.24552608708378015,-0.017518403495480655,0.12399610347163868
12.430000000000001,0.2033015439505445,0.5267558196073164,0.7714150276819984,0.877671355841237,1.0613106199116695,1.0004760955610315,1.090622442931104,1.0798135799530182,1.2683641913131298,1.3005914430135546,1.2835148140075403,1.4286157446722063,1.4083534992593751,1.5043620196774765,1.5528709662073004,1.521355329424285,1.5608556718174624,1.4281551328666984,1.3301533242133308,1.4000045763836204,1.4738790624853533,1.1118941638525548,1.175617636456141,1.005907497758364,0.9534053625278033,0.7841661268280253,0.6997070343174112,0.4826205936788431,0.3375902543498439,0.24485271076106058,0.09393174267899868,0.11155587391637654
12.44,0.33545905915043245,0.5495821032481892,0.70347724443377,0.8848386214150342,0.9641559324708958,1.1065887207357432,1.1489247988810876,1.2232973860267946,1.361050239120038,1.3876883314167596,1.503334111625281,1.4606926391802337,1.3757912289712562,1.513743682060848,1.4833599997120364,1.5028509480223606,1.4444271077925421,1.2868159107503465,1.3434784692995425,1.4718958139854839,1.429721846102397,1.1283990311712835,1.2128076068889873,1.0588961399156633,0.9685005287076078,0.7727963894320562,0.7000276976327643,0.5163069639424427,0.3121667155056671,0.24301635273693728,0.0023757244850251998,0.090478657766422
12.450000000000001,0.3652991402882773,0.5683636176534868,0.710844950045607,0.781927821185457,0.9951727094030031,1.0721970412873,1.3116601646300203,1.2137709599321274,1.3917763225529436,1.323646118085259,1.4236511849725033,1.435551646322213,1.3606807242308008,1.529081936041969,1.5226042459493552,1.5414901130180267,1.524845306225528,1.2851671665667785,1.2919054627691782,1.4601498753464153,1.5017795572291768,1.2064623120161408,1.1957620016579582,1.0810867451067303,1.037542885161316,0.8682755067885772,0.6409474910471146,0.47970029570600764,0.29254401035139754,0.21785929184642375,-0.02272547669958542,0.13170315037674352
12.459999999999999,0.18072795723772364,0.46556180542845793,0.6430574576220365,0.8297250756999215,1.0202001508668912,1.0030268148111319,1.1574831366544334,1.1869587144577456,1.4062490171746458,1.362323114338955,1.445711157985583,1.4086597972239494,1.2845398957860803,1.4915548262221323,1.5311777260467632,1.4978962155893871,1.5016265991461926,1.2785390987115017,1.3831054153482074,1.4766531332491406,1.3954416910413054,1.1193360732509794,1.1546650469209203,0.9797475289595768,0.9037142775821798,0.8784443617546989,0.7042655376181126,0.4324096873989054,0.2085784079738639,0.1834965249379424,0.022423024715559695,0.07770400724731541
12.47,0.30662879525553316,0.5402961165099849,0.7217174239699563,0.9230999332063392,0.9623478496238056,1.0198943609409672,1.2141278316835435,1.2838116649012512,1.4240512023253806,1.4412343459535915,1.4799276926640814,1.4255978299512375,1.3419063049932907,1.4689393400059352,1.5410582672834905,1.5494021797239115,1.58100223346122,1.3692220580507621,1.405346187079488,1.4519382135018657,1.4249653549616088,1.2724647792194133,1.246822893915866,1.0956105261666662,0.9783633061474034,0.8503275992257248,0.673411532225685,0.5545064143856253,0.4112052783379369,0.36312471195509205,0.06016044325071944,0.1459340733355756
12.479999999999999,0.32953229253163263,0.5345705050430154,0.7726299967660356,0.8655059603545079,1.0345890986756576,1.0685276798505565,1.1998445570330614,1.2411186063215753,1.295833348405949,1.339219557486068,1.440698905089327,1.482780881994313,1.3609663313400135,1.3993208203879357,1.5705196688118794,1.7132825919331935,1.5185014486614792,1.3163904076049702,1.40106119354386,1.4878110810667757,1.4615846296681945,1.2037403584845676,1.148671026571156,1.025816976793544,0.9460813092878493,0.9135248915499328,0.6977033687713522,0.33810789123521273,0.2875852068945513,0.19477219902407594,0.004821650670589737,0.10133809604487795
12.49,0.3293249684835441,0.49155209514496323,0.7192218146506313,0.8672344791441704,0.9102948233127587,1.0048850991696785,1.2501723899337367,1.30624730168787,1.2960056044510855,1.324515167857716,1.4361331187212891,1.4713264455055681,1.4049079675371368,1.4425191702856448,1.4676556769605036,1.543965018621842,1.496285365584307,1.373401109671545,1.3503801169624898,1.4533536294128948,1.410694109303015,1.2283774657463362,1.1977602219895136,1.1808523323925435,0.9818983303408515,0.8652020742910926,0.7062985743841831,0.56151826033752,0.38013659805796507,0.20128343836140813,-0.07087194046671383,0.08696571497815148
12.500000000000002,0.26556410500442534,0.4624456854540603,0.6657433676520927,0.8243422684586239,0.9791076842059196,1.0046715226686849,1.2086348799179127,1.2645624694688418,1.397745687351509,1.4160265102197078,1.4361104072493518,1.4474092662762066,1.3614265788811257,1.4083076138309678,1.5419946510212192,1.677028939467296,1.5627592468494986,1.4171200232256407,1.3283624209710543,1.4882492544600323,1.4645550367657767,1.3465168608689668,1.2555953498983736,1.1015383649704096,0.9810819332235765,0.8254178552986813,0.6352162175756296,0.4618190512337814,0.3598683085201959,0.26341886138098447,-0.06340807731518079,-0.02536706178073617
12.51,0.19668194448982607,0.49447543250657583,0.7660184942147487,0.93729383886436,0.9673051924668439,1.026771356899735,1.2362647017980188,1.1577538242952627,1.3540134797958991,1.4253849054232257,1.5623370646484231,1.5638683705865928,1.4281265582989586,1.5029323654138278,1.5180574126977555,1.6008166760541291,1.596840192600045,1.3693982588640987,1.4107330576474764,1.5471710024516554,1.38800267288811,1.1908892288598831,1.2406549518757024,1.1207004906570908,1.0444647193231675,0.9397913768362873,0.622059108196143,0.5222565821075457,0.23724907846231996,0.23926916771840634,-0.013420050154304745,0.0052552169962893115
12.520000000000001,0.27005190610779656,0.6283830375403376,0.7708501672951549,0.7791567716212375,1.0728995534394872,1.0800456324529963,1.072614803949447,1.1421975431728106,1.2552760828578982,1.322880443648394,1.4132890608391304,1.3803691342556141,1.4036306352662191,1.5420780921812252,1.559297280115011,1.6508555141246986,1.6457422824717363,1.3431018772482186,1.41209434587986,1.499768631441508,1.4339847568861526,1.1747126587850822,1.2087092699254582,1.0927092903816746,0.9732105080368534,0.8532606005287795,0.7302154117304439,0.4780233518120555,0.3291609933895429,0.1463541601487098,-0.09148890875675865,0.04862936901299314
12.53,0.3491470491361484,0.4764869854197109,0.7139728073077419,0.9599424873224166,0.9702257641860503,0.9608611656404472,1.2610294356943554,1.1373141967566325,1.369437149965175,1.4804464464060527,1.5230208399550613,1.4403881620167658,1.4374192752170951,1.5972929728387233,1.5952609129104438,1.694827420669356,1.5398400650025428,1.370629270551606,1.3821104651046063,1.5588236467343244,1.400112292304765,1.3021120201133387,1.1160148679293622,1.0216703949417247,0.9631494521157893,0.8996882389616474,0.7705354858434734,0.6741774899206677,0.3624716088362582,0.2305936063928376,-0.1323913932920651,-0.04526479501794306
12.540000000000001,0.31823337604634605,0.44039449551393733,0.672297212219817,0.8818284004388247,0.961407153036292,1.1127751303209605,1.2739961553983896,1.3051190424909753,1.3819470471727897,1.3532231385317999,1.469874029960521,1.5196553106238093,1.4157126990965383,1.5102131605295654,1.6298345944244919,1.65154013271555,1.5730561210860892,1.3976308623892766,1.3572989127341828,1.480922770232967,1.4636016734599195,1.297497843490324,1.25624988256247,1.1819080490960272,0.9971948718160908,0.9596188708150302,0.657802207855277,0.4178842445510715,0.23008299086896092,0.23410154966926508,-0.012886832778033475,-0.012102340055042612
12.549999999999999,0.3321145220620241,0.6247452569803822,0.8390467635170059,0.915794077609492,0.9470524101860166,1.044489625299126,1.2170324199743694,1.2117406115758893,1.350413993315469,1.4830685284737513,1.5261298598898945,1.4250790958598123,1.3321742671704015,1.5752770313818254,1.6860148339343777,1.6997423115054469,1.551617828647901,1.4059913918197764,1.4120376847888823,1.4096502978145726,1.336820340675372,1.2166116970304084,1.1854215717804155,1.129185365290543,0.961767068068457,0.8745822577860827,0.6543737149601697,0.46561306985535394,0.18136419606999313,0.19401299120496707,-0.04934985191259726,-0.00522922245160564
12.56,0.25972826609163174,0.535757107635884,0.7031258474413392,0.8694520822294852,0.9878728269509014,1.0735093404003289,1.2673691755347885,1.3116002269919464,1.5206780589834148,1.4581879803455338,1.4726099456004262,1.4731634807308895,1.454552413171517,1.6258630812118076,1.68361169850278,1.6840604676892357,1.5863258275135061,1.431204222017418,1.467991580399946,1.5529477973983663,1.4339008523406767,1.2627179405297873,1.2375087582651285,1.1858375454798613,1.0293697812632419,0.8445101653688222,0.6576010719182794,0.46566226745760614,0.2022713882252597,0.14121114447039557,-0.05809120923736221,0.10377295838222411
12.569999999999999,0.3554512335748316,0.6565809639328679,0.8445504568971944,0.9801883015127878,1.0685738056764365,1.149435278961355,1.2674409804073579,1.3447561247835809,1.4089674056934767,1.4672982607075629,1.5323508266055674,1.5313399810207615,1.4035532876539532,1.6318706921514057,1.5506603122082672,1.671947873053279,1.5874222480760611,1.3924648468779484,1.4754492869171534,1.5146669549138034,1.3554344562210905,1.2976606994974564,1.1295296103236157,1.0604868726069767,0.9888695515834102,0.7456506160483587,0.654052785270477,0.4185712361166153,0.26398110392089263,0.2135239629604889,0.0034137614642174106,0.10249861331342935
12.58,0.4362991647917543,0.6537217614964896,0.7302010865521356,0.8627112570570158,0.9876981179357239,1.1494655914350822,1.3865877327072307,1.2525215519842443,1.4110811738256286,1.4370352349689044,1.4779647547228272,1.420068340459322,1.3708570845469947,1.5555210489988935,1.616316016146742,1.686777560557681,1.6234943485975093,1.4453050650729655,1.2939957905769726,1.4390646626546437,1.3300438809965809,1.359545101890941,1.3735637400329752,1.0964889047321804,0.855880698254159,0.8986777878904963,0.8060985811920305,0.48192061385312157,0.28831688768181996,0.30125886920083245,0.06999511889932994,0.009263435359428564
12.590000000000002,0.3610097737655302,0.6163515534509914,0.7779239814021833,0.9199026368414908,1.0201540032670111,1.0235944486809772,1.1525237893791245,1.1982658404859563,1.283683752473703,1.4182068120308011,1.5145221591463534,1.4937136141966978,1.4090571352659331,1.527318093416541,1.567396824290378,1.5918930806546034,1.6007739774614929,1.4286633548410732,1.3856121203487681,1.3174446180517618,1.3648317018445946,1.2079430786613343,1.2228003783331605,1.1291482372499302,1.0014136127266975,0.817880110151926,0.7006334971207061,0.4675087135310326,0.23480128876670306,0.0951395656459809,-0.0203838014303425,0.01955023988480488
12.6,0.33882446263019583,0.557396543240877,0.7692442509280542,0.8883473245635094,1.0284570152526116,1.0198610443140508,1.2965140269298887,1.3391990819863475,1.4203234491568835,1.4643845676552756,1.5642489053309785,1.5216021321936286,1.404487031145567,1.5832077905447024,1.6477449354212619,1.6252012981076043,1.5925111758613264,1.4730629073843053,1.3737094121404785,1.4196795562719207,1.4037758789216679,1.2546585657648726,1.292473476474907,1.1413009048327512,0.8556771438193786,0.8312837713018624,0.6188600737731834,0.4525223315338295,0.22165732256811355,0.12407306461875535,0.04836854686015123,0.06779144395962808
12.610000000000001,0.36235938558316433,0.6815473919867994,0.8589083130126897,0.9511060347915614,0.9431263471936603,1.0474228491832738,1.2334185965292648,1.251226310892974,1.4219412435351735,1.4951335764070355,1.5933674801760733,1.5342565653590214,1.3801775671408594,1.5833870890051256,1.5675970434674034,1.625133108438552,1.674714957676632,1.4868663322872187,1.4450537491836297,1.5435507022321175,1.3274876614304303,1.2678544183376101,1.2354513841673804,1.159930190693085,0.8331466844620481,0.699685455498505,0.7054317393142506,0.5321096180775106,0.3463279944880042,0.20062180622615486,0.046374425706239175,0.055601351205649165
12.62,0.43873403097578484,0.697586062669282,0.6254522840016578,0.827128419117185,1.0351031245288127,1.0007012945850284,1.273656469880826,1.3155434047606513,1.340247421414476,1.4401079803076473,1.4767857089665843,1.4207987326693612,1.3640521439450928,1.504674162171327,1.5616978224937308,1.696725709795649,1.6297125096249276,1.5228420986700817,1.376723861157075,1.420939692192518,1.3492822847026873,1.2333210591905632,1.1128055192868809,1.122667000715105,0.8989481211774757,0.7700516313963167,0.582794348657755,0.4393182516737356,0.2999071925737998,0.2675978709426893,-0.0955436187642652,-0.07072031335003248
12.63,0.4214540813021285,0.5319601079063869,0.7879372864969691,0.9203814357168426,1.0042623713286027,1.1481191700308095,1.289719756647095,1.289352638818326,1.3953163656994263,1.4836534703610562,1.5412859865342896,1.5193128708029568,1.397898168916872,1.5419118344835923,1.6066737380411777,1.6353020028855507,1.6555140603736727,1.4964783543149074,1.331930106681569,1.504848540371187,1.4521587829159912,1.2968426318090351,1.1557177258210127,1.1235895906319628,0.8267764763506016,0.71637490445766,0.6239823818411041,0.41063941743772603,0.30534834275946454,0.21813198664700473,-0.05720186739735776,-0.0689291986150554
12.639999999999999,0.3370371975205555,0.6462939104619956,0.7311171661486593,0.8878218262651772,1.1159949137382563,1.1283515025595694,1.231091531676173,1.3120102037598766,1.3575756755368846,1.3919907003578438,1.457546496037723,1.5419988433511045,1.4591225518312831,1.6234907238261693,1.576454059929568,1.6077164471266518,1.5093980412811296,1.3857711495784457,1.3025173502965597,1.4086776449760685,1.3934549077203982,1.269665053476028,1.1909719547351834,1.1638801164412147,0.8960218507406886,0.7292687553741213,0.5506512293202882,0.41551003711027584,0.21267456213848604,0.18930380963222093,0.08381461999774883,-0.07560395695135949
12.65,0.3476828905004743,0.6641294006460574,0.8142269394555738,0.988744281074603,0.9579742426479884,1.0026086373094445,1.2435594812383008,1.2962053938133478,1.3936881602171567,1.4776757985271614,1.5425604705164062,1.608139423200179,1.4309644395576104,1.6493611376802502,1.6813683958925416,1.640270113397513,1.6532014040033332,1.5059778145004288,1.3751409580171172,1.4543246647122139,1.3582488503127828,1.3299228594239851,1.2786194361421,1.079937307347597,0.9050614359801814,0.7914510549143225,0.7088452664739895,0.36513591830157205,0.27346513673033185,0.13694445052045665,-0.0425334609306663,-0.08463224655631657
12.660000000000002,0.3396064028908626,0.5940893400514318,0.7078753391887627,0.9471032053869428,1.1179959520003957,1.1108066308435331,1.1465776470829865,1.197554719221001,1.4176739274709413,1.4814303872234251,1.6053915453473269,1.5383046673274694,1.5199019433636625,1.5417289597287225,1.5275014215330345,1.7109801578382244,1.5683000132062648,1.4424408075435309,1.385726819382572,1.4390927031589713,1.2852587571258194,1.2943507559843508,1.3395455129314013,1.0880453210478744,0.8497655408023463,0.6873433369692494,0.6075565885626816,0.3993137326296209,0.2181113872921953,0.10138556003712706,-0.07963593900789255,-0.07817649632612617
12.67,0.34811204355081865,0.7565258869099786,0.7403815142857741,0.9852286956545333,1.065432881494517,1.1164443604851424,1.2871209164011863,1.2784122091293635,1.3393494721795036,1.4602776356148492,1.4606338528784206,1.462724418523395,1.434807381256067,1.528318955929292,1.5782788905077585,1.5169856061845188,1.485397915867177,1.4958657198994558,1.3906771293711249,1.3904541911491752,1.281762312740582,1.3201626842985268,1.2668292944532602,1.115166035017311,0.9676423796870246,0.7981859872854853,0.6140993757515051,0.3710680859025897,0.29630952955587336,0.17079114460878478,-0.01673276200175133,-0.047778947571808894
12.680000000000001,0.3135117854869535,0.6470900238731622,0.6857073319798092,0.8942631759240878,1.0122132978063318,1.0961970180755443,1.1645074341158703,1.2704558724184343,1.3684613358131255,1.5134575123869094,1.502202037133485,1.4959453315972087,1.548019164226204,1.624054270628266,1.6187104937655974,1.5882168089551485,1.6414899758765409,1.4960339850768327,1.2805274743672748,1.371389246342349,1.212178311678409,1.3059100461574678,1.141644377919994,0.9859344836451026,0.8575481267057714,0.7326377661384578,0.67814111036225,0.4337339030169987,0.2673353064621599,0.13398014942573608,0.006051239451157431,-0.02882315444539904
12.69,0.3197309503554742,0.5380125665765844,0.7700062268022478,0.8750256291986097,1.030540398781698,1.1810445245122019,1.2426140320482153,1.3261664162981328,1.4614691210745705,1.466877613883954,1.4787147072351885,1.4394987813107836,1.4595101541499063,1.6447629033710611,1.7025721726974452,1.5727575955157993,1.618176138527283,1.5327538450932354,1.445612349838825,1.4933067585894237,1.2723154400293102,1.372500552220002,1.1863626693855034,1.0220809007994647,0.8405399976566151,0.827007153918561,0.6141362766356087,0.2844326803782222,0.22360125784452745,0.1488824362765107,-0.06791185144591264,-0.06429407946454023
12.700000000000001,0.36612950043560005,0.5463452307891115,0.7360150950584945,0.8960801208938683,1.0009481647616347,1.1166440000022702,1.1998823592815326,1.2379896105276293,1.3986237016964684,1.396302280708616,1.5480599881856512,1.4950229007727402,1.3660987194707985,1.506600680305836,1.59662586113757,1.689459112372761,1.657578219956542,1.501825166940942,1.395233190036497,1.468607820101069,1.2986706078688381,1.2734047194404958,1.2181487354770446,0.9733900978945625,0.8319422799385834,0.7873831909357017,0.6605610954764409,0.41167843144179955,0.3122136538555912,0.2235590556300173,-0.00845401570049935,-0.029196393027160025
12.709999999999999,0.3545918712142239,0.6910875536790768,0.7990089644277898,0.8709979375527186,0.9481078646283435,1.123687398118247,1.2592595739032864,1.3396643323858495,1.4073592014422136,1.4680927851825762,1.7245106913449146,1.538854504926534,1.4538273545867444,1.613649227073276,1.6392454620588546,1.6746444168800854,1.5583071346165789,1.5312159939225842,1.4348413963357902,1.4888176409190699,1.243644014819159,1.2486490352642357,1.1793439328659512,1.0515038033164303,0.8770292974542072,0.7286141042651626,0.6745187097617038,0.4549166842090941,0.2690842695498652,0.1475672937556538,0.018420701792268873,-0.03612916527778116
12.72,0.3353280006745136,0.6241424980250887,0.7062321709053372,0.9032562208731153,0.9846081105619533,1.0689756611029932,1.2443298908531089,1.3393417382799284,1.4401646644410453,1.5454145071829934,1.5675364536283387,1.5877680808275116,1.462267892481343,1.4886514509113562,1.69899831151542,1.6875888272345352,1.6659731251423981,1.5030640399479123,1.3515187559138926,1.4637902977849064,1.3114761472661667,1.2178523225854514,1.2404783944043978,1.150566174511924,0.8542863957131485,0.850676063709042,0.7166843566950373,0.5292342943125061,0.2256410958425641,0.12913704821718655,-0.005913158914249759,-0.08802280487783778
12.729999999999999,0.31864175116975774,0.5907794765563709,0.7446493727819697,0.8617209712349039,1.0430861982284803,1.13405687967804,1.2448201921299251,1.239810740879065,1.4017625427432734,1.6028605621533454,1.5938835574628896,1.5314196994147753,1.511784580212865,1.7016186548756602,1.6169534665367002,1.4975340765137477,1.6082607056697258,1.4872942959365894,1.3893080039119914,1.4478181067082894,1.4039085860151472,1.3246047901352656,1.2828375453027516,1.1282367627259173,0.9095912234443572,0.6999838138127024,0.725728241354312,0.4712554263023521,0.21856747059622111,0.0012538489554231487,-0.06256305381265304,-0.007200709878413099
12.74,0.39636390061559396,0.6886109005025131,0.703922123282325,0.835858099026473,0.9767065717010495,1.1369210032988768,1.2448667403067781,1.385338445947378,1.3699737096988474,1.4418769822269601,1.5573853617473237,1.508537944681228,1.4039007816197713,1.6799577997357469,1.8299395625603994,1.6382663209726078,1.643218827620903,1.5912653384109752,1.3862321762912795,1.3768268848182663,1.3094232819227463,1.3502537793536937,1.2448431777559892,1.0350561384730934,0.8686890975491645,0.7441093888034482,0.6456388535281391,0.45072814570023795,0.33873807886621893,0.11413630872526587,-0.02990306412762741,-0.03241005260447336
12.750000000000002,0.44158579745606896,0.6135315644510757,0.7877804211394147,0.912631142296471,0.9802352502023488,1.1674029156259955,1.203875107965683,1.1545503793880896,1.2639644608083853,1.435474880944287,1.5662405949667006,1.612253106318856,1.412731115040958,1.6147995154007009,1.786058498937448,1.5827022969624012,1.5637303477355842,1.4565922211431999,1.5278767590353646,1.4656491109066356,1.1975788899445987,1.3235157757347067,1.1891047536441572,1.1480836720858154,0.8500001006169832,0.7386823158559688,0.7370320389661159,0.466357003035047,0.3181898648242231,0.25413448442893294,-0.06146494096524315,0.026489528651660252
12.76,0.37449510418472903,0.5738354580537379,0.7155409925044638,0.8666014384624995,1.0584833209481153,1.1609191336379423,1.2131651457067711,1.3572468522942034,1.4499915375016967,1.4931118544907296,1.503314721695308,1.6243081903864045,1.5214941246893894,1.6548058076221859,1.7315476498334326,1.6581326563751395,1.6880261629271793,1.5333821790899234,1.5033162346699998,1.4443929525639938,1.2218196780336186,1.2314194743078877,1.325473545097424,1.1039567270721882,0.7807014601748312,0.685923002348433,0.7169094753307871,0.3370669146980391,0.3037190853737982,0.14852738322904072,-0.11262223457737715,-0.04651528626468301
12.770000000000001,0.42042994780670717,0.5717974559445587,0.697525971767718,0.8423059418590546,0.9648954205909616,1.1528169300042745,1.2279690537832284,1.229422098251052,1.4668341280752406,1.5228713719203635,1.5493133332212525,1.5960550584059345,1.376305877466014,1.569831273107683,1.6775608442212655,1.4738271113380161,1.5931763029934416,1.5412083039947102,1.4893951326682267,1.4523182079507548,1.2753251850477398,1.3413293110263755,1.2677991331795306,1.0552681685964442,0.8975312650575262,0.8033617767519485,0.7389091981009743,0.3391841304695612,0.34294629644327496,0.1321298289661116,0.050567059474479106,-0.001199154666898232
12.78,0.3754837950310437,0.6229789506677272,0.8156826329098004,0.9421406461136617,1.0213521957851044,1.1248570745065547,1.2214276266858253,1.3643294589957407,1.3525347645147705,1.5211397809301297,1.5603172306991044,1.6305190271149959,1.5300500926529244,1.6307884541930242,1.5742609622416577,1.5741732097191665,1.524333582025292,1.5588130008633596,1.515470144980438,1.4881862384682705,1.3896156979312226,1.1899563199964487,1.106931611393843,1.0276710028777678,0.8467494161498811,0.6878177672716087,0.6767463731157675,0.3652552158816298,0.23700966741577376,0.14442760832058757,-0.01606457157526093,0.0488443385454978
12.790000000000001,0.34895203552230764,0.4563222741772455,0.6950250142386492,0.8708640990111658,1.0069437936553243,1.0887277745450288,1.0955987040352166,1.2936817240440024,1.406318922571351,1.4101147272105183,1.5191676537624472,1.4925571763141792,1.4835881118191345,1.6536045879329708,1.6214071657160911,1.5024242855673329,1.5859374574783454,1.582758895712955,1.4978655609674738,1.3650620064266608,1.2884184477866114,1.2555032154659784,1.2646836856483836,1.1395267352322196,0.8472440430047659,0.7649903533139017,0.6583432133738231,0.5272772924402566,0.3133983267092671,0.14801708971752164,0.004899502757856474,0.03589918973112274
12.799999999999999,0.37776432772994256,0.635093255532462,0.7392918333766145,0.8850489443229116,1.2379532678521725,1.071657152177356,1.2036784001672163,1.42248442945137,1.3508623950830267,1.4852197658269197,1.5497124763140366,1.5859169887542788,1.5772912017579266,1.6267789361575735,1.6171352295390844,1.630646825423971,1.5936156321465693,1.6283652298087452,1.5556712523181082,1.2962329293141912,1.251934459474653,1.1790439749362847,1.2623459076050694,1.1261086033291956,0.7685774570387798,0.6668210692960284,0.6348057896785461,0.3883725594306325,0.2268496565354014,0.22043457265256078,0.07396829454516303,0.08994380213173941
12.81,0.4904341284114654,0.6603745695138796,0.7402438313189627,0.8575491746391191,1.0173002655237264,1.1361457834955604,1.1910896192588512,1.3451103962509463,1.5169924699015267,1.5693615792127307,1.5033320766333143,1.5375819001344089,1.4328383981990729,1.700008558818504,1.6453316837706702,1.5533816566060261,1.5579381077016405,1.5205961666495633,1.4608808447700603,1.3143421256464638,1.215617062148613,1.2969785269204046,1.1874258713608232,1.1156214785581138,0.8185021343793188,0.6513193579241664,0.7777900822141801,0.5152043905023679,0.3899292672638907,0.10981060751775673,-0.0025505067215045333,0.023516295605860806
12.820000000000002,0.274345574331986,0.5735515064656435,0.8436523303585577,0.79208831946373,0.9491882902590285,1.1932517382673753,1.2062693986181232,1.3364945826381338,1.3530950964935267,1.4167954183505544,1.487325867666688,1.4864041830145247,1.5059405779458628,1.673478866955539,1.6794312006360463,1.6161651764144755,1.5223596465703277,1.4884905988718513,1.6418932409004887,1.3174134496021748,1.3232922083850391,1.277571981840761,1.1730902523834925,1.1088810899864072,0.8622663288797392,0.7122947970989323,0.7500143745271681,0.42541718056721967,0.33427202215143437,0.12520479775988436,-0.034176197719975744,-0.09969324013989395
12.83,0.423621793268661,0.6818612388900906,0.746834578184336,0.9009061625244212,1.0629900428873116,1.1221755169440324,1.1642456388134497,1.2938247530013198,1.3172992375663934,1.3979845596614826,1.5624631339976296,1.5668775779905562,1.4542970344696307,1.6872827945444133,1.643839115828902,1.5854286272057452,1.6618420580328477,1.6150834484248868,1.5761712194812256,1.3395077228189454,1.296145340901386,1.2574718695602647,1.162604956306228,1.0365567280314079,0.8431473284533392,0.7871628874162488,0.5902000877234924,0.47185592146587796,0.31776538909090324,0.16591939340393244,-0.04313918142787031,-0.08096765990366188
12.840000000000002,0.3977592016105903,0.7481142480427909,0.800838388429952,0.8897878039222156,1.0624333611658148,1.1163952736428886,1.1204153272099728,1.2356711198928718,1.3246207542274107,1.4893009187626463,1.5725553659715168,1.5109096510101723,1.657016760215482,1.7305702178707292,1.657604680111785,1.5866459552806191,1.5248307994454784,1.6057715590651978,1.4870541754572804,1.3000547252580401,1.251339631084513,1.3086881914227877,1.1101159228062547,1.1657775111060609,0.8105611172587743,0.7110577927234111,0.7242181272652632,0.4705221902698739,0.228911524758716,0.14200531754842868,-0.0777016179976181,-0.05003652454421756
12.85,0.3492288784430826,0.585804816398157,0.7681879259655336,0.8725577712957346,1.019984086644098,1.1812501473898376,1.2038710122250726,1.3536728212613536,1.3259930703387766,1.56874223763512,1.6040091151918712,1.5900329438071685,1.5432943622799216,1.5382117733714873,1.5591033492968407,1.5992318142926145,1.721802140814236,1.6886573377736227,1.5325723083671954,1.357581866063487,1.187025823913943,1.3101098743255484,1.1190604999486742,1.0957256352076343,0.8634243227827776,0.7528122773757473,0.7643049916234939,0.6037744078642863,0.3578462877301678,0.12874856543366153,-0.04160402359845454,-0.021381907779306764
12.860000000000001,0.40711420083323546,0.5809794983386726,0.7028960979500926,0.9029465825207866,1.0881025198717955,1.1899957738006741,1.2967301561132316,1.2683804928786675,1.3288855025817272,1.4507614395735673,1.4956010927579124,1.5603406578811554,1.596531240942142,1.5525747056240145,1.5963389466975844,1.5097595536267245,1.4841742992037035,1.5955563569064983,1.539865667112337,1.3793363198729538,1.250145593571448,1.2105035800093082,1.169014709304992,1.120806211529294,0.8031210284439937,0.5656193655597037,0.6518349622809639,0.47104515852423096,0.3711959905146569,0.16584237025190152,-0.06913193312055511,-0.014845317695779785
12.87,0.3098342090666766,0.5083787069407975,0.6253178285168073,0.8406712675110243,1.0708194056728242,1.0846633021956469,1.3661546903279156,1.404386033406804,1.3458250306467079,1.4647296750670857,1.5862665124738722,1.5826793676441198,1.522629242794057,1.523101761925731,1.624714204914638,1.5387140478748003,1.5220720427428065,1.458376609491647,1.5684693415085202,1.2352116970471292,1.2924604092015584,1.3464910206882184,1.164796293264023,0.9942694464675849,0.7969536752746016,0.8202579372173439,0.7577886220038637,0.48956664705359937,0.33515118273488786,0.12148638977662198,-0.03882425667706752,-0.05525838272895461
12.88,0.39719640666762007,0.4812262732668266,0.7670852032646688,0.8257058515595782,1.0177385540460104,1.1170969528071417,1.159414662538225,1.226955977525994,1.3277254055509875,1.5199339715185833,1.5716391020587668,1.6965661902627667,1.4460689866790934,1.6532069208425484,1.6820765572599397,1.5917378953149135,1.6544046232468652,1.659013705603365,1.5772096937666913,1.3360317777813122,1.1802510753290971,1.3572500528538718,1.213516479460964,1.1869054865452604,0.8665495483006777,0.6679165909191055,0.6950902859383085,0.5003045828434087,0.32216149467187727,0.11669464072487733,-0.06154590088143863,-0.03856184479008299
12.889999999999999,0.3946392849379825,0.5982334221383337,0.7666335625565782,0.8253416977970061,0.9743831231211135,1.209461006093198,1.2833812783508425,1.3381250593620857,1.4389506648772772,1.5379990551052356,1.5630746738483026,1.5889842298554835,1.597709945340444,1.7495619918867926,1.6888244918163462,1.4469342622656347,1.5693784746061947,1.5486424558380405,1.446348309586451,1.3051568077288231,1.1880378222084684,1.3102423562627372,1.1963133323628063,1.1157282897013578,0.9430758148465684,0.7588314612671203,0.8368019805141802,0.5161585166313937,0.31229418445872714,0.17335103533830498,-0.008501891113982935,-0.04722076299071176
12.9,0.3665953022622132,0.4995767179158763,0.7724262483382612,0.9662108653746688,0.9726053262172394,1.1384315530897653,1.0517738190977415,1.334053155544201,1.3613393956705273,1.4325213160143466,1.445933194576902,1.5410091427884167,1.6015732856460252,1.69413323883011,1.692757427493192,1.514745888806752,1.6203202974768767,1.627837857718124,1.5780023158439218,1.2889907725897043,1.221072849898816,1.2110901164865928,1.1931374192921445,1.1649488504770567,0.833902315679042,0.6922758796286548,0.696133673271667,0.5658152101068102,0.346499783346044,0.16816902498728475,-0.011047640648397312,0.06335225906527446
12.910000000000002,0.3712722249623057,0.5963348859455225,0.742064592677486,0.8781676503609444,1.0555147091414205,1.2032096157039536,1.172954842877344,1.3258976696546778,1.3371932271380627,1.5439041083239549,1.4987482234411313,1.5138306692438923,1.5117388300050583,1.72792714457855,1.556678518960178,1.4593924646731982,1.5531319414237716,1.540756027948776,1.5411187011758138,1.2366806985782912,1.2022451091302762,1.2619470495893603,1.212714899089207,1.0412702790837867,0.8920794059313144,0.6595327802948016,0.6740559516081257,0.4973633165955374,0.36282911985769817,0.12811322951778756,-0.07152161914174734,-0.0016287147123951948
12.92,0.4310969881605736,0.6375296274023905,0.7186807648945054,0.8681410417025,0.9637461100564114,1.0697722761650053,1.248629400717727,1.3724396667748537,1.2587125176337783,1.4836740815427152,1.4983994963343679,1.5574596384892152,1.5037813453450137,1.591973919589102,1.6116964403956169,1.4209857109345785,1.5877831593161444,1.6384451776614302,1.6116104352241745,1.2823396200914632,1.1853976222634341,1.2617043919673583,1.1676038495725174,1.0561955333171036,0.8223367642795598,0.7055465177713589,0.7488224284437405,0.4978156510208584,0.3823794407541489,0.17795700208173115,-0.0216086268180578,-0.031740742495574716
12.930000000000001,0.30605509934728814,0.4400473519021482,0.6025651351509459,0.8347797972643661,0.9932930878820417,1.1959925927122046,1.2479539440063985,1.3764968759713043,1.3573751138654162,1.5056492417289051,1.4812948726691326,1.533861053401845,1.6025711981828639,1.634710359320808,1.6295104931705564,1.4890953171200716,1.4989541865715865,1.5527294156232259,1.5721477866175981,1.289593239504816,1.2007467423125315,1.2619640275827904,1.113630050672105,1.1163738369948981,0.8657048188806246,0.6498232673910399,0.7093538334381021,0.5343306537585505,0.4159126247215024,0.13219288913550023,-0.01340651564305057,0.01888315124504481
12.94,0.35449536514401014,0.646557499304288,0.7320165049716423,0.7951250073606284,1.0612966832924553,1.1235595011615565,1.147591763403105,1.3320165261272323,1.3201108752663089,1.465618534273064,1.5106478565837262,1.6119275098189123,1.5090809401691396,1.6386003129047442,1.574007261681515,1.4352911677914397,1.5749237625065438,1.5916840414376625,1.4767271395162676,1.2014869970647395,1.1325431707270583,1.353931618689127,1.2090687701043574,1.097119998108255,0.9139318642072264,0.7354313467338272,0.8255606025777057,0.46619385535112234,0.24313747771044508,0.1272596152025637,0.07376254191081638,-0.07886705794885415
12.950000000000001,0.45214565486942543,0.5873652001666397,0.7709985626482911,0.9755431914819949,0.9893273173312412,1.0457904807571115,1.170682910680757,1.3804222840687226,1.2532472568923114,1.4911165342154782,1.6120403050990944,1.5541765744198328,1.5179225555295002,1.6519710393283336,1.5606804803655119,1.3773599400597503,1.3811655209504734,1.554114332372961,1.5201142695364893,1.3243275766757396,1.1786158803787559,1.225263215551424,1.0934394005478834,0.9383494338565991,0.9010754014212534,0.7454418566660561,0.6874164747638463,0.5558936671066382,0.35484456323022684,0.1860444443135379,-0.07253581689480182,0.03939719847390416
12.959999999999999,0.3382353423967511,0.6263270126686945,0.8238997990810998,0.8927411040958235,1.0714751221159096,1.128598195798923,1.234765092359421,1.443088897602695,1.307573384843715,1.470364111978305,1.5023129453685367,1.5628776857766138,1.52782185268791,1.522352992926941,1.5139118134223106,1.3102912950156882,1.506043375923572,1.4960170010644247,1.4602028205198034,1.220898029460372,1.1600320639132486,1.2916439240966529,1.051364047776132,1.018715373443749,0.8784563957664722,0.7946894606266027,0.7175011999700186,0.5945615901795812,0.38863030872623106,0.12246559850709524,0.05693168422798142,0.05074739235668444
12.97,0.39372330524955246,0.5608643830250607,0.8216022120562154,0.8778352693252132,1.0156420624240627,1.1973004064443924,1.2551532775226666,1.3138613841891726,1.3540152882101046,1.458951066109036,1.5040865641934238,1.5560880837511926,1.4429617896619071,1.6309257708300482,1.6510098662716237,1.403490692128237,1.4840599085103945,1.5528825380624656,1.5706198036128576,1.4049989152928781,1.2055012876094333,1.1884151326111543,1.2077792849731845,1.0491513685127178,0.9348010284157238,0.6905076415141944,0.724954798483516,0.6137119980017721,0.4027908412192403,0.1383925572351704,-0.05772648386243962,0.012767763179835967
12.979999999999999,0.4005759443101483,0.6189562436538165,0.8908946774549107,0.894122829404302,0.9376524139581377,1.1230859816910834,1.257968338458098,1.3482677524191593,1.3049558218489758,1.4159083098296652,1.5819867627045028,1.664393571656254,1.589689971697391,1.616969539345226,1.5783597831734162,1.3993468847155823,1.4551054641461592,1.5350823237348692,1.4584850576554906,1.3164837700142478,1.2941099760866703,1.3201731958101395,1.1604940603815777,1.0293783195655168,0.896401798117006,0.6821345405574633,0.6590311418259828,0.5449659424849553,0.41321381916787203,0.09663250805529676,-0.056907325441521155,-0.017445291836797994
12.99,0.438177046898771,0.5483576772951411,0.8266588596226332,0.8894196657123623,1.0784092649128294,1.0880770924567744,1.2102464072892432,1.4157407404510904,1.2772628803989678,1.4247387882075482,1.4317428581356104,1.6911505940700926,1.7129786989294449,1.61121334779221,1.5494010372830591,1.4501054746412743,1.4418440364479723,1.4818007158058455,1.545670256588526,1.2475085053112764,1.2677241180418748,1.2844064318177038,1.1612660552717091,1.1472841104688918,0.8242228182294443,0.6806280233085195,0.6974832966131377,0.4331503551133159,0.2836150495963114,0.1093978408256742,-0.03867687233030498,0.09571402074112023
13.000000000000002,0.3477144883354893,0.6209377370526346,0.8385038190134556,0.9250994315072693,1.0640341045291073,1.2319905233548452,1.3300717212339976,1.336303506642929,1.2697464814101724,1.503309957594687,1.580492431917086,1.6452938147246778,1.5481988780958025,1.647745749021336,1.6649748917661522,1.3284155379647418,1.417544237212388,1.6108049713643426,1.5503604686737575,1.2014050349599112,1.1774004298203713,1.2068513481852314,1.1773217280504942,1.0970225632777635,0.8065694615641615,0.7055629611172091,0.6928758286770315,0.5379480343458416,0.29030976970513506,0.12127751665680331,-0.09477394098405902,0.014944806805620318
13.01,0.3720823530341236,0.6358799518907999,0.6831079560898489,0.8692305121478661,0.9258945299254567,1.1709379634906871,1.329432763210804,1.4403059911240115,1.3676564692270083,1.4770925979114256,1.5385300824931827,1.6251336318337581,1.6010275228136472,1.5301080954481605,1.5000223027123127,1.407699429469144,1.504705182865739,1.549952368910304,1.4415335097769924,1.222113365646035,1.2203195236030329,1.212191030242975,1.14898204643721,0.9841403233418486,0.7802677288784412,0.6157244324666382,0.6895805420163392,0.5737135981344836,0.4268664865749539,0.1511194192543165,-0.06116632603658225,0.07077303619351867
13.020000000000001,0.39923833468146996,0.5508295972894673,0.6704991595650378,0.874175807371898,1.0493853677238356,1.067733236936014,1.1561431444166257,1.3846967400324237,1.1907361004409487,1.3970727476083962,1.477424443210949,1.6665783419338522,1.5956048838515324,1.607800823602583,1.4513639227381263,1.363919686850681,1.4962569575877163,1.5524071041601493,1.5197697832505441,1.2567730619474582,1.2328273116945663,1.2793553895164271,1.0821091427908935,0.9590915836816338,0.8189507057087213,0.6822223728748941,0.6591918235929769,0.4994439829417408,0.21067231396844277,0.10454001602638904,-0.11801419470017606,-0.09569673645844133
13.03,0.3698535227364982,0.5369841421776067,0.72047111409638,0.8007624033227579,1.0561130864026012,1.154673773576331,1.1745162442011898,1.3276617678907967,1.3038247546918078,1.4421259709431304,1.434605956128125,1.544919066507635,1.5954364442602582,1.6647250593496163,1.6260517824801186,1.4541104326959777,1.5090597385568378,1.5235898436835449,1.5156366139907953,1.2433778733427072,1.2099722929470595,1.283667919623299,1.073644461014193,0.9946738014095204,0.8783044904597126,0.6604392569237133,0.7160427481441672,0.57437543921451,0.23324054855170553,0.1695289983837929,-0.06557506181021516,-0.05175234605241407
13.040000000000001,0.4294523971579509,0.6405463500711813,0.7842973137663448,0.8535188612589173,1.0767803714891064,1.1146334009502223,1.2527715357017648,1.3809777850172087,1.2287299703439618,1.4342235363225815,1.4284685345943728,1.571627985650246,1.6489450824968697,1.571690629754757,1.5457344835764741,1.4371609170756616,1.5840363432040219,1.5878045922192574,1.5499069408711155,1.1806015946196013,1.188857282646424,1.2944397209131864,1.0368463116115956,1.0368283177433515,0.8840559930882365,0.7025451554192212,0.7300308912441742,0.5345756975331701,0.256759990846349,0.19313182555288436,-0.045620533615703215,-0.03286294946357458
13.049999999999999,0.3272975924358413,0.6029980237950888,0.8244092640368672,0.9835133681537996,0.9608362395377832,1.1118759689912965,1.2300516173751144,1.2736635128048046,1.2217497352428393,1.4235248475059343,1.5635372120187747,1.7431185169354695,1.5093013449419557,1.7047194798000982,1.6013498976641756,1.4660397348360314,1.4546270582457694,1.6196543601554552,1.5722427994862034,1.3082358275097197,1.2459343600961277,1.1849342370412892,1.1017453462164029,0.9631106270242501,0.8156070904362189,0.6924220945169488,0.6206123311767756,0.51021061254351,0.34758471202404684,0.0448601362596437,-0.1324061042758354,-0.01829699851124074
13.06,0.38502972583104916,0.6306118797628194,0.7135679976125401,0.9495431023005747,1.1156187527839514,1.1804126049443922,1.2750101958724387,1.3316108822990054,1.2618396880583476,1.4362241315738502,1.3286318196955018,1.70661517126833,1.6177212197087638,1.6168072201843258,1.506836646608181,1.3838677588090254,1.3727573012317509,1.5428970487889409,1.4930443368883068,1.1845108879323467,1.1190993197729406,1.2493328097555694,1.1113967328532302,1.0710933821644772,0.8493308991012796,0.7675562049059169,0.7296818200192309,0.7115187301770987,0.28403725749299275,0.158976096948972,-0.08700430115654434,0.010418155717303049
13.070000000000002,0.44561074554571223,0.6186013996049375,0.7764004348418044,0.8904319534857779,1.0896942390323745,1.0982676653484276,1.1735374640030418,1.2294060684245314,1.2008417066981492,1.3457089445883093,1.4672958290521574,1.559961401543828,1.5606499513754364,1.6173217972131693,1.6143310885683362,1.3263187575103939,1.4495434786856993,1.5729867914308637,1.5128985093987184,1.2578128403245759,1.1442879923994813,1.1829491014560645,1.0431152282508709,0.9915150912988897,0.9127714831166945,0.854404398250397,0.7801496075999517,0.6876933345990743,0.39913805516000206,-0.014661028471764263,-0.18575882782441341,-0.0686602113290602
13.08,0.37337197429778024,0.5167416660017129,0.7241658751882243,0.859584243690915,1.0920922818193837,1.0998020918550444,1.2195200416925795,1.3370421571191922,1.1810434982147044,1.341515115643192,1.4277198123617565,1.5845541756811343,1.6023655108650952,1.5485777415459798,1.5400031357256845,1.418970187713597,1.376307387490547,1.494245742593595,1.4158824670190375,1.08513240777831,1.1056309841131937,1.1679334365161123,1.0888396195206842,0.9897448896772953,0.8471966578560571,0.8447380104561883,0.711429705224476,0.6201972629849883,0.2804293285290738,0.0594884631252679,-0.13006957716010384,-0.0070753367318496935
13.090000000000002,0.3594100892933055,0.4857146397854219,0.755606680710354,0.8288686266381757,1.008669292698057,1.0426933885064507,1.2002338995289374,1.3645378453282153,1.1988084428502046,1.3201956492752978,1.366914167862369,1.5879774205360946,1.5581363739056011,1.6020702978324421,1.5636912345087677,1.415537051162067,1.4295963599929187,1.456225548977636,1.4426450403312763,1.2060920723800048,1.2164880932456694,1.2272094286915605,0.982761487561781,0.9502837273263661,0.9581359356771093,0.8186673564508294,0.7384411697054755,0.5752694639585414,0.26034258722993386,0.09676749333545039,-0.11602804295715399,-0.020294385926872507
13.1,0.35428238453743094,0.522525517436215,0.7918019562900631,0.9149176203107184,1.024957977488713,1.1338547703804074,1.2898994216702102,1.2606492729085608,1.1210937303282622,1.3411093286990543,1.336761918232521,1.5935538794115005,1.4581435817528954,1.6155115911923947,1.4176819088800146,1.2712473343650454,1.5204474344899859,1.4097993423243962,1.3963966173042655,1.2162098951349112,1.2356000043670172,1.2070669757603232,1.1022987476358967,0.9597285993620345,0.808046437591776,0.7218981351158141,0.675639653913295,0.5157683407692852,0.27871755955043437,0.13686413610126072,-0.07102905895445105,-0.0737645098289113
13.110000000000001,0.4007773459097354,0.4996475229769939,0.7286825695130252,0.9300534238839495,1.084550917537252,1.1075132533866314,1.269600601861288,1.3156329197029708,1.1870366231244642,1.329410343551316,1.37961292850904,1.5925177140842122,1.537150698238112,1.599328022146571,1.484542269888551,1.3310890768839891,1.4483128228304591,1.4516129482900597,1.4250756530690232,1.1708885718638715,1.1907695811987886,1.0325032853641891,1.1236424474814173,1.0321036182386698,0.8665744353586087,0.7914972330621153,0.6676018699986394,0.4971269346656646,0.26130530743300195,0.019697361160874047,-0.008162656811291668,0.02066547335102064
13.12,0.4173128082667546,0.5744000748500353,0.8168440737630966,0.9830139653663925,1.0897583838965785,1.1687885016090003,1.2150263385369282,1.281198807684204,1.199304072299372,1.253346992302211,1.3188844588996318,1.5821249434579483,1.5681642441777275,1.5479420488035662,1.4288552332939661,1.2016065286053137,1.3309728852191907,1.3683020088110855,1.3315965994760355,1.2117203150635216,1.0642915030478761,1.067799918778903,0.9793349843736269,1.0090373754234225,0.8026992432402297,0.7858422572874101,0.6882843740643995,0.5682126424115629,0.228073599956798,0.09713559143770317,-0.11612613318855589,-0.04926365201088144
13.13,0.3643955765546134,0.6441574897853102,0.7423645646882524,0.8818818498620302,1.0428023261620532,1.0717152822467546,1.2069589010218131,1.3537794682464401,1.2422751134067336,1.3653488400024967,1.3649861951545148,1.5968869006186361,1.5765069648113677,1.6024966673125003,1.3614040165764756,1.3064188902704141,1.3677663321886493,1.4713443737133562,1.4636141023331946,1.1426182070052076,1.0990821286390835,1.0619939594713792,0.9557001293926136,0.8111271676277072,0.8344768957490641,0.7316386755858741,0.6830161148979479,0.5534195406658298,0.2602331097986736,0.18667812852264334,0.0007514130228301451,-0.05006675355725352
13.139999999999999,0.42771546495959933,0.52388291597947,0.687200471412577,0.9064265390474575,1.0418852159750347,1.0799029544721022,1.1289719706982275,1.2827429460305542,1.153624739143143,1.2381142274796801,1.3532254509880857,1.5353475567476698,1.5510289761526397,1.5671928721544162,1.472231308942625,1.3851431065269906,1.4424125637218856,1.3568445653511199,1.4212796680481339,1.2465360581230607,1.1741639665187784,1.1056540870947045,1.057712459924768,0.9202738637806421,0.802035538122603,0.7690030583757342,0.6414931629942501,0.6271116553966362,0.3930708924930537,0.15979408903358105,-0.10305290189085287,0.004584735988373868
13.15,0.40121993337899653,0.6769334137119484,0.8287979625091563,0.9809995154777791,1.0024700828770015,1.0452645637503148,1.1882747784627499,1.2253751892891174,1.1265487925783142,1.300476241083916,1.4175771808636046,1.5083522460121974,1.6178280674735008,1.559816829282365,1.4184191099190975,1.397659503004216,1.3829008974010417,1.4245534177236647,1.3423559549772328,1.22897634425969,1.2324615448265883,1.1812649968307871,0.9937619017564019,0.9294514058318613,0.8555193618407348,0.7620720665497206,0.8413419096326509,0.5664777909309343,0.314608036236454,0.07401545922344617,-0.0010593695131593354,-0.025534623227986455
13.160000000000002,0.3848143677998616,0.4948634066961477,0.6881958414592252,0.8214332760176118,1.0315146292425716,1.069874271601035,1.22557587106799,1.1998377346279043,1.2213653690061497,1.283804285717413,1.3184903398821128,1.5344362720721527,1.557842276790891,1.530471097154262,1.415077952555252,1.3984739651526727,1.2998640496745295,1.370832096650882,1.423075697039224,1.343319379892241,1.1810337062569665,1.171089679661799,1.0683327324414778,0.8924332900023069,0.754850764271781,0.7841921756956562,0.6751957422190364,0.5829445550439889,0.3127511205302263,0.0906157089383625,-0.06771160908914962,0.08623462674681784
13.17,0.45191436499989396,0.5246562210815755,0.7674670687777263,0.8741872715287282,0.9378051087077329,0.9374968538917908,1.3266189820863201,1.2380692997276614,1.1547237958646426,1.3517872009266008,1.3459629329826859,1.6557297309227723,1.647270487985867,1.460425908989892,1.376911265754158,1.338800682142502,1.384896796053972,1.380222903891096,1.44246486013297,1.2597463423553963,1.1949853709949176,1.1499145876924517,1.0638141656620743,0.9487528323951717,0.8494305951330028,0.8431865150872041,0.6864959629360782,0.6608415038649117,0.355796051869677,0.061972827017944015,-0.07441421445962365,-0.0010950048515308147
13.180000000000001,0.43205302964328185,0.4905327244128556,0.8562095858505561,0.8519516087224788,0.9427629640883457,1.054080452126899,1.2394919465612133,1.2115360726232052,1.121350158610952,1.2545677766924694,1.3198927831655471,1.4619482470656113,1.554570187508074,1.4782012695108844,1.549869463087681,1.3452459473687668,1.2369960820520796,1.3899541033665872,1.4711621251558549,1.1738571972219136,1.3234218034333411,1.1732419846238715,1.14530817353245,1.0033150452899842,0.8514852420310528,0.8240100911142879,0.6964211512020638,0.4992436214722485,0.17744118310855508,0.0304859339250293,0.055993724561597846,0.026957079187529057
13.19,0.3584688431965144,0.6975926307785492,0.7803586250239545,0.788676278959674,0.9058609869717236,0.9412392823487615,1.2090153566141202,1.3516239986542267,1.2551685977107212,1.368876711689576,1.3497679299807321,1.6271985023101607,1.5275370658630352,1.4191900407983418,1.3072853418856372,1.198640594634869,1.3434031756420497,1.460344189861994,1.411741784206058,1.2605760499062328,1.068749729962566,1.103608971374088,1.0026588972148565,0.9122119867025038,0.9534633658617728,0.9016422487954779,0.7333539797822415,0.6793722797326612,0.31062053787559274,0.06377395146719074,-0.06494288145698628,-0.01138734378030435
13.200000000000001,0.39977150918762666,0.6260003819323522,0.6895254278294141,0.824715168843131,0.9061496478672028,0.9393410147670644,1.166790577372068,1.173877252791729,1.1734001683006965,1.2789138996855853,1.3467731310801156,1.5380731662279437,1.5547262673018853,1.517378780411666,1.3087807027556075,1.3335196796468787,1.3279870662637832,1.3842667569748839,1.2963845786181882,1.1920145442371002,1.1419140520331943,1.0455003875227813,1.1086069195855668,0.9922694360996981,0.8232857740300752,0.7418403141963748,0.539353399915013,0.48446599397099377,0.23168891688925936,0.09618002862242161,0.0646887657811388,-0.028621242245410898
13.209999999999999,0.43215251237239016,0.6314094078995577,0.740120049912705,0.8719454825022329,1.0214383530006454,0.9728267178800499,1.101220420839923,1.2348258747716125,1.1787326004755818,1.2743204568550885,1.2768372610250913,1.5616348203265993,1.4322092653684761,1.4689194169524316,1.4425009259927513,1.4453825351939014,1.4317155862491053,1.4053656095591647,1.3069825795248564,1.2576939868223513,1.1013842204115276,1.0939926278013914,0.9609448630217773,0.9736891342031135,0.7912896620122825,0.8463320741387514,0.631402113540062,0.581763999101146,0.3298081828224168,0.14936180050076242,-0.07741654577234892,-0.044422895099037706
13.22,0.3077506218818058,0.5012753856771376,0.6765328545181581,0.9315974070086723,0.8964034862972452,1.0157025224734078,1.1583195229111518,1.1196658089012133,1.2479353419240198,1.2607974515472011,1.315046545141825,1.4636551912369578,1.5107516101072604,1.5696798937244874,1.3891407860517049,1.3657354413054317,1.3081881645751279,1.3975128954051672,1.3815186827034764,1.2875009764623457,1.1108773151640186,1.0948268983104381,1.0039779985886983,1.0240344856224106,0.8215597864170705,0.7998518154699711,0.6375366501062947,0.548025492160091,0.3172314225585934,0.18271342808670055,0.03326194958257883,0.028669820201600145
13.229999999999999,0.34169165127133583,0.5388665363517129,0.8252426543691777,0.9190108057488773,1.0365923340203407,1.054258940734271,1.1653043530616503,1.1597722222256412,1.1892703445207877,1.2940026369105062,1.2372412616654285,1.5584577026541577,1.5815613097797727,1.547588361097338,1.348726844588484,1.460870021937947,1.2568650596671016,1.3233852494920173,1.4064872215437785,1.270669864733069,1.1947298149501844,1.2022910409698366,1.0256407816305089,1.0803474164689417,0.8241561459342011,0.8611046012481538,0.6817604556866652,0.532077827378838,0.2516636013939685,0.10229495633225305,-0.09037020215557444,0.04667968541310316
13.24,0.40601036131842916,0.46347947634636866,0.7328650126005357,0.870171483671591,0.8777242484682625,1.0139481431217787,1.2153865528166714,1.1886501555354758,1.0949552709329888,1.1877401613143754,1.1664997937934147,1.319017504136211,1.5594846387786814,1.3966745658517978,1.3282966160872678,1.3824339766235538,1.2360580343288199,1.2669432643580736,1.3109261577731393,1.2270252249924847,1.2536588447906112,1.1068066997955532,1.0390493889724273,0.9191617902589035,0.879226078706213,0.8378238120229491,0.6678522255135962,0.5243220878153445,0.3414947514741882,0.13651324145945115,-0.03344698330254588,0.03851824049784777
13.250000000000002,0.4395048552349975,0.5369863778693623,0.7447859027510338,0.8128284837554364,0.9845273799766158,1.09312416659058,1.1848256297541737,1.3402812517694178,1.252070059837918,1.25659205012124,1.2904238524773732,1.4702701108622322,1.5194362294322479,1.2788723359750696,1.3833956926038082,1.3731622388999887,1.2994100463051137,1.3249531778796744,1.3594185065601463,1.2797003308163641,1.126924737257115,1.1465540451604497,1.0596249194900365,1.0013573372149405,0.8609726177355026,0.8644773251942107,0.5975898190916455,0.6018299759350051,0.28039964699261105,0.1078464896266821,0.03928864188429206,0.11003200636669776
13.26,0.47174870293747645,0.5483245322921142,0.6259205012146981,0.8405739568618315,1.0123514837643284,1.0225428977751179,1.1464845112715054,1.1542491325013045,1.1722968977326957,1.2489213043418044,1.3123774736709877,1.4558467747800439,1.5384702778697967,1.3993546361976272,1.3030018822760212,1.2904405325556902,1.2942546405399824,1.380567029126011,1.28972874121706,1.3644349700196161,1.2625919030061659,1.039889297339775,1.03396708063319,0.9417210565950566,0.9157194809671781,0.849416765725957,0.6136091928007785,0.5896970804398548,0.296073244867726,-0.014691097196050946,-0.11677986607904883,0.06809610632344196
13.270000000000001,0.3745205360393723,0.4860752719204483,0.6453307240254371,0.7093729676325171,0.8675089964026879,0.8967941743094142,1.1700833629607414,1.159695466943929,1.2155906333998545,1.3045560856497966,1.3216846031582918,1.5070064287193652,1.4581032150538353,1.3441840952311577,1.4587339075910357,1.4243426652976157,1.3076225884103732,1.2653412465599247,1.3486120308012834,1.3178837649099837,1.1523459093784523,1.1145777461608157,1.0087546735324435,0.931863360334582,0.9411475192102996,0.8135973972934657,0.6911991639355959,0.6631597598800723,0.3847280551168233,0.06981285991391209,-0.11246621110842145,0.00686438728974989
13.28,0.3669432344898813,0.47255411610391473,0.5764189880616095,0.765422358603767,0.9322688955515507,0.8589419951594929,1.1048755604365654,1.237116737107236,1.1320319589952776,1.1853134186678866,1.2934662315552665,1.4203219657609385,1.5107415380006943,1.478591429377275,1.451832903216041,1.3700134857129178,1.2441489015932883,1.4144866317960243,1.4285287395399167,1.2768426771069328,1.2051377133656629,1.1391437769836759,1.075523316771886,0.8861354733798366,0.8505375375662556,0.8246127709038178,0.6577137261788036,0.520068352136525,0.2832002432794243,0.09187109631353006,0.04332033665274254,0.1134247943232624
13.290000000000001,0.38704023258746134,0.5809608158458481,0.7171813312983273,0.8516825398004366,0.9522419864582222,0.9416121700215759,1.1341325221973342,1.2159979393058358,1.2396594599442126,1.195724693655196,1.2456294900385414,1.4481728740329407,1.4502595067890474,1.2923050288630857,1.2831512443087896,1.2611149157151775,1.2361348957650535,1.3775651591531242,1.405154566841081,1.3273484058707818,1.2504707519851268,1.104717147154812,0.9738177008221848,1.0130199708690009,0.9360564532747255,0.9155923612511966,0.6380249406121224,0.6427512939919464,0.392303238176926,0.08894607704529436,-0.057896583322875464,-0.04458212181948742
13.299999999999999,0.35111801542779175,0.5261404964395534,0.7008014598749855,0.8971716554323083,1.024119155555324,0.9564422343968706,1.1338726272516708,1.2301888744571392,1.1992150372454644,1.2242017651326487,1.1673421391981769,1.4347603902035904,1.4761430255453618,1.4725173133538532,1.3414690571804317,1.4157352514597243,1.3494569824131966,1.3726953015928902,1.3063570442421029,1.2964647818215702,1.1397182444882235,1.0960907916125384,0.9935301166911963,1.0288869408414196,0.9021121723718784,0.9370379001412836,0.6389387185126242,0.5760971998708205,0.32501240081117766,0.09132389551565086,0.018852941154351235,0.03061325316184914
13.31,0.34122449685036954,0.509486909858088,0.6038656779094455,0.7960075642488132,0.9291558321048301,0.9266887821346749,1.088218401358629,1.2123247737017167,1.2865595387056952,1.2141997442977845,1.3281553764437366,1.4433168461258057,1.5451849327323552,1.465602826685093,1.3362174952284749,1.3707961920703546,1.4196711282648262,1.4021809554921325,1.3791234715549476,1.4523759754938181,1.1741673786282556,1.0437422753950238,0.9582931766023788,0.9945126543983405,0.9584332935530799,0.8242196564397763,0.5867025744596317,0.55331333163821,0.39065513573701677,0.09402142644904733,0.007801761157162513,0.01565295686312723
13.320000000000002,0.4351814571913347,0.5211288546266312,0.6767641969341387,0.9345234618606676,1.0553631282605935,0.957248529224934,1.058500342477784,1.2272296158603984,1.2315091996630187,1.2217613563308687,1.2376750103632526,1.363476383200059,1.4882172499289061,1.36861402499995,1.3247138948828863,1.3435200929560642,1.2518006338975158,1.257805607663669,1.3269203772559925,1.3759089146896206,1.1649161305517233,1.1392074423387495,0.998497626930093,0.9491004595431334,0.846351562298541,0.829669168717989,0.6073627468059638,0.601292075447275,0.3478884532989319,0.14474701532125137,0.003649604776799601,0.1151378911777606
13.33,0.3667230422544797,0.5098106539667177,0.6215969644748198,0.8794803149273303,0.9389931666982384,1.0205039339488047,1.1322628189504824,1.1616537159068425,1.2407889243440196,1.3364621322182524,1.3879621317069546,1.3652109761015125,1.3732383623721036,1.3527165493134896,1.3749744821991388,1.4181059912730607,1.2719940803413026,1.3355146461899974,1.2488447693960412,1.3025729874665448,1.2580447350616455,1.0761687075473996,0.9563428400335835,0.9312035314999271,0.9169573727487181,0.8073503253454541,0.5308437571627398,0.6041608226147366,0.38767658909611663,0.12176581602119989,0.003706573099852668,0.04644153324733055
13.340000000000002,0.29090032969861424,0.6158107540762342,0.5843354611947602,0.7571293462496504,0.8606042766242424,0.8922249662661077,1.1868799689062832,1.187299373717774,1.203649028866908,1.1672521805367344,1.2300336165674997,1.4045986173690062,1.5103469845096757,1.4873045465004886,1.3944911599247127,1.4462234768518762,1.3280739806833208,1.311317038610394,1.2561126985108557,1.336852284377444,1.128807507174657,1.188529748789713,0.9608170802417798,0.8734751074850422,0.866700202773198,0.8017139527439822,0.5676382631672314,0.5326796735232331,0.44870541057319124,0.15713471835959153,0.015042928582767663,0.00946067913759165
13.35,0.31454835252573515,0.4864756850152316,0.6446170351270164,0.7486346253698136,0.9353585463793864,0.9709470233790438,1.104107115507872,1.2804347596956371,1.2707836790646334,1.2742735651206576,1.3658392830584507,1.37729597001515,1.4624176511373361,1.468293218437644,1.3870131018105436,1.4613555252404478,1.4097506612053878,1.3686635147539974,1.285590092547833,1.3515730738199123,1.2548286632245977,1.171956601776874,1.0378108817145721,0.9963417293201882,0.8753454294833514,0.8458139893638598,0.6857195424132039,0.5633771423396531,0.26350652982165773,0.11022221297458062,0.03592468902464971,0.012440321237537171
13.360000000000001,0.3195239096247223,0.5958239662755095,0.6743435525803447,0.7433118798589795,0.8824392272250376,1.0010014812561105,1.1304764792694448,1.1467220302937131,1.200363006192569,1.2433870996153307,1.287961551798674,1.4167292142748873,1.4272615444165595,1.3652815698484893,1.384455052250466,1.5014667889212936,1.3395361928680525,1.3204199120215814,1.3029829697589916,1.2964537794990874,1.2090412172181988,1.015459684812499,1.0227076667892718,0.9745924841060658,0.9591757648867121,0.9016138771404196,0.5476856520787917,0.4545455500037089,0.38353097184369256,0.269022169705238,0.039584884722307215,-0.02480208001481103
13.37,0.3404402944298687,0.4786696431908583,0.5785603340169857,0.6284750723374243,0.7373595334069583,0.9447152011607339,1.0235987213182087,1.1556892171829165,1.3853225722032734,1.206759142455327,1.2608610130724098,1.4302309331336511,1.4879127699703798,1.427612742654765,1.399028616435134,1.476739570376724,1.419289788321739,1.4121818074072823,1.2751484744811772,1.320487701179351,1.285959678970516,1.1056331036943796,0.9779653042567962,0.8923885546279557,0.865588989183599,0.8743483287931169,0.5366907401191515,0.4486499956841694,0.3506134894676531,0.09643384944952248,0.06078448248187881,0.061283010778707764
13.38,0.39608220781932135,0.5381617135119244,0.6163886398494126,0.6903491267860868,0.8284006799434112,0.8361564376480427,0.9885572498950073,1.1239073850650818,1.2200601832871407,1.1888381920539184,1.3428642404428135,1.5232555546093782,1.4979745969212208,1.2844483828415092,1.3667786895352736,1.4263248822570127,1.369026454711451,1.3963691186802176,1.3262473500329304,1.4128825485143828,1.269273966224771,1.1775632141899801,1.0866912820931787,0.8886013413235364,0.8355347159296451,0.919670686149854,0.572754878630789,0.472096645936967,0.2714486057214738,0.13689415137606237,-0.08293503730355602,0.004584899872944033
13.389999999999999,0.3128566281956889,0.4409408057844322,0.6609878061467114,0.6900790420192959,0.9168126542726724,0.9342322703908735,0.9860414127994104,1.2336296635993595,1.3697111216513709,1.2498779915501272,1.3261826068578901,1.4131786174997103,1.5375592605260422,1.435528096209078,1.3730996337769703,1.5035148661439632,1.3262442862069572,1.3288076030136693,1.261502269569639,1.3390117907248689,1.223863944220265,1.1729409766065368,1.1028936753239564,0.9796747223238392,0.9620252966748526,0.9869395988780285,0.6118329629758966,0.44210559418697687,0.3006931557825313,0.05343420931841576,-0.07582502521425197,0.07511805968704298
13.4,0.35542073902197313,0.530109287933138,0.6610795542997682,0.723033844103453,0.8839824842102375,0.9355805561648269,1.0437727744425445,1.1815937643943932,1.3997266616539752,1.276421241096278,1.2825224696039097,1.3310358650826097,1.4184595080308875,1.4004695265855394,1.3760948886779256,1.455885092431373,1.451636598912066,1.349716840918377,1.2366917834778113,1.4314286076544076,1.281704132965343,1.2186168681704483,1.123133596485399,0.9467358105621259,0.8018535887744469,0.7895952165500784,0.660721748614856,0.5732396786061688,0.3744631112670886,0.1617527064519006,0.02925498939992606,0.026444245992019597
13.410000000000002,0.33564007489118025,0.46500950426009857,0.5583181532710079,0.743908911197806,0.8813985212938635,0.8732813771582585,1.0438053403205583,1.213819470518513,1.2759436591132411,1.269897508413952,1.4477294696278113,1.401656172428546,1.4951912025436611,1.443978779363012,1.2891272586861096,1.4262509081441683,1.2906670708221066,1.282399326769222,1.2527151952710711,1.407777802645411,1.230353760630393,1.1735311380997335,1.0534092500840402,0.8914826882492839,0.9425266753237833,0.8800472517030935,0.5910926120768961,0.49445565756834997,0.33706859471952305,0.162517796666633,0.03076004747502411,0.10669867469324693
13.42,0.16045153203301432,0.3779636594710425,0.5852777026281093,0.7506823914577971,0.9086549940576786,0.8470031266483552,1.0517204514986118,1.2535442148149754,1.3057749671364265,1.1518290002697673,1.3821454413325838,1.3869635797933342,1.4401451636813714,1.4112151707723406,1.364201672300301,1.520800436850195,1.4524196076346054,1.3465402897756549,1.3571431145690698,1.3528790671702167,1.2130260059595144,1.1968157470091496,1.0112291484576605,0.839399260371614,0.8495586870647867,0.7559979034668217,0.4919647753092497,0.6027559315701471,0.532925246897812,0.22883608901363656,0.006352329018270888,0.047306604644721625
13.430000000000001,0.29086576124995017,0.5392728810176485,0.7066685692889456,0.688155236793083,0.9149471377232978,0.9479652868288989,1.1453057032873188,1.230413574736745,1.3167802281069871,1.2017512101905206,1.2379176761590946,1.4538064834410571,1.4481682990062146,1.4572723111520418,1.362620519652498,1.448098343133745,1.459350154223332,1.278805584588934,1.249250310454045,1.43044282908319,1.266727118317839,1.1266090096133716,0.9932450600557584,0.8835137469118342,0.8257526821687521,0.8067463087781062,0.5217035035417393,0.43021829048441196,0.33028892929309944,0.15927329850583133,0.0731171715832653,-0.04558017162106694
13.44,0.2568651253552625,0.47463810081924096,0.6522651562108756,0.6977371378741145,0.8169377179070227,0.9598204691255898,1.0628953085141308,1.2203918920101613,1.4771083555715339,1.3381215808133722,1.5082215919132491,1.5280420929932546,1.4944798595998559,1.3507799974492796,1.4110431675317623,1.6420997493107952,1.357097735374278,1.3670304901449728,1.3324967286279745,1.473774133731297,1.3054758478192237,1.0694747849855193,0.967082113711991,0.7255293783274899,0.834448454906988,0.8213157015156533,0.6011678675191726,0.42719840786700386,0.2918495086121401,0.12256991525880234,0.04892889117039944,0.04474988000845265
13.450000000000001,0.26340547443289963,0.5355786402740194,0.5969561830707028,0.8077240461094611,0.8940034338568523,0.9711094460043693,1.0337960290498776,1.1250233354773882,1.281521547773643,1.3080715528570332,1.3253890053442954,1.3845275476092596,1.5087415747356943,1.3299759538783866,1.2647511524376143,1.52415393136971,1.4608362881437447,1.391078266131314,1.2902089286195775,1.3828519599084084,1.2079219873268756,1.1304183674076869,0.9919768411319252,0.9722713299607573,0.9368472057471245,0.8465832376796621,0.5311724309620279,0.5694161378174067,0.38036153623562063,0.09800570043082407,0.08424972277841579,0.03624766093471732
13.459999999999999,0.23354643231690458,0.4115730390942772,0.6626413191114567,0.7491916174723536,0.7824742409129344,0.9202025561610622,1.0149388831197914,1.2539064000634177,1.4589875791582332,1.339978635988535,1.3400156664098084,1.4157886817651897,1.3892960374662346,1.3774405056771775,1.4226936819674898,1.4919166266922927,1.4860227211122399,1.3075195723388489,1.2876040283904844,1.310498365342026,1.2955237621848008,1.1340253110742837,0.9961221195874735,0.8886046219779113,0.8077833093649536,0.7712070604562941,0.5853384774052467,0.4094054967851736,0.39982571604624567,0.23082261935479292,0.03214872458321148,0.09276534352292422
13.47,0.23620845782345914,0.34313611281275797,0.5947431116958594,0.7842373191838704,0.9215752000215781,0.9859056962377921,1.0755218957713923,1.1584347176024836,1.3661735562309654,1.2296961225592997,1.3542931016603785,1.2857712032676387,1.3073126792531067,1.438845232543795,1.428309525165471,1.5245992883966657,1.4751867259861706,1.3323465071263447,1.2418397386451876,1.3544264452508112,1.2924115363377542,1.0901067997113105,1.0627966008324203,0.8883794450590229,0.9099484129715991,0.8283276841173417,0.5906165180252672,0.486094833469973,0.4273687422036834,0.1541647115748151,0.0189894099198429,-0.0017107903475497219
13.479999999999999,0.2537009508099005,0.460744298216841,0.640240465275149,0.679111070013123,0.8763605581410572,0.9688136956482726,0.9471973868672867,1.207156824176258,1.2376108962542518,1.2026369069095935,1.3527143316638452,1.4119637104205165,1.4009688743445936,1.4161379976516024,1.3726648877143142,1.491942693135206,1.382240698417822,1.3106475246806275,1.279834845879002,1.341496511923463,1.2485807670436757,1.191613225895777,1.0104444820175509,0.8535638292983194,0.9257568547266388,0.7435954408898241,0.5289182376526556,0.47281883591948753,0.4191098097372049,0.20514274329706464,-0.07734838724180042,0.0031464978871366713
13.49,0.19955768186744516,0.4637293147930234,0.6420075389183566,0.6696131464623296,0.7869217213525801,0.8782911340717297,1.064413578464361,1.2425463062329707,1.3498186606920441,1.215699332885495,1.2473345666964684,1.4406888432063336,1.412755481518035,1.3993180063570745,1.4712506748306444,1.47406749119681,1.4537281527390078,1.2819334225346186,1.2165289231805687,1.4208567698336838,1.2912928530536159,1.075746415269137,0.9492093899166224,1.0067218342104527,0.9290395933742888,0.8180470313622058,0.6627687296293407,0.4796335612944722,0.3180644799330043,0.17049308812714636,-0.00024505937517228446,0.016800148471028137
13.500000000000002,0.21747949536491684,0.4714426357270469,0.6192328630901467,0.6925445634060496,0.788565814071989,0.9656270281577909,1.0118596631866494,1.1557361477821007,1.3897110028424304,1.1517262141197027,1.3858986067919938,1.3833042581213977,1.2871503839841858,1.3241558336662052,1.436199955092372,1.6127554962717072,1.42347898427488,1.1624709425628963,1.2266490742790332,1.396083110690238,1.2657308801536862,1.1008786446249164,0.9552347009340278,0.8625962541875908,0.9613299694200992,0.7645853738622783,0.4806065911788054,0.4262668467250328,0.3697976193527961,0.13469048093898747,0.10588610694870744,0.00870029338164515
13.51,0.279937510029984,0.40545248233375303,0.6499405356739543,0.7311710851745515,0.8644821907144679,0.9465842463966134,0.9515162943197828,1.14165900275772,1.3528592592333264,1.3988613351188612,1.3014293235554253,1.4618054555966362,1.386129573437886,1.4393954786629497,1.4839300838189267,1.5233643546917361,1.4174841940977974,1.2447858298194718,1.2329714501226192,1.3670446562441243,1.274308629658315,1.0925648141329918,0.9910816745743369,0.8758376151185938,1.0324611498132725,0.8250060961474908,0.483148353791404,0.43773691744113513,0.3155409417451867,0.18038055621074706,0.18512670847547302,0.14292875898969165
13.520000000000001,0.21190738952202645,0.5242688509555892,0.6488580608353518,0.7303614668334097,0.8981765031451125,0.9946393166700295,1.018629834976457,1.176736171747549,1.3151793524781359,1.2782677279771577,1.4200412049743028,1.40099513460736,1.4299986688444621,1.4529759956514134,1.448751550396569,1.4804291225720911,1.4610425898292076,1.3043957863866134,1.225396311318613,1.4741247046111223,1.2738016137526802,1.1215593591920399,1.0055946498631783,0.9318592756061252,0.8575413871405017,0.7620246291859512,0.5371679798957077,0.4000166121472228,0.3334653977473541,0.07906198698198245,-0.04345592076818336,0.06682870817548564
13.53,0.2948838916465078,0.4194529272591626,0.688176733633475,0.7942372304358856,0.8774535873134102,0.9100529394765128,1.0087009581797657,1.1480094293568617,1.4099415283747938,1.38668100717281,1.3531859885985476,1.3772930641469472,1.3079903731294742,1.4420437152282248,1.4074065431848972,1.532852689116536,1.4759656092494617,1.2192285118453547,1.2097116712833171,1.4645241476868518,1.3028483506217388,1.2017985399277555,1.078356788948602,0.9762899828898359,0.8957504328451082,0.8478894178530825,0.5618513926559549,0.3643687979329298,0.24165455186999435,0.1563655229017375,0.07442799181407789,0.19267646127375138
13.540000000000001,0.2710564628833463,0.43383773728328967,0.6711782896150761,0.7181694978628669,0.8761986547257048,0.9687361247579837,1.0558563082056636,1.166556705933861,1.3799036400678566,1.2892847912711893,1.388955605667486,1.3954877822198573,1.2817506914883852,1.299086537919826,1.4042552892310842,1.5697517619626578,1.3823035312981828,1.3081181580442114,1.2735296434029435,1.3759476512652968,1.2921941812789126,1.106382766580494,0.9086007019094335,0.8583870818603788,0.8927635168467422,0.7899377410654237,0.48060011402030883,0.4801324117171269,0.3554954738397165,0.20139730527922448,0.048737258344598224,0.13754110802594208
13.549999999999999,0.25494195239786754,0.4739318275747458,0.631686969213828,0.7330336654033642,0.8753754384431056,0.9296197358148004,1.0181500358044584,1.232688679155383,1.4207130331282625,1.2704813490762876,1.2335331068475603,1.4546024841185825,1.298805144995766,1.4012050818158466,1.4607843574224522,1.6632326643664501,1.4944680672619977,1.4006090126912636,1.3622511245255922,1.3374625840382193,1.188348335870799,1.1881916161441697,1.142278021346818,0.9452507377428718,0.8929964064999298,0.7634433975536106,0.6269117088379067,0.4983950379032307,0.4217101042919245,0.1964125324753067,0.04626680921378003,0.08819057900274213
13.56,0.2554945853320647,0.3851211242130098,0.6751745212250018,0.8114125190923898,0.8958209463201996,0.9922196793621577,1.0776781913936415,1.153314261943292,1.3140206095780977,1.3229709582729945,1.3985749686301006,1.4132962278812884,1.3502593414447703,1.4512012086816055,1.5035919404621136,1.485623832493364,1.4814447669370008,1.3475215247329928,1.1192268717004223,1.323059292944115,1.1832321840967268,1.1312025969031174,0.9494768277437253,0.9452277804034052,0.9296224442411429,0.8594102842043294,0.4976836480758267,0.35317068759512726,0.45789423337609864,0.20784237878289671,0.07868229902094835,0.06350675207008288
13.570000000000002,0.23214926726663426,0.3932380997148193,0.531591532794376,0.6402107278264679,0.8907048726173197,1.0426323303467986,1.0159451391769947,1.1902065424529271,1.312981894535047,1.2723892636613576,1.2794232168551611,1.4365978851118224,1.3842593998574242,1.4325638743901035,1.429779890398299,1.5277152446507665,1.3906627648950753,1.340916870588869,1.2021760639439176,1.3595823471390078,1.2707374260742754,1.1313125911975268,1.066049057033208,0.8648425171752273,0.881475977941384,0.7537921290709084,0.6070137770713262,0.40330038138655144,0.41636331902895335,0.26797985569258254,0.13093796647499045,0.14960748198989723
13.58,0.35394308593174695,0.49918714195604047,0.6517896629180031,0.8109036285748544,1.004425827561785,0.9425671818669726,0.9042124969493619,1.0250781719618187,1.3287590523580692,1.3234395758527628,1.3394042710555356,1.480790450451166,1.4450967373034924,1.510013706489391,1.4303845674851496,1.4884424259918636,1.4253205138414091,1.316160553864804,1.2991916740933462,1.39996062233424,1.2743889435455895,1.069887434115838,1.094692381413689,1.0768659108191077,0.8779789365162328,0.7519678335447564,0.616397646157495,0.40163401499452434,0.392196329145807,0.2021987301128024,0.001126460507244166,0.1725069102787142
13.590000000000002,0.3236413924634315,0.4384684774303328,0.6658945015068621,0.7721348071486004,0.7802143503737222,0.8981928534774926,1.0761519969908975,1.2657762747946764,1.4824432532274576,1.3843051111013973,1.3507612375420572,1.404510162466386,1.2918151917008727,1.3844070146636078,1.4960061756220349,1.6127342253793269,1.4334495741744855,1.3803253235774284,1.2450978940832926,1.4556652098736715,1.2986448492977938,1.1729428488979323,1.0532108701568927,0.905912802658668,0.9347785297035281,0.879537723494951,0.6941238292791242,0.4721033676517817,0.4300239518605448,0.17307507787248455,0.024915374867685858,0.023231283869772704
13.6,0.2864793037221168,0.4503605652625573,0.608400936814622,0.6454280869554267,0.875267842966178,0.9676359649445391,1.0633799587905153,1.1941315243087556,1.4759034033093532,1.4506100161796336,1.4623512214552823,1.4511683059472205,1.2877784243683472,1.483567855220846,1.4790169987443844,1.5991110939922835,1.4782477834674186,1.318156042418275,1.3283993811285453,1.4191813781355491,1.3749023849563888,1.250732352269561,1.1354548896849765,1.0275967064280722,0.9856821771710891,0.7345955970061828,0.5666099609088322,0.3789833491316019,0.368926583910116,0.2709454825355223,-0.03662115355068348,0.06061671149284506
13.610000000000001,0.3350417634482518,0.39091203634626276,0.5910005615512156,0.7982482255267851,0.905425793489339,0.9926150337247234,0.9744821520759989,1.13925907990802,1.446749715113962,1.2803795678801033,1.3597619629319975,1.4592167069235467,1.307216620077361,1.3970707181892759,1.4682291267249183,1.4517213740380701,1.4954050728798678,1.2961436505054267,1.1914676875339176,1.3263031149487081,1.301773012139758,1.2365496641745175,1.1723254916576655,0.9362782693012103,0.8511463328094083,0.7852117331947654,0.5680047634685114,0.48497660328383774,0.4225307968406831,0.19017560324585395,0.09492781614522418,0.14202112920392862
13.62,0.2866469474573369,0.3947708382704077,0.6114259821839952,0.6974933111613529,0.8523104258294731,0.7840013915992331,0.9394426542906584,1.175567092140232,1.3743405955996706,1.3359556830099395,1.4142824257517015,1.4104403622841182,1.3423167544758243,1.4429477071324261,1.4360191729045908,1.5934181279922208,1.5118315561167566,1.34060469652577,1.2999084704153656,1.4161510716703192,1.3617877125207971,1.1751968928083374,1.0501976494652805,0.9375636025337989,0.8694903931793815,0.7564428510342021,0.5874967009519557,0.4051505001352347,0.4331270386376253,0.2423341842953193,0.08450914949692273,0.005452758959585059
13.63,0.3285785970947393,0.4608437805974283,0.5747031622872574,0.7557151713820316,0.9440843812649204,0.9336391245815294,0.978273121969546,1.1554582893013545,1.3535948214834532,1.3365664607328362,1.4394039601092272,1.3003263036626784,1.2583595951205346,1.3587546080260384,1.4220458646573102,1.5167287933688307,1.4123761244931152,1.2666065375423046,1.2982591194376052,1.3817834885781197,1.3353194540281836,1.1233087228124479,1.1180154342434883,1.0384396896839694,0.9596091349981459,0.6508395613128426,0.615215017134163,0.46935965480721514,0.3717625049811978,0.22697822450646954,0.18275624311818772,0.09407028904233869
13.639999999999999,0.2724696074754201,0.4627678947288558,0.6684229990706608,0.777715817802067,0.9106846748605573,0.8610731170930854,0.9052889563144207,1.0502276147222183,1.3568350674861285,1.3334755484997782,1.334918925274178,1.3328121359208382,1.2307425594660264,1.3128552905179394,1.4538996565314755,1.5749973032298237,1.472256259638431,1.3026175895526635,1.2201226763717241,1.4004621031721987,1.2706241738112336,1.1844079086049675,1.1331810045080952,0.9374380739853563,0.9429608667785065,0.80415111864185,0.5606731811050988,0.4173962119980583,0.4601572238372177,0.3501024950827757,0.050589441216610784,0.08251261483973063
13.65,0.18457414110814582,0.348364018503357,0.5129004825097025,0.6546437173192008,0.8235459755185716,0.979523908794159,0.961011898472866,1.095131843561879,1.431202519362431,1.4351651799230458,1.490095954863476,1.3959723160724802,1.3156697613514488,1.3904324419434047,1.3925624738327853,1.4675660391106273,1.4359830249134524,1.2479777752793655,1.3575138120110344,1.453572430373306,1.3400323814423398,1.21352149205631,1.0660036776838597,0.9996225985112295,0.8915956109817247,0.6849740347000721,0.5127803621222133,0.38398460129134365,0.3749818249179491,0.2746751037723338,0.062351914907237634,0.0277512439885254
13.660000000000002,0.25134418826781213,0.38233150582879255,0.7325349297138425,0.6971150458918464,0.7775225776114627,0.9256878076276729,0.9712415825964451,1.0792416073130697,1.2850087632725544,1.2138636945003403,1.3461910521699052,1.3301970045013705,1.2408895263671966,1.4416489693892984,1.4960976412204052,1.5335397151582622,1.464648258167388,1.3290569291158794,1.4685351354698344,1.5361996871422128,1.4525934672960135,1.1717804550380009,1.1160379883180085,1.0284231938695956,1.0365060892603164,0.717689810096156,0.5748980164925226,0.4856438024856441,0.379346888577035,0.24882150295291183,0.05084648889140922,0.11155540242968576
13.67,0.1935666546387591,0.37129616357347217,0.6561641125261737,0.6692288550809048,0.783784242056921,0.8832315759889445,1.0290658820630811,1.2353084025229424,1.3897351636566855,1.2797631425319,1.3401034132289273,1.3644243736788746,1.2962565185704673,1.3712582149559074,1.4597926630595555,1.4835315636747328,1.4392751947956213,1.438297754972386,1.3173435555900432,1.3547265871818746,1.3399367396336204,1.2524758294969642,1.2114688284562134,1.101806862265226,0.9610546429828162,0.7436638248653981,0.5708757069275494,0.42048818397587945,0.48825559262473295,0.3301872233134202,0.14516754350999295,0.20063467004717422
13.680000000000001,0.16917742176792072,0.42270033121498457,0.6160001045042867,0.6952383714876644,0.8567677738709858,0.9551473678594704,1.1237808296052605,1.158440955381809,1.3114061474330312,1.3035291981829937,1.375571802009339,1.4037445628514709,1.2939194836614498,1.390375488918952,1.5384382409610715,1.529421185823987,1.413731703398371,1.4474015179690585,1.2604178679277585,1.2516582267809582,1.3415181821793476,1.0610527631156192,1.0666744379869388,0.9321331669027354,1.0083763918352995,0.7310224864149086,0.6166126810365306,0.3799457132639137,0.33312316956293175,0.28335575597200985,0.08751388896183035,-0.026176208052295473
13.69,0.21567102021133555,0.45968562814804304,0.5906658847019688,0.6597828378288747,0.7358129275527989,0.8939454333865392,0.9401285787151819,1.0110061854136012,1.2926258802918495,1.2044928234734633,1.3319401232692514,1.3912476746052864,1.3167342983385117,1.3115884637780233,1.484294017642616,1.5805560432957118,1.4386127990589876,1.3727462026497013,1.327597420334414,1.2826043853558775,1.169909420367619,1.182876694092636,1.1684581952525115,0.997235219825794,0.8598123052613547,0.6046926496797144,0.4890014413830724,0.43265412592621094,0.45733934117582775,0.3457659011796552,0.12253726795077928,0.12117964590861441
13.700000000000001,0.31504481149708397,0.4574246837931224,0.5478793891719825,0.699820386257075,0.8935025817500035,0.922602565895104,1.0450184561525095,1.0820170891647323,1.298190224895715,1.2911766396896596,1.3987805709194305,1.348796578697068,1.4094302556577727,1.3322652929310164,1.4583861188320555,1.5705793663482106,1.5293771127398643,1.3915725702743789,1.3910022287032968,1.259543732285555,1.3351021004665566,1.196490140516039,1.1138105468783523,1.0001853005979169,0.9643845611821901,0.7024109745232663,0.5610623323636278,0.33869586371896904,0.39176433855686854,0.23013915722222394,0.022872792016610282,0.07842964048014622
13.709999999999999,0.24979618524221125,0.4370591134319503,0.5749792605953664,0.6926999433852306,0.6661226723628153,0.8529132994516857,0.9621275340901787,1.0342004300790995,1.337614365020134,1.3329093172129072,1.372460816621962,1.3052890875538306,1.2726094790609814,1.3227715494847483,1.4229255417537139,1.501657006871248,1.4029759534998327,1.3634870644056654,1.3041335000258423,1.3900130590867643,1.4744688599777276,1.321205111096942,1.1128398438342357,1.0242441346139177,1.0546380445345964,0.6883501392453774,0.5593713977482649,0.4488543484420279,0.3242916959769593,0.14509801385872192,0.020245447526626235,0.17980437490235118
13.72,0.20371174736904604,0.34519577407964774,0.5043486654392386,0.682051557064416,0.8254452177197403,0.9949375440131634,0.972535179458082,1.1389935485899108,1.3220046803602956,1.2078095657703916,1.2718135052468047,1.2527829689092476,1.2870230151893542,1.3627013692394283,1.535518492605178,1.5830581427230217,1.5488292527515943,1.4619842244768901,1.4248699968296488,1.4867709490416028,1.452191887175059,1.3146132401911264,1.3256203323956781,1.0959506917968203,1.0700333020182677,0.7350461091668652,0.6934243765205399,0.4626580206821078,0.3870047509336363,0.3300598004079132,0.17999118119571858,0.10765647624902683
13.729999999999999,0.15969977778802363,0.37317960975609454,0.5825332805781402,0.7780930660618618,0.8737741625785391,1.0512052672749919,0.9914835366681258,1.0735432107664495,1.3896858832989423,1.339348425420945,1.338550285667461,1.306637522438307,1.2375183869026236,1.4021218215414846,1.5659053763291724,1.498283946343147,1.5433036331487,1.4280507907939104,1.3917476165036768,1.4769993501349539,1.4997724895640545,1.2548054859202888,1.1993959510867727,1.1265486244344722,0.9328965927476743,0.7857250112517862,0.7573639584679406,0.43619253374321837,0.39204362296875095,0.227003150513852,0.17719705094673655,0.15067583051765499
13.74,0.22974486834628954,0.38013243276131536,0.5725259829056729,0.7053568346364424,0.8578757805910346,0.922243239260906,1.02448008709518,1.0916228185874253,1.253891415946701,1.2861267496375965,1.3345443459145765,1.4531389389737126,1.3960597776956474,1.4145272726482028,1.3900842199234733,1.5169880376497251,1.5187172997208604,1.4774347600685493,1.3693708492474619,1.354604216008766,1.4117951338983448,1.2880469125980465,1.1415266893472502,1.138749803429049,1.1755474457560797,0.7419160862739659,0.7396136774843197,0.4567293029738209,0.3409875576829852,0.2291541397364819,0.06001534726554538,0.0904102802962335
13.750000000000002,0.12008398266011211,0.33070238125911394,0.5020085866840357,0.5215384144812726,0.7523273193030444,0.976815947323339,0.9387476939762227,1.0248920664049495,1.2915571776702761,1.2367618306086388,1.4106861269227422,1.2713474652004049,1.2684561781821984,1.4032671090455384,1.4647482740591469,1.6226633917985476,1.5262199511443975,1.3405577636710295,1.3281865346213673,1.3361962074464935,1.4227611563088474,1.339465882478121,1.2316526441607927,1.1015701278900931,0.988227407959224,0.7207230772666685,0.6709299675687873,0.4301116534753626,0.5687551759289642,0.34992761840566244,0.09473054090797903,0.012922647664774405
13.76,0.25295509041078457,0.5221501879454816,0.6266831325681249,0.6731305166565149,0.8414838346052291,0.9357812987581801,1.0052844597443382,1.123719625619152,1.2691390084743157,1.3078469293766974,1.3906826460116783,1.2053064784951506,1.1735676527095156,1.4622626078179302,1.4491683810873879,1.4732803631577387,1.5302748713590564,1.3975182011712475,1.4091724760781965,1.3345238086623343,1.428355752320745,1.263584586536408,1.1974704754628167,1.129819768127393,1.1000038548195632,0.725164384924669,0.5964060091137638,0.4429417172988275,0.4237314004876352,0.37695042689610786,0.2147193484669614,0.17172177534884028
13.770000000000001,0.13931346716250573,0.2593006171614339,0.47651348728389153,0.7400638345819051,0.9114354485483736,1.0330131720127416,1.0484358617703442,1.140155230910086,1.274106582173385,1.2504551616160913,1.414791806053134,1.2771032916456684,1.2558546309777516,1.2981991100840176,1.552709822031889,1.4665907175819493,1.5452268677128171,1.4478100588137486,1.494919143744334,1.4016205781840951,1.3359167579251792,1.2461568628490132,1.192802836762353,1.1191658027557057,1.0402091184813669,0.7512797536193518,0.5125331696433835,0.32617780807377855,0.4060426413118218,0.28999956899810264,0.18966560060365745,0.18431915551058822
13.78,0.26893518308567466,0.33483357137702263,0.4985531174826141,0.6463654457499409,0.8206942809680485,0.9024244954780464,1.013305170587047,1.0401156625422314,1.2358182145255072,1.2872869866120569,1.345089063461362,1.3801665051861693,1.4412424800292207,1.4128630523309778,1.4754933337266651,1.5540068515247152,1.6213022384457392,1.4420938092059046,1.4410959726456107,1.4227638081184164,1.4717277746977757,1.3026020611487634,1.1815764091587715,1.2269652774276054,1.098033328250524,0.7966594614526074,0.6548394431793892,0.39221173365941125,0.42469720651194487,0.20996708173455142,0.06858100146661383,0.09399004869244855
13.790000000000001,0.3752706877105805,0.45801086624766574,0.6074888039442164,0.6141073330578731,0.7549558499080932,0.9424271832141701,1.0310268390788357,1.1032509310122796,1.2754757968525536,1.346876029744639,1.4014449159597688,1.354446715638678,1.333771776042772,1.4751152119353614,1.5731753400761435,1.5484976856969968,1.4980972571326348,1.532933644529579,1.4487978461786897,1.4130843267151183,1.5093423850237226,1.3513680917773554,1.3003775775070436,1.0753421268345829,0.9947638655472562,0.8356194601209675,0.6734917980845953,0.42563607588258806,0.4360190213603248,0.21569635063209194,0.0841325851271666,0.13772535231280852
13.799999999999999,0.24374808736380799,0.47919328024240493,0.6351961718206341,0.7445690026591812,0.8935689121103904,0.945236774259772,0.9965771289231142,1.0483194728286687,1.2984866098436885,1.372189914711728,1.4228841790718292,1.3299647600054767,1.3780646395240146,1.485200737204834,1.5080699975281602,1.4820761287018602,1.4723569795843832,1.5034086122747068,1.4676910226969218,1.3606872645106167,1.377874187495859,1.1992012027582144,1.151468604780682,1.1422689758534024,0.97166155795316,0.7189468751275252,0.6464976037665294,0.4676042365059458,0.4955441822929589,0.2894836830196002,0.060647268521278996,0.09971937201309183
13.81,0.213906620073808,0.361025039594995,0.5081551991000981,0.7257514784996902,0.8534318969689485,1.0240724372983812,1.015253012651839,1.0416043214175752,1.2610676571138573,1.4007034209429627,1.4380050445117127,1.3973352014875606,1.4055926280675257,1.4002805598538848,1.468341333397273,1.517820332240706,1.4535109529450194,1.5417819153575831,1.3898956868749983,1.3541142708492324,1.4579753586978657,1.338037403036253,1.2717999218159632,1.2032055814930562,0.9549791341432167,0.7226556721220891,0.7114584640839982,0.4267294990405886,0.3193721015234946,0.317005362873344,0.08000004417267835,0.0977894676586155
13.820000000000002,0.27878824991759943,0.3663828888463323,0.586364503824423,0.6894411273140336,0.8003499551328248,0.9145474643113196,1.1063800837621385,1.1288697172656144,1.2568702772676026,1.3120619433602958,1.5020455242839619,1.341554022335664,1.336232690580644,1.461181852809958,1.4571176077959753,1.4588630869730599,1.4802162237837357,1.605912911182592,1.4717254414238126,1.3916631805846489,1.3876923664557337,1.3475634412416007,1.1916302479772767,1.1402126172406073,1.0058762992658952,0.8315046732138887,0.684972861941529,0.4288027261905948,0.4016997295168687,0.27387663405129653,0.06306152796767091,0.06535777151654165
13.83,0.24326225667547421,0.45652092071915285,0.6181347709138785,0.7275226491157761,0.7706473177917652,0.9860464476614174,1.0710669576899654,1.229244843399583,1.3078772791236954,1.2305680935127834,1.4307052636904278,1.2528406157818996,1.3843347944915587,1.4158866188996755,1.4550141414436533,1.569635485559272,1.6300650375594061,1.4664952896864574,1.461459695666196,1.3922386804227738,1.375902490954275,1.324255831693943,1.2006741880296936,1.1472621408440327,1.0483058961508465,0.7842907839327793,0.7637266804967688,0.5219732482102086,0.43275296939847246,0.37012556827500376,0.12976722842379243,0.08840102094321886
13.840000000000002,0.26838489937625865,0.35203914541427733,0.4834609353013426,0.7765777219306443,0.9655416948231577,0.9969170247993997,0.9974400157032144,1.062393104012903,1.249202161846426,1.2998610579739491,1.3813019145892627,1.3422881065241203,1.40957995048668,1.3730697720534375,1.5328591946951056,1.6164570963969493,1.5663671430506136,1.5182845299121643,1.451945143290502,1.417662741933111,1.3714588456756518,1.3640315389469266,1.2894730718482919,1.0287545076506754,1.0130914745381185,0.7079318040592837,0.7445466502436024,0.519519499065855,0.33383468605316824,0.280334848102719,0.09375787905284355,0.24776441827884588
13.85,0.35060736144093557,0.4454189819256819,0.43872939186192506,0.6207331988177562,0.8158243060518664,0.9439613065322765,1.0763680785746894,1.181673353086994,1.3558174514247996,1.4616893904507404,1.3733837536403068,1.265487828139046,1.5091657172513748,1.562029023319576,1.5679950518992434,1.5339638113803544,1.4800779579597374,1.4526786901602844,1.4900170471874536,1.427909485636059,1.3575695261674028,1.3603269976465158,1.2910902384033136,1.1273759932713627,1.0300761067963162,0.7822074772942369,0.6938819709635708,0.5179323976036108,0.4326019620296904,0.3032207742698951,0.1502546047136881,0.12704364410115637
13.860000000000001,0.2802217662973999,0.3800307714883434,0.49582359358850975,0.7152322369440969,0.906151701572691,0.9809392109377715,1.0848820852750032,1.150467342583724,1.3362744142115606,1.3983607711580384,1.4400930917625114,1.287026746532222,1.4090354978407524,1.4638426665038602,1.5638159097425552,1.4730609471529017,1.5694348889065668,1.5169208218613655,1.495194051685719,1.2709644188569307,1.5021678439936832,1.4198936897576504,1.1599391012964804,1.1342976066384913,0.9492465061863806,0.7192023099305336,0.6530232223077563,0.46614427826009835,0.3622403709205372,0.315423698775639,0.08836670357748262,0.11247378035802724
13.87,0.1679946183982603,0.47811928735142095,0.6317191662677004,0.7996047396985904,0.862173953337101,0.8864280238099329,1.0598741667751568,1.1322028996169722,1.2188290180080228,1.4173973772151518,1.480651443169016,1.3208829489665388,1.4284677432052015,1.477590843577805,1.3987049081693046,1.4354177666655612,1.5346539490236857,1.4811639431932202,1.4715070939806898,1.3972085899776308,1.4859564868177813,1.3298411861828774,1.2299738362736563,1.1234174642756285,1.0069037760545139,0.758755877017888,0.7015463855034441,0.537661531467143,0.4862446017018721,0.3415646890325526,0.18481262638140228,0.028249632682223462
13.88,0.17826627977666554,0.3114485762162969,0.5786565726820797,0.7061208710657272,0.7531449995458686,0.8850437399797884,1.1218815375662858,1.1834784165245753,1.2943001776074354,1.2883961309488612,1.4276126576986086,1.3983155749739098,1.4436439720272383,1.4257479123451309,1.4918048963660009,1.515472140798733,1.6125943521798876,1.5802323215399416,1.4790961642166731,1.4004051596968699,1.4382669576235045,1.3443989856666998,1.342324933469526,1.1957891934431644,0.9926933453723934,0.707330648724089,0.7639796219415224,0.58550671796824,0.3815160212626401,0.21435869850272168,0.016817998334365158,0.11633994002799641
13.889999999999999,0.27939045722892647,0.4040858161079307,0.5572728216569772,0.6274033617540201,0.7344660811602602,0.9159821670164863,1.0186005888128922,1.1153021993180892,1.3500659716304257,1.4191035353485744,1.4545528768870233,1.2593489506970639,1.4351223616398414,1.5058840868949552,1.6875475307538494,1.5727235193425069,1.4198006212260266,1.631002653218742,1.5841568046739676,1.346660213427047,1.3100672875762143,1.3417277353631687,1.2542223523863103,1.0614409490399035,0.9574146688473825,0.7328557337900556,0.6712322729380241,0.5046426309035347,0.4685403258648271,0.22682357346508725,0.09797968446463437,0.11581253422012242
13.9,0.24754026718303496,0.4559492450314866,0.5229464281221465,0.6970017900232539,0.8912375192028954,0.959414798328934,1.0475465324427407,1.1089186992265887,1.29204158559262,1.3533653275901196,1.3968809260399513,1.395033295635373,1.5110158006616474,1.5159787082710952,1.5940446577971348,1.619973424040207,1.6482528153960794,1.5277888946735279,1.5921862711494899,1.487164072726849,1.4119244415212124,1.338690216302628,1.2483841548506465,1.1155645802490115,0.9493904330769156,0.6456497329101103,0.6645023253130133,0.5852936745629772,0.486648324503094,0.2817068494621801,0.08416857113104459,0.11284193060655859
13.910000000000002,0.22793636427659744,0.37146100536275267,0.4938457217910666,0.7210292053653334,0.8850579720760969,1.0511564941059195,1.1024793027233815,1.0450142122273753,1.1791872484779353,1.3511591712689188,1.38411246302686,1.1632926472126193,1.4245070492734102,1.4394443623379882,1.5620273540366207,1.4852508424935063,1.524446623260155,1.502820385573776,1.4547806916840356,1.3044927959248176,1.3802614251212293,1.3501284115214163,1.2378723580031235,1.063390924781903,0.8846017516192833,0.7533784942813151,0.7503224061610315,0.4669850669442836,0.4506444311412651,0.27721599463623814,0.04222190204643663,0.03756510412355943
13.92,0.30808096312237365,0.5340574810208734,0.5932564617989756,0.7770812140722436,0.8206829418154465,0.9011982711813887,1.0281127595115915,1.0341055316429528,1.2206330465249038,1.4353262721540299,1.4822211078402943,1.3131552612170432,1.5132411104246244,1.475565508653153,1.5431264309059811,1.451942168088291,1.3856825038198535,1.5479826089486464,1.5408629915511338,1.4238056472689804,1.473334841929734,1.3947932719104776,1.3125485141872084,1.2056691257348764,1.1116506847641086,0.7359994926923482,0.7313758910793128,0.5592749569215831,0.4035458366340243,0.20604920985425706,0.08064757366054666,0.04450648247827048
13.930000000000001,0.2683082811448853,0.439399566448589,0.5958048446692745,0.7075281551544546,0.8618947849064257,0.9639327112669025,1.0616621314189656,1.1929560537744002,1.3334876246095004,1.4551066147080178,1.5749946183185963,1.4492178014549717,1.5945453841033714,1.5956687757643389,1.7064357117439368,1.6362219890907594,1.5630653331689988,1.5617990084814783,1.3708018236304271,1.2993201955026719,1.3614257023769951,1.3059014515839893,1.3147204272281041,1.113308023452909,0.9170101804610632,0.7318333483918991,0.6629860728645904,0.5247551358908442,0.36340599301412785,0.20703056499879421,-0.026926221675599007,-0.0012366299059274402
13.94,0.32499177508826316,0.5000987128603751,0.6181473130155931,0.7632369500696231,0.7927320483169732,1.0461251460879624,1.0058971051035377,1.1121465312763328,1.2097691699098676,1.4797287121912848,1.5237932155046034,1.3890999993149267,1.5543562082433198,1.4998049477717865,1.5903093124509027,1.5951106062742988,1.6306266030021042,1.585978346843287,1.5499396829020289,1.2922329138527986,1.3261576400540476,1.2803204009166693,1.2027083427667065,1.1011780093727597,1.0324388011309815,0.8912366027973683,0.6962790453745303,0.4563598239430246,0.4388755110196155,0.22620691646166513,-0.0032065642810699506,0.11348115719894061
13.950000000000001,0.33856190797049396,0.4366995391521993,0.5329994987156316,0.7427735047788815,0.865345259195112,0.988514328588408,1.1382004329313096,1.1237458735094297,1.2485113090469697,1.4227823364786005,1.4223084665002133,1.282001785315817,1.545823538320776,1.4327235035578407,1.5691673886613753,1.5463102561058857,1.5643208278066456,1.5117162702355107,1.4941363041915372,1.3936030386705698,1.514771588190352,1.3443982554738705,1.2672821395807512,1.211061109881936,0.9831522006517208,0.6984543413834493,0.7386176301379361,0.557258759234042,0.3339896068845819,0.15264998976166055,0.06906126520443921,0.11659592988996506
13.959999999999999,0.3217641025763122,0.4705062466712951,0.6425923628178085,0.7705149530848939,0.7904461745079469,0.8742188724105626,1.0516325478614128,1.2170946363644288,1.2061799453931963,1.382361023900078,1.4045161929354584,1.295849833268775,1.4611230373529491,1.502510889691176,1.536011927847934,1.4700123183062725,1.6403831336799,1.5611610713501196,1.610425091685731,1.3312259457630482,1.4333918358089492,1.1801494711772937,1.2083881488611503,1.1339195448096984,0.9653974141864592,0.7681405078067417,0.7455392619131913,0.6067456962774451,0.41064993976852193,0.2673690075350779,0.00406611057645722,0.08793637278514434
13.97,0.28640925354782004,0.5018846011913219,0.5948647653464495,0.7639413787844392,0.9057409248953131,1.0244864483869576,1.0836123337941728,1.196009312657471,1.307677634381219,1.5211869882236138,1.5094577887294982,1.4263025182723679,1.5440321451733516,1.559395679883154,1.5099055988164523,1.5288658102467323,1.5631989139448996,1.5285813523334877,1.5501338894726302,1.4924947060856861,1.4093837280963297,1.4288080747327907,1.2687526239485254,1.1372856022650917,0.8468924285143679,0.8201636914436954,0.7123421067149137,0.5952864447306907,0.4176666984801221,0.24792490556913155,-0.1423302600517365,0.07431262909894135
13.979999999999999,0.3003051750985486,0.4546280742241843,0.62952186158302,0.7024108750568647,0.8926474187767621,1.0687693003572605,1.0210780778702364,1.1291013917220787,1.1883078488860652,1.464769867360378,1.43608915025259,1.3014892790186954,1.5415298720366306,1.5366405593693422,1.6159420255508903,1.5224736448726397,1.568316822280542,1.5700691049925386,1.508551539157012,1.3963241391073966,1.30516797371389,1.3348232216920097,1.3281049964888187,1.2395480443088782,1.0031741278334254,0.709496410686645,0.6904076206869233,0.5327780560802461,0.4766696442890444,0.36486278451744736,0.08556169657082445,0.13320127975367493
13.99,0.38112780650359385,0.4384630923530243,0.5668110220822836,0.7265131732785598,0.892436399090868,1.059756738479529,1.09862849182821,1.1377069274792375,1.1436478331323336,1.3489120643638677,1.5524212819650824,1.3817102233071068,1.5603243335379795,1.459969055051554,1.580851476347498,1.4680973100464343,1.57912715463078,1.6180239653058337,1.528092636677673,1.3878771002188124,1.3971368669994029,1.381713498055041,1.1723363529687048,1.1108580897021336,0.9887487765672985,0.88435547127962,0.76281861517918,0.6090105729554611,0.4250277218475363,0.15324473418169093,0.01537277538229728,0.062383772660661106
14.000000000000002,0.19893008250364175,0.4628005541956199,0.6134401676961917,0.7428245816383201,0.8122065314374235,1.0702898757208887,1.0770561609015221,1.2115901709744037,1.3125913089154666,1.5038447672222817,1.543687109871952,1.3950233710787456,1.6198616368257936,1.5002033197177815,1.5058472242993037,1.4431237595884965,1.489764769962804,1.596509678074567,1.5209171916261197,1.3609728612372907,1.2809178129178558,1.2951023879698813,1.2370178877453928,1.117991816836862,1.0107341423372405,0.7275922067089466,0.7881436363073577,0.5415747793103586,0.3202203269839603,0.1688214395975175,0.03300105736781126,0.07919598240386412
14.01,0.3887791943550847,0.5038401085911154,0.6012022628007532,0.7491904204911534,0.8304147121003153,1.1007927145225012,1.1374081808091976,1.131744826713128,1.258662356380813,1.4228398016472423,1.5814749733038913,1.3798782411381787,1.5860741861250809,1.4804676034077944,1.5341971742588856,1.416737961508678,1.5855193246552997,1.5971494648552385,1.520898887395068,1.2840911404831434,1.3182549952262035,1.3603411986983853,1.2711629908860236,1.2252331516726955,0.9030182881919087,0.7749366239219082,0.6075660975341538,0.5297122301691993,0.38884338561674436,0.22323254402294943,0.02110698565965797,-0.030215595241995
14.020000000000001,0.2738129826597682,0.47195798595939775,0.557206376370822,0.7344930099472513,0.8680611715552424,0.9221117942131856,1.104889225839683,1.2261704893663632,1.2607859988959753,1.4805843830324181,1.5379976746074178,1.4214404880844318,1.520021655064699,1.5942312363765074,1.6121086476643776,1.4641650283749448,1.6405859274494703,1.5980495037162878,1.5279969309877406,1.3947617514263801,1.3289714222256823,1.3194381554084866,1.2264830859414484,1.1727407376376737,0.9757130109507447,0.8627369083128591,0.6822739959278112,0.5281284384342954,0.3352351338151747,0.13875453070016006,0.16341235707838928,0.16073213450828097
14.03,0.32548019205764217,0.5206265339089172,0.5733287491176944,0.6651766886978292,0.8118401803607569,0.9792157582470521,1.0717811918971958,1.18323927177729,1.166158010945668,1.4267142887122015,1.4646874822875222,1.463964760791133,1.5174105868757426,1.5638235088072272,1.5315867674412715,1.4461129299941249,1.5833601647808022,1.5396399516724115,1.48821059615787,1.2760194074793336,1.2854627361156352,1.301152603172286,1.1956085711966224,1.1520353674191037,0.9874991757440369,0.759157779160646,0.7033903384356417,0.7015720917581217,0.5353905273530176,0.24688905762225333,0.06989385121235643,0.08530897799259698
14.040000000000001,0.2718185315711337,0.3677171193089167,0.5674530431488041,0.7361949956422562,0.7299987835865862,1.0215799589603558,1.115505707668762,1.1937307904265713,1.2602606397101295,1.4484296207644836,1.521743492630261,1.3598106604812352,1.539963459559885,1.606320494230292,1.5774975380552843,1.5017452320846236,1.5480529410110946,1.693811773426699,1.552345237497285,1.239681662583851,1.3510548938002667,1.2245961835459296,1.1535195985145146,1.0931152871864795,0.9102293528493006,0.8030721409069614,0.7505950108239112,0.463429772866911,0.4095227887192795,0.2631383511260238,0.20922638008574884,0.07424704708910243
14.049999999999999,0.389596064250337,0.5237544484493752,0.6173456413314269,0.661814472687999,0.8325581977659,1.1082533540101018,1.1335786914328079,1.21159132066692,1.2530352945880503,1.4766983412659052,1.4298972607681246,1.329884562457094,1.5851624812635423,1.5642908826518112,1.6417563411938705,1.468701477748556,1.5943389613563175,1.5514314712792827,1.4497528803966775,1.2967541304461405,1.3113810149783889,1.257702479677283,1.1266959989141911,0.9695026810639278,0.8605663353180141,0.7084374196992372,0.6611705777987044,0.586537628282414,0.3972119535878163,0.23725686671671997,0.17905523713509647,0.07499082824555278
14.06,0.3620430978188963,0.48994024429700206,0.5653488154087838,0.7670082512217288,0.851784780402796,1.0936036376526206,1.1518127865444447,1.0734263903301535,1.0996447324421528,1.416213865818531,1.5066429724980641,1.4420281159907382,1.6363506469602567,1.4640169104214633,1.543765307978603,1.480724668515255,1.5214176042355674,1.626553515379526,1.4461158360506992,1.2591281762492372,1.2397318993414446,1.227878946773684,1.2349184506712352,1.1319300799851857,0.8996191480217907,0.7009274311547412,0.592276216238235,0.5221208498028689,0.3929338217163671,0.16513147617630164,0.1699796505745239,0.09773230348056454
14.070000000000002,0.3776795643447225,0.5469298125313338,0.6527345994620056,0.7458994516207094,0.9209705313447903,1.10190466472993,1.0640697651843194,1.2763003383655185,1.2544527036157218,1.481777576893191,1.4742687887417136,1.4040920168224815,1.5852923289821823,1.5362449849939768,1.5245889059075686,1.4245098858591363,1.5394849337843735,1.5657178473259012,1.489578234489218,1.1790898352991535,1.228623080008434,1.2160977828164277,1.1264643708995328,1.1184761781063743,0.858189638602796,0.7642431720723906,0.6095805514237377,0.48562817750089293,0.49905878637358214,0.13100846408728414,0.07361820765256512,0.09729213780968815
14.08,0.3212325336753573,0.4800677318822232,0.6394081244115011,0.7840073817531126,0.771069983825164,1.0787884610991196,1.0795752688481135,1.1406130589143457,1.2385038604671297,1.5210435864046035,1.5241200130586339,1.3660541122194931,1.6071699107106094,1.6002174371305582,1.637803257785399,1.462557939997063,1.4867850969283891,1.5671038893435691,1.431828513080856,1.2407413732729915,1.2348289771495105,1.3156405125733501,1.1660906989822186,1.0532357724797938,0.8639748730032486,0.7633147218281683,0.7199156107119836,0.5620600912603786,0.4150117553827878,0.13685397844746472,0.058451624068997995,0.048039106501384043
14.090000000000002,0.24467109724667013,0.4208325692648795,0.47358041486933655,0.7056613656453995,0.901007225343483,1.0963112792495757,1.0711243524537797,1.1825983223765353,1.1929443999537126,1.4462030513868651,1.5591669322445807,1.43321462483647,1.6123340122347525,1.6773406324588882,1.5475396806127828,1.4435936987049125,1.5887796075790752,1.5537546632810806,1.475175266663911,1.195019908450007,1.1815869112200628,1.2138463275814197,1.1429922268535313,1.1137085410235088,0.9294438440398262,0.7944428323408148,0.6658161894227073,0.46829408393986705,0.30663814626828717,0.17659223948721015,0.050878794821930445,-0.03918287770451795
14.1,0.3750519083164443,0.5791964468243794,0.6003674777630927,0.7491337658725137,0.7667184194506311,1.0005530034638634,1.0923168430006003,1.1559945217105339,1.326326606091343,1.528859525290693,1.5809097653062048,1.4529630023716078,1.5479922736113783,1.492374151781008,1.5945164892749553,1.424510054975107,1.4832988876150246,1.5015369474033085,1.4178018282697396,1.3202245548417897,1.3040083150590633,1.2004039877913664,1.200385102454156,1.1181657815166002,0.8755600455031308,0.8238297613518913,0.6368357250774178,0.529946862289984,0.3250944032379296,0.21169315628209615,0.1781230351669795,0.11453311115516801
14.110000000000001,0.24530909096429646,0.45718978078087313,0.5768458723342446,0.6170167905439975,0.8416143922509237,1.0511389341691852,1.0767559268003946,1.1463730070700997,1.2895164026725163,1.4309377732371216,1.5734234050330693,1.506176208199429,1.611853405548719,1.5926165017659786,1.5596711770840133,1.3361381007913904,1.5100213461908483,1.5164868288305011,1.4363038918269642,1.2830898561972917,1.3094745765753333,1.193034090635476,1.1356979357820516,1.0167012023896471,0.910394630629159,0.6356458998103476,0.8195756084505007,0.5791497210139818,0.46424294742428784,0.2155416547556603,-0.04739963896260491,-0.07489125330110194
14.12,0.2932325556092525,0.4090142892096269,0.4524101170589564,0.7447623726222437,0.7850000008445264,1.1427639092067403,1.1695008351104281,1.187170915580335,1.1852595083394855,1.370931831809315,1.4279265190090429,1.369937979649896,1.6382133081415429,1.563456201769546,1.5976173913599088,1.4331093412744158,1.5706696302262608,1.5267518703466227,1.6028552150500028,1.3158852231023914,1.1935005969565968,1.210722719865782,1.267438126563938,1.0274296971125942,0.8394003020421612,0.7838901455690908,0.6712508152235862,0.5540039142596402,0.4708534187589767,0.3077047954833159,0.14732419443560602,0.10333676449727675
14.13,0.3723667012075031,0.4377892415812691,0.5555669168648528,0.653552491215356,0.7765594621762113,1.0105672666729866,1.0974538882395866,1.1676680727879054,1.2475305496014277,1.4773320608320692,1.566031857879862,1.329954085355433,1.635915586044723,1.691908454029171,1.639423595273538,1.461009681531541,1.4766499105802293,1.5370242653184325,1.4724543104750973,1.2619722774538131,1.2343585243688975,1.1975706534901387,1.1323890313099225,1.0363932836486167,0.8455925202376633,0.8099538158074369,0.6679594198497434,0.5963422948644168,0.48382447426974234,0.26221992849355025,0.07764826473739112,0.06414135740511077
14.139999999999999,0.3525312188534435,0.4643975252852178,0.5443530223892494,0.7579187120578355,0.8418123420174249,1.095025230543059,1.1406931255357546,1.1795981647299394,1.253292246873614,1.4475573110742308,1.4683326841031563,1.4100129089714075,1.575221331256135,1.6198605415186376,1.5484778724418797,1.421875261755644,1.3965782496669137,1.4830436881469597,1.4406251848963123,1.2154088746318694,1.213014022500107,1.2239543983637775,1.1040334438093145,1.1033471883894668,0.9445415922109027,0.7449243052762704,0.6620013957856205,0.5095183301045355,0.47111909949442266,0.11271643758795788,0.062271505735227446,-0.008033719776723583
14.15,0.39788415163540336,0.5540122232739957,0.5245665551725205,0.6327997801242228,0.7302785065816548,1.1029946603228018,1.0654180335135754,1.2300520103359662,1.2332299318904771,1.5080596059572615,1.4342603598224752,1.3634852856620219,1.6363797482893299,1.732721023547976,1.5681322363658983,1.3703069317259664,1.5017643705924273,1.497185931641023,1.4229031342452578,1.2273132172278152,1.2411146330745186,1.2167525341066803,1.0732501446836744,1.0328432532934353,0.946402442437443,0.7459050489711255,0.6996650875733984,0.5203733883571132,0.42477104249873315,0.21964450462951082,0.1683318468621483,0.006752843880766565
14.160000000000002,0.2046020999277086,0.3716530892250246,0.5491406842514374,0.743155805752826,0.8221142494508693,1.1538675592772027,1.1207599213433412,1.2529533149008247,1.1685863574134259,1.4294143054150683,1.5107859511679123,1.196782170557905,1.39682389501421,1.524900362076004,1.588469623573283,1.465240067932027,1.5391318072102942,1.5033692082551315,1.502987522118844,1.2118858983532317,1.2258937460021193,1.1898067050153702,1.1497527214047794,0.948926184826414,0.857937875793925,0.7489564960418711,0.7509113728852703,0.6246648833653727,0.44213595112769094,0.19288079853727075,0.19762270932734205,0.09246825999053665
14.17,0.3352281727349902,0.4331233383317793,0.4803660464933578,0.6877001052858065,0.7703722660402884,1.0878424023510627,0.9946182924493147,1.1680924682821268,1.1910571797864284,1.4271606895727245,1.523849851372845,1.4353995000097088,1.6086836239620688,1.5162136056720872,1.6384841417951888,1.4144263819370468,1.5779586644581944,1.4783787147563219,1.428056356338506,1.1880989793964647,1.1846917996434994,1.1472169458273087,1.1713911131566506,1.0655121411364499,0.8919250393499496,0.7514090355300603,0.6570621814817197,0.5386656826667972,0.37386622377203904,0.11319775072940742,0.13768214123135925,0.12781340544423314
14.180000000000001,0.1999396295415983,0.39962635695572635,0.5987506125919316,0.7616515726776185,0.8055776420045672,1.0981218618480526,1.103791311086533,1.2454478134545388,1.2199926963200438,1.5078186530755588,1.4861635094220689,1.4221190111487063,1.5344505951306475,1.5579627121129012,1.469936871867494,1.3515751990397198,1.482036803350426,1.54403132162078,1.4729941268885343,1.246295365154677,1.2903893563025801,1.1594747158514958,1.1817656183017702,1.081468008513935,0.8420106609556746,0.7964466565923825,0.7266325421129556,0.6512024104340932,0.4323808060121878,0.20258892945135007,0.03485046209404313,0.031095691214287215
14.19,0.2625547836553167,0.37732681313734584,0.5481282852672642,0.6591509044308677,0.8230596227887298,1.0989176427158343,1.1137449112228637,1.2159325959209475,1.1961075708952307,1.4539846728017516,1.6051508497344718,1.506540605763627,1.685588433924406,1.6332741386534357,1.5671520654113003,1.39779560870882,1.4427546628367813,1.4961942701130804,1.4746721845144284,1.2519488409028625,1.2785025702072745,1.1312270466391605,1.1341218068873131,1.0579734934183176,0.9048309095727418,0.7282729360689225,0.6802803312512073,0.49765848162182175,0.4225571603389924,0.14586748232245375,0.12394621555241132,0.05002725330888985
14.200000000000001,0.32276689874188613,0.5270100362241978,0.6394759614190635,0.7703536481943423,0.777182824699316,1.0961455275917682,1.1049571812327545,1.2752629726448672,1.2101833391422065,1.4879865764590585,1.466498949334749,1.4665793212458909,1.6283675322278235,1.6293445216877727,1.5158698163432995,1.4248827244303304,1.409285599058323,1.4781447886664694,1.5321406674917235,1.2893389261949835,1.3385925183411855,1.2461894349288347,1.0639323161688006,1.0536577627303805,0.8837096455079007,0.8150264187359798,0.7346404243178639,0.5887937078064499,0.4252181689621257,0.18048187116472061,0.10880944866212117,0.04551185342819373
14.209999999999999,0.26258278790353096,0.37138570189432824,0.5616965498244577,0.6598971330190327,0.785124385669873,1.2065732580231867,1.1739837520161618,1.2695564870544664,1.3218589550647168,1.5493144219060166,1.4695748212070177,1.3719793092903414,1.611903095050668,1.6730304917471137,1.5749332903030797,1.4260059406189607,1.577383865975453,1.4943738338495938,1.4337247217989244,1.224877774508329,1.2431177892510121,1.0920364140152334,1.1651926609264245,0.992881384694426,0.9418289029732285,0.7832039445977653,0.7095879094305829,0.6493372506507927,0.4863126885638155,0.17595900644245038,0.08907729607623056,0.06820404009413789
14.22,0.39369142286902453,0.42717080605471575,0.5596537751542072,0.6880972180461945,0.8530315527512472,1.16984969879569,1.0665207714432754,1.1341407531036432,1.1920937974070254,1.440944500240369,1.437736122351385,1.4340952660079098,1.5972552080054911,1.7553775496141333,1.5560794144648584,1.4442959782129354,1.5168374468144226,1.4947902332490166,1.4492485725253963,1.270263618242679,1.161731615228518,1.0998486231220306,1.0349780218681277,1.040001438761394,0.9087391479202659,0.9316179023582509,0.7404684297100066,0.5777355346626588,0.3791913550428906,0.1745318899233323,0.09780442895096575,0.11725820973243556
14.229999999999999,0.26949722663859516,0.43195053532179234,0.5413365838338786,0.7325735770390491,0.7967792761552891,1.0532434172158622,1.0520412072240604,1.1801476141650253,1.1790037846392871,1.4490386505102029,1.4436748511818052,1.4842363913409582,1.5917476863091498,1.6557537459777942,1.6481227094882367,1.4739322840637936,1.4609514951658016,1.3850781334409106,1.4810290483982167,1.3107306333414814,1.2854046791408351,1.2715280255413288,1.1393557470219329,1.0491418472599165,0.9391333879508155,0.8575200732032972,0.6953076819488441,0.6075230471675643,0.4846158862723623,0.21483414746519364,0.21171588530263552,0.1342112386558931
14.24,0.42361445178118246,0.45591761868547076,0.50013967925334,0.6375856243183318,0.8310365949195383,1.102322563733374,1.1181669397552065,1.370972228222257,1.355839180121136,1.464217517761515,1.4342091415462133,1.4259392692930106,1.5220758287939078,1.6627655437392421,1.599386435633828,1.386094276450843,1.450862568163599,1.4783899332207069,1.4967616010942686,1.239903229011598,1.291260007121591,1.1812072469402537,1.1639779574521363,0.9892018565878256,0.9244195873553823,0.7446418708691589,0.6016488459732247,0.5885729574912443,0.2985610681157111,0.150476595294362,0.14697087084308297,0.09434748793703246
14.250000000000002,0.3379633143929752,0.4188657987275344,0.6037136882759472,0.8044769147180838,0.871520435348057,1.1208941149838854,1.0768606707541548,1.293672103964733,1.233015472133687,1.4848522265926043,1.458359333718262,1.4731720367857457,1.5722288493174512,1.6453169660084397,1.5858903065701835,1.4591563306926145,1.4720932372159887,1.3247898148517574,1.3953076204105908,1.3172023250101783,1.2269569796750839,1.0772706057995942,1.1016826784315257,1.0350839655271424,0.9318251622502306,0.7307368028347931,0.7326799442005113,0.5658807944112448,0.33817884734402004,0.12112447376300486,0.100123855911758,0.1487066931496588
14.26,0.3241522000326112,0.3831010966338524,0.4831418064554759,0.667510028144342,0.7947245466107703,0.9652053997073996,1.0790336497012318,1.2549980117037727,1.191700740041386,1.410862904630729,1.4562755974101846,1.4686606442940753,1.6206242108450328,1.6071469194549908,1.4872882090980506,1.4176621563193927,1.5032818838024251,1.4123343305093374,1.4241386015253266,1.2324372673058916,1.1991512409274752,1.217553395622397,1.1723802723542518,1.0426441712147578,1.0158060203041772,0.8777834057186021,0.7363973945317098,0.5126285214322504,0.3733215986173941,0.19171079337698455,0.14582295245705243,0.08912361213642393
14.270000000000001,0.27327056323523774,0.45510785820160277,0.5125555640618649,0.8325543173433829,0.8512048421854499,1.162084353858273,1.0657571565835013,1.2610799999452853,1.320769587136787,1.424798987761656,1.4521847703168307,1.5097519819829703,1.675493956098223,1.6970049401286293,1.5409660640588623,1.3783365327426784,1.3415725925986999,1.3653998564330838,1.4511591681059577,1.3061147835390439,1.299620002497302,1.1558920239309207,1.0794728048581714,1.0385332643823884,0.8090478885763727,0.8431135311966609,0.5921987787431628,0.6164482554632754,0.4224429418170951,0.17103765266074192,0.07919239740895884,0.06198858492525211
14.28,0.29419036763098483,0.4970922094025021,0.58700880271531,0.6863344198306579,0.874958136911723,1.0442154905098135,1.0731303628161672,1.2585290555725634,1.3128252882167586,1.4645936540206652,1.4304492046666166,1.472924629969266,1.5383331942110394,1.695267405317054,1.5902938414063166,1.4197525874064396,1.42970195186867,1.4963082044451992,1.471629003324211,1.3015898872075216,1.2313715196384694,1.1247053957294515,1.1010770596390738,0.9950078644061779,0.8587222096083813,0.6838240300799605,0.6832295344638774,0.6274298992092135,0.4653460462858001,0.12274788162232651,0.06101411884772032,0.04545667043701959
14.290000000000001,0.35252455890938156,0.5130212333603872,0.6036119483345995,0.6171635110072362,0.7672174890087501,1.1950417303750094,1.178343515700756,1.3176025958704047,1.1512975907110912,1.402214728564306,1.3957897894722031,1.5165442548910957,1.5822867099889704,1.612935205290148,1.5540838466585083,1.462122168225967,1.40420456015773,1.3106558786598275,1.3385159896158332,1.2772117530419793,1.2727797984393368,1.1608398116319099,1.102104269454501,0.9419742508597917,0.9535868744898014,0.7688555981699413,0.636314732084349,0.5415145876464336,0.37117070388638623,0.12916830561762938,0.02715029628186738,-0.028734351909960078
14.299999999999999,0.36401918710415326,0.4153692511152372,0.49562079691533123,0.6985930282627186,0.8970748696064424,1.1850191526107923,1.132105176689597,1.2360146420945581,1.2327232496532086,1.4055739783048982,1.3303309183888987,1.4285654187048287,1.4729118071033014,1.653400790697723,1.5543640279900113,1.4692310233721182,1.4255573965761785,1.3264647204872757,1.36359001770677,1.3302854008335334,1.2836192094692624,1.125554172125529,1.151944235423082,1.0044214390942716,0.8653887352986667,0.8905628701938111,0.7272123904960227,0.5552245095514988,0.4693367082250755,0.27376802378655024,0.11044190014074334,0.13407716034503997
14.31,0.3595333740915087,0.44960295305614306,0.570299809922376,0.7364628981560798,0.7913545530680728,1.1370866374036668,1.1544917897123543,1.2735433234816553,1.261127602002801,1.4187251445451776,1.3083164093173134,1.4921361487529126,1.5317952188935127,1.672517858143989,1.5831112709388206,1.5205479861767466,1.4800717753501353,1.3060316774514928,1.4070577801088833,1.3872111814620023,1.3856860593831342,1.1481514769073136,1.1170236279100532,0.9998239631998398,0.9272215687464813,0.7416526114536478,0.6699520831786139,0.5910545072898442,0.388126133231844,0.19145011548691035,0.01564429752239099,0.026668406192370507
14.320000000000002,0.2941089406048788,0.5122992694699107,0.5916042068600106,0.7505303208991753,0.8943908656441809,1.1928025941075506,1.094061234191981,1.3496406331825146,1.2262283583055809,1.4998871133485507,1.530810030543222,1.5428024246287522,1.544925413783933,1.5980609274707436,1.4877770676318596,1.4112008693193934,1.4422831298877523,1.297981314408023,1.3443746272699206,1.3218900831569973,1.281486655018576,1.1968218793764713,1.0735470331511288,1.0384844242357687,0.9151964064819258,0.8135456627740827,0.6444789229322792,0.4876013890941729,0.320701365135129,0.03363082499050803,0.05048692116965579,0.005768776292182511
14.33,0.2817101995949605,0.5519375199309899,0.5601131716277672,0.7737292133053544,0.8548743116442667,1.1993695770376323,1.0746662559214317,1.4110408257289773,1.2782313184280656,1.3868098028677565,1.3582789659577086,1.427229530633248,1.5701868179468723,1.6368618388623088,1.5274351061856133,1.3606506910926466,1.4446829736954352,1.3890231398538504,1.521881202756774,1.4309054848860305,1.2340032286837292,1.0770690191163803,1.1232433855023427,1.1014313530261175,1.0194938358828924,0.8377681529843317,0.6600802930938756,0.5194447084887979,0.31716618777945355,0.19297276708146321,-0.030379576590774556,-0.00472023932859604
14.340000000000002,0.30740636705921753,0.3703988297700634,0.6112578057168194,0.8355385694520354,0.9403922993095344,1.1523406811913124,1.163991016983676,1.314904743607732,1.305079722528762,1.4035191455939153,1.4044967965243027,1.5353883508697814,1.6074342509694375,1.7386585428002896,1.572669330854977,1.357800264961957,1.488372634920856,1.391829326706036,1.4102802243141552,1.2909808212715397,1.2283441305947362,1.1570343735552988,1.0971013241282792,1.018947322716959,0.9023082546095799,0.9038698450793473,0.6012368058693931,0.5911632453339898,0.3930273698792831,0.07489531279983869,0.010198599951967998,0.03132428953855268
14.35,0.34757259508918115,0.4168214774885719,0.6183407565294806,0.7602084345798968,0.8971859752151277,1.1551145337341122,1.1904756676308292,1.3006830785209793,1.226308525461729,1.383154320925037,1.3831477347258556,1.5116703092537327,1.4235026257255237,1.6080021255981616,1.5243679203263445,1.404571215537966,1.3722006034479501,1.4148666256956108,1.5322420395417988,1.4543231339468712,1.241381528187509,1.0405373759682257,1.0975289519312388,0.9762167485172945,0.8321003812430852,0.8832314214832675,0.7013143743499992,0.6173196793553719,0.3927079490472584,0.2150413718937792,0.11876405757265796,0.13872255563633656
14.360000000000001,0.3489208407694673,0.5595284923915264,0.7222710433624896,0.8289760539336667,0.9489642286471004,1.1410325238535062,1.154510250267377,1.3569364176351129,1.3223359175735743,1.309028542193788,1.4664567068271834,1.4792148436887484,1.4577121123292422,1.6094678043933976,1.54340562644831,1.3852037390229825,1.3709588091070943,1.288377130615609,1.3317282452873453,1.2449413869092452,1.214636845417663,1.172821219391257,1.11588887551276,0.9858168529827737,0.906589554663027,0.8161792698595287,0.6925288995047855,0.6111673831086429,0.2750902700169757,0.10871874226045407,0.05594594146830802,0.019203973131611023
14.37,0.27474372221687493,0.506464145685554,0.6114489097457918,0.7551440700859424,0.8348488791025919,1.0753606039089552,1.1739666381465952,1.2590115988625423,1.269662473451714,1.3890517962167643,1.4242458225030623,1.49415068612785,1.5151689913039492,1.5831511940634568,1.5111312945471382,1.481572940955712,1.4270970622437735,1.3162807091631732,1.367552002881324,1.3295488757933849,1.254735167055983,1.0871538086706964,1.113192576957866,1.0162079837862215,0.9957837115589522,0.9387346785272801,0.7941860432907728,0.6173146297420897,0.4929023103536449,0.09829912868495168,0.034058902970977495,0.012694458985724494
14.38,0.2933077933914935,0.4806378162523828,0.6099700241913001,0.8078451817795506,0.872618962380298,1.133409976507539,1.107005761964504,1.3458659901379328,1.2314279304278906,1.3489013404227894,1.327734963898008,1.342107856378356,1.5536704103566186,1.6111823358351087,1.4691618766800136,1.445609559194684,1.4356866173812202,1.3779095000020867,1.36358717312044,1.306797480702716,1.1564959984809582,1.0969873464113338,1.2363840211659252,1.0027869822703765,0.9221653690682473,0.7454741045487421,0.6386377374237158,0.46714927808751855,0.32824382191360074,0.11223907216701792,0.030555733082409605,0.02351836825802743
14.389999999999999,0.3546910575850708,0.5254678581670797,0.7046065658176698,0.756637818754789,0.8823227982958092,1.0953404444101076,1.0445684628217964,1.4004617177859648,1.3202016223864999,1.4367171179214466,1.498502173824245,1.549707688954111,1.4784538397517917,1.5661512453798798,1.4055232141461553,1.3592075050707035,1.261278883846774,1.3267584261439411,1.4206331057103656,1.3491809299688244,1.2509146580181454,1.0165498663036017,1.0271379158761544,1.0084533687268848,0.9912634351731938,0.8983585514639845,0.667999142259134,0.5424554116599583,0.36989719990996794,0.0711843797402113,-0.04614857434027066,0.025037751701671492
14.4,0.37809910618010406,0.5029828227911941,0.6320994074856062,0.8331679727974662,0.8908955811990952,1.1075641177380935,1.154381725765122,1.2989951540292028,1.2148498183274328,1.4090162702284001,1.3767669735147468,1.4929017179186708,1.421844242713676,1.66531351308679,1.5399834950328193,1.398409745227502,1.3573327849115113,1.3845425248948318,1.5421529924868997,1.3396139848068866,1.3045445883295472,1.1632071726629947,1.0503473575507811,1.0114707545228252,1.0005268264243576,0.8879754085413682,0.6683725078023803,0.5389097208595119,0.38092792883598464,0.24531865147755283,0.13363598228874077,0.11845709967631143
14.410000000000002,0.3290567506202914,0.5600212836626346,0.775166466872519,0.8349374049080607,0.911716106317354,1.0928397553200873,1.207119314982101,1.3125525300243495,1.3204799964983769,1.367318967468421,1.421154508896067,1.6012746157344167,1.6122911072873907,1.6124139306657137,1.4916839469146865,1.5045420060342223,1.4077823427018676,1.323913281347743,1.4168156812573458,1.315548217436643,1.2893026832682843,1.058830022956122,1.1298403743786603,1.0375280834879104,0.9203996005854324,0.8790886069114228,0.7059595188591224,0.7059819255993454,0.3226144737044891,0.2460756216403932,0.125147357372097,0.04271436172307431
14.42,0.3948656507642053,0.5318999169934193,0.5855578080709446,0.8239635028038095,1.036873405966145,1.1460140422756466,1.1443224089832587,1.3962225476357968,1.2686278064518994,1.3558668228213882,1.3704536144031216,1.5628904489569015,1.5053359899547236,1.6685414185547607,1.522115559528832,1.4911435931378447,1.4514547705993304,1.3394961062999873,1.3123674891360757,1.36080303768191,1.2550282003041429,1.0269865788464265,1.010929349871675,0.9647598026427027,0.9013862556339678,0.9091362677159766,0.6327488680160208,0.4956295735448654,0.33463725374999137,0.13161849437934856,-0.04866691985831906,0.020064198291081775
14.430000000000001,0.42897613294847986,0.6011321973402545,0.6932755166623679,0.8129087341241938,0.9734830069838446,0.9860980334664801,1.1870700089398802,1.3474913006380893,1.287398880047667,1.2391544934470442,1.304512433386058,1.5703620245586323,1.4719168393728916,1.6107122756232952,1.4788012070701584,1.6296766117673915,1.5639685060224708,1.3890039401445722,1.4223550327864292,1.3578527522001915,1.219745414658784,1.1030260431104049,1.1115094081491774,0.9345486734730433,0.8936632420957095,0.859560913877066,0.6448524898713784,0.46942552599984144,0.3922619181997612,0.278974588591897,0.0611528705279965,-0.044335766198684665
14.44,0.4254851839805446,0.6381519969050626,0.7542535438661474,0.7995592683810288,0.9615481477675747,1.1079563958909333,1.1852194602076898,1.3968393194992543,1.296123143885015,1.3483159014867554,1.3834762271466716,1.524190382257162,1.3964596226124355,1.679517927604928,1.5065614089747046,1.4516320507288463,1.4029042015099373,1.343326879994768,1.3594582299403526,1.3876696752206432,1.3009093565382335,1.133771605372189,1.07145334320317,1.0962412741059155,0.9907938772926105,0.9340256670784394,0.6497525304083527,0.518819599904069,0.34239476376068056,0.07182214119759983,-0.02138345525790305,0.07739329357160273
14.450000000000001,0.34177718548739483,0.48940740277997763,0.6457413291487394,0.8067674294855016,0.9315532671466509,1.2207268088568117,1.2613363386048897,1.2798122267896244,1.2742006591423758,1.3217146679072214,1.3707444840606555,1.3589389695906733,1.3550800760333264,1.5387177515421542,1.4390349157415354,1.466299657152374,1.2545044622269277,1.2944087751159905,1.4271956819293181,1.4254293462444871,1.1912206138402346,1.1017988727676096,1.0711816901966087,1.0461290979978,0.9878617031247924,0.8702117437624333,0.720187239632225,0.584945699476101,0.2969789690479051,0.08467989564144832,-0.015573421657239331,0.03690050985814679
14.459999999999999,0.35390611486079593,0.5764022750455166,0.7446231076910104,0.8922397779315718,0.9772807428329715,1.1074165023058198,1.1435255557808888,1.3362926769965355,1.348156300984277,1.317569966947893,1.254055959153525,1.5072965212194673,1.322387842193311,1.5368152322927628,1.4652733727511373,1.416427671013442,1.281163048951551,1.2680629028139898,1.3102860813874644,1.3373327578661272,1.1675053116043146,1.0341580823792045,1.008720728747666,1.0025715743717298,0.9430655353844242,0.9033165016756164,0.6360586564643549,0.6037554508144233,0.3724010943613233,0.11825203525888531,-0.0016950090322694518,-0.0020075793317603785
14.47,0.4465605602742645,0.6100102352063531,0.6492396612662298,0.9020330858096044,0.8248139670738948,1.0694743961695357,1.2196640732916042,1.3944989079759795,1.3922163158291359,1.3263427821325633,1.3073090345994554,1.5321887509390926,1.370730912087205,1.5688014401882484,1.3234096645132423,1.4578431951560764,1.376913139426331,1.2457535689127077,1.368747403263259,1.3673971344335667,1.1983118390551,1.0547174666272423,1.0816559107020407,0.9095496578124609,0.8659617316578654,0.7691121363951341,0.6743546331433626,0.48001882034603616,0.2633982104873689,0.20069196184406266,-0.05963176872952832,-0.024385001448382695
14.479999999999999,0.3686832571617571,0.6341282670376526,0.7192054907064105,0.8496294647665475,1.048264354209865,1.168982051146219,1.3397585303361286,1.4159083496766298,1.2546908191308048,1.2905835014242524,1.3058459900637744,1.585412659008249,1.4036413198195778,1.4547363842715824,1.4304789852707016,1.537250352027421,1.3618551449548657,1.3607310886153232,1.398573983126661,1.427333121055437,1.2526618364333153,1.1518164750868087,1.0634071738891209,1.0101306619627648,0.9644070908402873,0.9043091949234586,0.6980673020221397,0.5725341747728403,0.39896997476773766,0.0946173289378426,-0.05536710373949874,0.00695031930876789
14.49,0.40517320738799295,0.5859209251619953,0.6228776130436029,0.909720940828047,1.0211318946716004,1.0517407212048027,1.1191815517201307,1.3267473540657313,1.3019665673042025,1.283443389863005,1.4570118255476028,1.4814886510619898,1.4513097434834235,1.6087368913366733,1.4838717289396097,1.4482436005982915,1.2996880692455217,1.2977364737157113,1.3492734330305154,1.3801818268152806,1.2159867572113934,1.0221990286589087,1.0765384970331655,0.9762111285611751,0.8764899398290992,0.8401542971342189,0.6478804605963409,0.5078010555156882,0.3407633979512833,0.15695417262641306,-0.03856046901034531,0.04452229370163585
14.500000000000002,0.3662115606252738,0.616668368610716,0.7031688871016094,0.8520843747741895,1.084615913886493,0.9581991338681348,1.1311171130508222,1.3907867885903653,1.2714651556346261,1.2655417905745576,1.3369667662015632,1.6163758140783577,1.4424516145379886,1.533673865093364,1.3198866161930896,1.40455254928992,1.3436195105088475,1.312574786445817,1.347037573469538,1.4128271568421558,1.271597674131894,1.1953522923426765,1.177410491805838,0.8989970857171831,0.8472918176607863,0.8158842106194568,0.5949553938321128,0.5439896988464472,0.36175059671414816,0.07137600137624028,-0.13705999940923916,-0.13050241337078272
14.51,0.4268057567842448,0.6961918460194348,0.7507441639522597,0.8536726764220575,0.932007681910398,1.1147880038205253,1.1758126404694373,1.2840682325459742,1.172000373818474,1.3133813762144015,1.378853857063851,1.5291632601892597,1.3571318899897755,1.60908007762825,1.5022248468576815,1.5869883823985462,1.362982750240407,1.2513952821086685,1.3651219991266224,1.4265911479877094,1.1971815990476504,1.1128662405250085,1.1108571896957515,1.0131923541709666,0.7925633892119538,0.856000348852552,0.6537534935790714,0.5383009739154384,0.31234478159610235,0.06659419069142031,-0.13374417698398577,0.17974097278672985
14.520000000000001,0.4110399403011225,0.6482947841793264,0.8111588307602373,0.8877065916680199,0.9985456092426045,0.9900536920761744,1.2133888420080066,1.3515782988673266,1.263129578914769,1.1183914053758108,1.3059765746219112,1.5245135095467595,1.405676850486545,1.49696043741936,1.4542342683618572,1.4915190671319982,1.2526267466845975,1.317581622544947,1.3551667561553271,1.4669416555325558,1.1544697137646427,1.0220416571520694,1.0017998224031992,1.014307299859495,0.8486095458212376,0.7996009088512425,0.6329662469901085,0.5170942873209533,0.4315282393794587,0.08886996511516392,-0.09408985592721274,-0.032863047044150724
14.53,0.4256277787900516,0.4871278611325207,0.6411112124105456,0.7568379399120305,0.8397385220540158,1.0715089316722695,1.18600763404661,1.2397739617974033,1.2201141484242075,1.236473935854204,1.3354725734368906,1.4992554224536379,1.3107307914576347,1.4393638805222237,1.325629680193165,1.5060644782124881,1.3776067238560772,1.3050184514983783,1.4385323164043524,1.480270188383916,1.1453705201035596,1.1151683803991614,0.9812411381314615,0.8364017345627033,0.8227501078236308,0.8682115372111004,0.6267055734944578,0.5140089835535164,0.3754221064073176,0.21723507060498173,-0.04065013604487673,-0.0026804402284684656
14.540000000000001,0.45098314340943446,0.622865794471545,0.6877476861631877,0.9652953399004784,0.8969822925709745,0.9579205609054233,1.13562451728179,1.3894652256346716,1.337313013518679,1.2004386920261725,1.2746624643731272,1.4792876711724776,1.3833061670110467,1.3640404263058699,1.472883555856594,1.546676658285843,1.3270147609651648,1.435118911330603,1.3472012131470243,1.2521555531021678,1.1490788824025422,1.1776938802775028,0.9061473825399898,0.9630866624062832,0.7985368557192004,0.8415339902353739,0.7728652066492572,0.5827772468773338,0.2758265026473705,0.10919280885910386,-0.008333473376197489,-0.04271952427771336
14.549999999999999,0.46267760817658227,0.5945689342140564,0.7344684619235692,0.9837071449334803,0.9967513574392152,1.0123465886644338,1.1748225289928649,1.3534695507507737,1.281654962210462,1.2522000975516354,1.2841181785243403,1.5089201831950554,1.3927640703726771,1.3778056008030029,1.3400197070673392,1.5612640696915825,1.383895105552857,1.3377978317139336,1.3062035784373032,1.2960580020216663,1.1888867330400792,1.1152533895124053,0.970543378065753,0.8878636026464766,0.8019171273683189,0.753495522604585,0.6309729432753194,0.5196211525603796,0.3350902918868356,0.18295303548537561,0.009821763962263277,-0.027180033176171174
14.56,0.4022435826739848,0.620331567835676,0.7098825051897035,0.8209634780272499,0.9380213505747435,1.0305447361885727,1.2313790209264586,1.3234139355126122,1.3164610435908974,1.250263837500227,1.2837040699296252,1.5872787675243814,1.4298337388054883,1.4792084962293763,1.3939483505144852,1.438774838322563,1.3023335972952412,1.3440989600660933,1.3705057874784663,1.3679184151548536,1.33402993039059,1.1548516283340313,1.020303742000302,0.9140938123131941,0.876232177977941,0.8815611129559718,0.5999106183463183,0.4979207994384903,0.47168972255146363,0.10067765114833191,-0.09530327034354111,0.020585468401121763
14.570000000000002,0.40387368906062543,0.6478284152546315,0.8776758638151003,0.8994022046093928,1.0163506478993058,0.998729630354542,1.2301409214963193,1.2968904848150957,1.3684113650246854,1.2781949467712943,1.2299096536366967,1.4794466159340443,1.2827559546716234,1.4828451047260474,1.3998547080442914,1.4811202562113817,1.3732047137994896,1.279805519118247,1.294416712789901,1.3395601660315422,1.174831667726045,1.171668903277448,1.0537715343299712,0.9616450335499616,0.9227556433872305,0.8254269466141271,0.6618754546301661,0.6051323561392978,0.3132670098388974,0.09459608129773425,-0.04943273109434161,0.059994587288259564
14.58,0.36412468768964096,0.5732872506160818,0.7177756783564444,0.8507454415685656,0.9579558187666702,1.0616803062734228,1.2468259263850414,1.2079322493671127,1.2977006758848284,1.1857293231897812,1.1654566419422907,1.396095538175581,1.3257159736419133,1.465074612549102,1.4169854568080567,1.6256242389126114,1.4573466035175286,1.2829786909186118,1.3643166228483083,1.3301121395776319,1.211928409183679,1.2294710428408997,1.1165703100885682,0.990902319909988,0.7613416831506115,0.7739716154537161,0.6502839255753593,0.5644350930419626,0.2932374791036393,0.07433523049882426,-0.061467093824533484,-0.04000402664701961
14.590000000000002,0.36152590997222916,0.5981375233562578,0.664139789198701,0.8758197635224667,0.9443084316061947,1.0355390652583432,1.2305356018784217,1.2501192670870311,1.2605585477342551,1.1872418444791664,1.268130503992149,1.5554577322487746,1.4745070372596851,1.3888129053451534,1.2950823337457797,1.5293496797195214,1.357705748458427,1.3711639431164868,1.3599340924518672,1.51518818288688,1.2163008714651586,1.2047301851363774,1.1084657651033534,1.0377264803577715,0.8909541113914409,0.908349741529737,0.7053281142264023,0.5090243781026647,0.3472447240217761,0.1191825636562795,-0.005809876770116499,0.020792074241978507
14.6,0.5346429188966824,0.654217959862246,0.7118898136331748,0.8765413919279956,0.9702122894609315,0.9104705332691763,1.215131441818254,1.2269150258125947,1.3366814047816333,1.1900781292324583,1.2355894609214557,1.525330326545049,1.3319869152964159,1.4043657495947486,1.38576369605285,1.4920340488314483,1.334002783607698,1.355222651350396,1.4106960798876969,1.433697534373827,1.2362669939177697,1.1767538443809569,0.9779442862915846,0.9429654842535307,0.8796898986965089,0.8150090834777219,0.623279001880996,0.48360856521790874,0.38342400779940905,0.14799671993136232,0.015300977749268922,0.05750277680922878
14.610000000000001,0.3759101601090381,0.7395196317392614,0.7417439959516489,0.9641287347805154,0.9422714660770769,0.9251377314434545,1.1690084634077864,1.1742082439662982,1.2683578051439792,1.2092383449319923,1.261552139937467,1.5042659118670332,1.3172172710964234,1.374959971709442,1.3349338086011882,1.5454956673493252,1.3820901537143586,1.2838445975545696,1.4796545904606697,1.499146909713727,1.1458614706522103,1.2084142816062111,1.1122013283765984,0.9043096543399411,0.9635649470249439,0.8507896046934007,0.649428469999675,0.5274982910040976,0.3828430859970737,0.08332395065943424,-0.08017964498318643,-0.026346172809867847
14.62,0.41470526099081956,0.6323636927877867,0.7288296645975822,0.8363710356984713,1.0066611002043218,0.9833240457773883,1.28306208362844,1.266584187350729,1.2150363592417315,1.233552498505972,1.2858563770653038,1.4620598519018748,1.377406699987891,1.4031599193560305,1.3515251271779596,1.5155566235114903,1.4028944199966467,1.4113718670881021,1.3488597430252138,1.4298730151838888,1.1763668723589444,1.1762095084278743,0.9936028262787189,0.9522890936197069,0.8917051284831409,0.8557774939152626,0.5277161617933875,0.46722898720671036,0.27487451340285807,0.08164437730426952,-0.07804848101703679,-0.03906445171887658
14.63,0.3779365108222982,0.5789042730775036,0.7795729755288352,0.9351312339319889,0.9497319655142222,1.016235791057953,1.255618728989748,1.3146706376384103,1.2436983304101146,1.2017700437863208,1.2678275260058274,1.5207278560553579,1.3169948388814008,1.3901889972306964,1.3008757631373706,1.5239149909488496,1.3309380052094228,1.2826636903930873,1.3148340392110147,1.442883361942822,1.2219269123722727,1.2192405363840348,0.923192725604467,0.8701070397613481,0.8927332785240796,0.8158872090738363,0.504116818724893,0.4504394594177285,0.3055504819137028,0.13961002547461276,0.04594106656965591,0.09450249742744002
14.639999999999999,0.5097709565182091,0.6630527102151991,0.6869376763438683,0.8921264051822486,0.9524563001247954,0.9525373558452164,1.1597793410609638,1.146729962545299,1.3831063224224176,1.2113520635576303,1.2513564724773054,1.4551512960872621,1.3379369413912894,1.3485714964008526,1.3548901770927915,1.5715582502482714,1.3765691229756134,1.4587836321580496,1.3328909250690815,1.4232813329790002,1.1741545931717992,1.1694612179568795,1.1036346865671263,0.8932030337624653,0.8669916817555074,0.8577300399517469,0.6357776325131229,0.5450615408019776,0.33473923903474156,0.18572122815904513,-0.0026985118637051055,0.012067262204578856
14.65,0.4278146119445732,0.6238720346436454,0.6455101054198898,1.0208229306871655,1.0105876186172476,0.9107352794129202,1.3059149948921382,1.2779428102659498,1.292240397502854,1.2341134700593204,1.3152214171438807,1.3669485534754804,1.330453282394294,1.4033039356292163,1.3272497901465223,1.6096295833188294,1.390030861483248,1.266233317352461,1.3104012315452063,1.526965153227675,1.194576697270294,1.3684827491990652,1.0224045403257465,0.8774911406810105,0.8527139402459295,0.7134610693594969,0.5178438293544062,0.4466341739994582,0.3592205056434995,0.15631482812551709,0.06931532807969697,0.06818531246584497
14.660000000000002,0.47229679386858137,0.6981395861097104,0.661534523173543,0.7491365767209894,1.0429427399942934,1.0748077887309309,1.2456373513967554,1.2125112589619509,1.2177670643575222,1.324968954626645,1.242857646849589,1.5080923867677383,1.3460449986108853,1.3127300857820332,1.3140087685612116,1.5846822067186765,1.2803665550144923,1.191125438746779,1.3673144584420798,1.4551439294093962,1.205737530764918,1.1697818960470714,1.0075719187706498,0.9120741639547878,0.8909733915473483,0.8154926637026515,0.6039684146005583,0.5058987720845505,0.37027264635750073,0.13660669210866813,-0.01443104055024512,0.0685546346842891
14.67,0.5926964404755456,0.6592289079272994,0.8303679772094823,0.9101159607884939,1.023518286675794,0.8984013235927094,1.1708051509941289,1.1907339791312648,1.3234379222293153,1.262374369630651,1.3357574404192536,1.483687234383308,1.422443007609491,1.4294735629341733,1.415856272712557,1.6887761465629865,1.488765742323141,1.4883103466540795,1.4298925394965092,1.504834447742592,1.2289505532887375,1.2252406505492142,0.9638183727066403,0.922085391353041,0.8358460763690901,0.7990813051579767,0.5817273807789446,0.5509163071399088,0.31845387131395997,0.12512615787514483,0.062146538212529814,0.005502247453220199
14.680000000000001,0.43130602308281235,0.6792569704251398,0.705652655090652,0.9731840528975884,1.017824308161101,0.995815742744885,1.1425888564721864,1.1264680860548788,1.355039321925297,1.2150917391109939,1.3769991813307856,1.4670490954296767,1.4520966035411753,1.4319670149047514,1.3971186797549646,1.5937250736226416,1.3456227937132286,1.4468523140195513,1.3658878357851199,1.4726249984004633,1.2712984185407286,1.2791194693465386,0.9785608302266129,0.9027268300993279,0.828512209776028,0.8753672647785443,0.596130426160376,0.3843495440502571,0.23699625201746885,0.11364119299146486,-0.08038280069392362,-0.08787464351432794
14.69,0.4513176038735821,0.6680779200338756,0.7208578932106897,0.8907994339878891,0.8589840253822602,0.966609172360543,1.2720434795281323,1.1982522534569982,1.42099503349074,1.2423029833734374,1.2717348801563644,1.436049448882067,1.2904705580145217,1.4237885894677773,1.3755204990771859,1.5296948718879342,1.452871148554922,1.4104839905434172,1.3553163301919755,1.3919599718356674,1.1817601998997833,1.2057345621013587,1.0279758195834416,0.9186921313564346,0.8477921991619571,0.8218687292596203,0.5606046573926919,0.4728759473964898,0.4181927696162944,0.111846787161175,-0.094715220768945,-0.1345923947321012
14.700000000000001,0.4677636060478977,0.6557240304361103,0.7828621015694672,0.9193988238735217,1.021200551408107,1.0328885548069313,1.2618228230160935,1.1909608846394257,1.3593858810848336,1.3546638119680678,1.4304433117236204,1.5032897331041448,1.3966804206896701,1.4033169293303704,1.4730384049605454,1.543480898872741,1.396878460897997,1.3991177437994233,1.327455975098768,1.4480088258175874,1.2199556415757573,1.1804251944929127,1.0082725571347129,0.8190647229728635,0.9066625754326981,0.8926261484115822,0.6616544716852432,0.4965035901769953,0.2972438232381681,0.1404960617496095,-0.04788054074351182,-0.07575253409762514
14.709999999999999,0.40795872145174195,0.6116846375722488,0.6944258476188508,0.9065062782189303,1.0264691702341469,0.9461426670295816,1.1566804986953843,1.1905426676697868,1.3637408484356461,1.1124939637009166,1.239961076186027,1.506332485721384,1.4525952360655272,1.3338963086603017,1.475478813780776,1.595002894809733,1.447566020709566,1.5439438545570048,1.4376523276127968,1.430438971481522,1.2524616665555326,1.295466090617642,1.0229788272533649,0.9195732136276414,0.8098859781812298,0.8847482645199579,0.6386135633321053,0.5368739874354003,0.339922224220321,0.02797139890853711,-0.09493261393541733,-0.03123362454272629
14.72,0.43017667240232543,0.6274558525434324,0.6910462610663543,0.9225391450318573,0.9840321085773832,1.0268193366356633,1.21015156495815,1.2526509629101583,1.4313877406754778,1.2409504300897365,1.3339486689865574,1.4775828629172623,1.4919416376488914,1.462553729177033,1.4420493461712818,1.6410353640680744,1.4771336834620639,1.4713951295471535,1.2782854226029499,1.3833309353251417,1.2833612172111322,1.3592450285011688,1.0749854600589919,0.8590890739651442,0.7834703609402163,0.8066209163467436,0.538680154231717,0.513444486568604,0.24828891127149855,0.16010699734649947,0.061643804633861286,0.023329724646005395
14.729999999999999,0.388803157401758,0.5861420272012446,0.7140280836441594,0.8900450356436697,0.9564588303878441,1.0315395355760277,1.1931401331703202,1.280660347232756,1.375159210132422,1.221514946528779,1.330094830722268,1.554272316817756,1.3974739519084778,1.3678460122237222,1.3797360276426174,1.6202044771117947,1.503976593293901,1.445722357331957,1.3871800591671175,1.546248856765379,1.3537475636002108,1.3484907008975224,1.162640357764296,0.995586637221987,0.8853775090103323,0.8542512465539143,0.5517177398709032,0.43395623215909895,0.2838490816105612,0.08232831859481232,0.015948948607091312,-0.017077325574219572
14.74,0.44501816497520125,0.5403587327083205,0.6774854676099802,0.7931413548613804,0.7774907511475244,1.0124329654684916,1.193751715924526,1.163973624613073,1.3918639389202179,1.2630411936100576,1.3488686066199411,1.521593133015639,1.437612054006264,1.3118639478021656,1.3220764115086827,1.6042079686205857,1.4867211392111994,1.4658327539103881,1.3195934516501533,1.369423299077139,1.1989309196640536,1.257762273866775,1.0679899694937214,0.8548053011955246,0.7509208722402589,0.705602294426015,0.5074709440622183,0.4625657601813493,0.27326264520673405,0.14048759602404742,-0.035372085247080465,-0.00016652347586941507
14.750000000000002,0.5507669443338621,0.6931805593031776,0.8320785019259911,0.8421575321444617,1.0782103065175745,1.0087766846163078,1.1643785344328115,1.1853628168881194,1.3827708342684226,1.224069353956451,1.2843226498767468,1.5245101027388046,1.4041680449915117,1.3453553592899448,1.4736118410860646,1.6788062684289415,1.5424930299763147,1.5438835583430912,1.3427649518325604,1.3904609660583804,1.107408764097235,1.2920004596070642,0.9903347729437889,0.9691540782382855,0.9224465336455574,0.7690369373852756,0.5348045844096471,0.4863490526610519,0.3208922156127652,0.11139008801038026,-0.06488447583333183,-0.039510802795417924
14.76,0.3925009869085818,0.6857666462241261,0.7386218600225829,0.9000783440495734,1.0212857461723035,1.0048959589424367,1.2081673700384163,1.1880859126713161,1.2230067306111088,1.1546220628503021,1.2933070092892227,1.4381520786490245,1.4953483824762226,1.3396769813005092,1.46772165599968,1.6645090114894288,1.5177473463991555,1.5888077224739605,1.4286305194524513,1.5294167102316625,1.2811041543650163,1.1964614686709811,0.9567795273807692,0.8951567196127236,0.8760588163515304,0.8080876831420808,0.6839268871015309,0.48374861155888876,0.30630908211432606,0.14587742975551857,-0.029802099963988964,-0.03673512110793595
14.770000000000001,0.46180284404366,0.6565837225546617,0.6886983721608294,0.8150318570809904,1.008552411257622,1.0791029273830635,1.1172111618731204,1.1622294280245558,1.2811016681678509,1.1932701373853856,1.4294674965006084,1.5707833687827137,1.5097570594580332,1.3916304634335046,1.3528542559203898,1.6001976614499618,1.5689368691797934,1.59522101572378,1.3743187973240747,1.4708738409229802,1.291807159879121,1.4109566017424455,1.0679556536740153,0.9242682400055943,0.8379464750766183,0.8406134334650769,0.6038547525582718,0.528105517629169,0.26262612260484214,0.030786942979099265,-0.005730463670622203,0.056949851939305574
14.78,0.29861345220171825,0.6384388105165401,0.7216905337419114,0.9131179875610153,1.0523569874945027,0.935162791740237,1.2170560488464255,1.1594839739243024,1.3286271897459163,1.2283703622428523,1.326720333402661,1.531846856939801,1.4926433984460858,1.4802723088800138,1.4716548082254062,1.7204082585414044,1.6095563077943582,1.4909999520510535,1.3321815768531637,1.3957825472100922,1.226347692761151,1.3090896939538652,0.973663909266125,0.9118074061936012,0.8588168864752199,0.787538598798906,0.5970744401210153,0.430558033758317,0.3856537795939989,0.09741800901363404,-0.15618030519641496,-0.16332039542062413
14.790000000000001,0.3636467351014316,0.5252080839307913,0.7252559292515152,0.9038041457141622,1.013675376607797,0.8088402374222005,1.118741837600151,1.1976694993030101,1.2999433476142839,1.2696038558098677,1.3945039802575079,1.4395464339532598,1.4833092137976003,1.3471984624756859,1.4048033440588124,1.6028646932406727,1.4912230305551462,1.5461634853380901,1.4282219218219492,1.5345782954709126,1.239263060479071,1.2448788780356452,1.0817814767126341,0.9182003689577295,0.8378868087582511,0.7389913276567471,0.5929914309628556,0.520003768448971,0.2758046902509618,0.12501912909986643,-0.0123257119400124,0.009824267654420162
14.799999999999999,0.42951418647271644,0.6171074839088014,0.7419264316609862,0.9429391588518286,0.948663561662063,0.9534975623386286,1.2254816042122934,1.237884603835113,1.3269270206716035,1.1479750450403738,1.356162476631732,1.539976160547766,1.4316907187126564,1.3486177971222384,1.5103725220427056,1.6792674098288165,1.6192639584774275,1.6004833860091479,1.3401778731050782,1.433870420236324,1.2649620173118077,1.368614027702285,1.093176345551509,0.8392500075025584,0.7726524989836508,0.7974653258922724,0.6703290709544261,0.46480805126382935,0.33491288625773713,0.10017425508460112,-0.026899268769279356,-0.0155245978369635
14.81,0.41375051109088956,0.6904786806889647,0.7351474359355977,0.8423424810433302,0.9505253754285641,0.9934678603455004,1.1693580634573593,1.19833006280347,1.3194009723874283,1.2965016954178963,1.5058151284646064,1.518339374098002,1.492515226195598,1.2623454162936776,1.4858417300363533,1.6635270969381841,1.5069081722849735,1.5994762235005127,1.3369729953256235,1.5001909589823623,1.1631617821049958,1.254992594928429,1.0472280503457367,0.9160434516409288,0.7886893705640668,0.7116128704287624,0.5967193127385259,0.4058443248818458,0.2740606314067539,0.20501870482674672,-0.06730626797194347,0.04836595110695611
14.820000000000002,0.30915432729536313,0.535139873347738,0.5975856323872173,0.8842163760176333,0.9861028950724345,0.9413284312819862,1.2121939997302984,1.1209970212715108,1.364190661089511,1.393615301214256,1.5065890357024139,1.510362690399713,1.5408134074340367,1.4703738858639903,1.5771162875604368,1.6462698174056787,1.582159178986036,1.5971314539547077,1.3101582801252607,1.5085362610370687,1.2630763793718263,1.3282079848758677,1.097234757922688,0.9881468660064235,0.8376857087840291,0.7455918824133155,0.4948117911477673,0.19847892437316889,0.35025190472722467,0.10933144213644203,-0.09909512753480199,-0.08835559774529167
14.83,0.42549951854259627,0.5848741897240779,0.6922723827926524,0.79554957834719,0.9887841350238358,1.0363690561799808,1.2501674040207333,1.1549927082846463,1.4838328466221373,1.329080590620083,1.4383811320072284,1.3673884603373465,1.413484212519041,1.3606832989994482,1.4728970714150498,1.5300629756120194,1.5538118164142858,1.586016207410667,1.239648590818043,1.466637398176604,1.186738051828363,1.3112178986223149,0.9226615372837437,0.9186160236849052,0.6987994026873608,0.7494025620925547,0.6475853583025528,0.4509422680468726,0.2474029378915152,0.02481919535829257,0.042852225360343395,-0.07496565880520199
14.840000000000002,0.4172893693280957,0.6012684673678017,0.8366211944960327,0.8817515213950606,0.9417001322766603,0.9801369521555452,1.1485663419303456,1.2796250065248045,1.4557767008069453,1.382881489137165,1.4539626023111991,1.6094493857544638,1.6070325425828544,1.4934219399840878,1.5259752041365833,1.5982916179619193,1.5282671991443442,1.5386518505329614,1.3062304817732417,1.3258441691405831,1.1580422031483666,1.3458854650097751,0.981613539128907,0.90826912166885,0.7307852524818775,0.8244454598231564,0.5709544437041569,0.33099778474407626,0.20220569684916065,0.06291899320807744,-0.06450414119010549,-0.016064697650852326
14.85,0.4132005621250793,0.7026963163339948,0.7121405016764505,0.8917510399014332,0.9780504854220025,0.9807122124703482,1.211221081763124,1.1361729489468488,1.3855732845137978,1.335617644579772,1.489666886730853,1.5676441657569793,1.5719449486291621,1.3835844491739855,1.4418792662864006,1.5607295486753126,1.5828041982471537,1.4508415454275427,1.274947142740726,1.3955561219774923,1.179608679611805,1.2196943430712455,1.0058541213592407,0.8712160892559655,0.8110390536298083,0.7501238504152036,0.5981619018943961,0.39039121371973484,0.20733401404182872,0.07828863981673054,-0.09122843547467015,-0.012219931871617754
14.860000000000001,0.3863937940917532,0.680143661652705,0.8414312983458386,0.9141508810824427,0.9876806716278117,1.072470680027641,1.2331453311921645,1.2003193319842114,1.3160355372026002,1.3457868866241705,1.4689806227714866,1.5107664782716415,1.5265350341214075,1.453372895201739,1.5932810047439587,1.5123340051799115,1.5472227991189573,1.5320010243413251,1.3590219266447625,1.3437945960352446,1.1898853911874647,1.2612720615375783,0.9751943943328412,0.964291764859162,0.7480679597232209,0.680295470510184,0.5463416263391396,0.49257047554961697,0.2912982194739328,0.061389127910973805,-0.02867952471000381,0.008380374309333007
14.87,0.40966931735913886,0.6808696016072299,0.7755986603832632,0.8792110206850973,1.0200816008040636,1.0248378034367982,1.209210558381317,1.1998973146017533,1.4523760742000884,1.411849108511343,1.5600879238482508,1.5724284224942546,1.44664543529982,1.4025781392461125,1.5525652824686034,1.6044320519086712,1.6764391829374865,1.5692461888342857,1.3200037516259069,1.4128895730871542,1.2645420059696624,1.2858447671325226,1.0177007907772164,1.010243126350264,0.9211291527463996,0.8179363518126683,0.6684784249657052,0.47024453424849444,0.3237527794451314,0.14273932546031856,0.03770389610343865,-0.0037635665721045056
14.88,0.3770338986781188,0.6572234927187317,0.6763960109217025,0.8390398541390431,1.0684925125524225,1.0429991900156363,1.2443346811854459,1.2546110001940542,1.3808455441275178,1.3431917572162038,1.4861582656688732,1.542854270429274,1.5650630686652471,1.3608137371422038,1.4535465726780172,1.4965973345108872,1.6046720920282598,1.5779677286173486,1.2888542323680416,1.3835954439331444,1.1474715316744961,1.3254642296872514,1.1188783633867372,0.9940407289427878,0.8604325887638867,0.760512272822567,0.5496567963812519,0.46192201178125886,0.23640429324470458,-0.002493706692541406,-0.0770914387574414,-0.04898629043932364
14.889999999999999,0.35416294076839144,0.6343104641492148,0.8032993199628105,0.8082141370948981,0.8932670992497896,0.998397515475329,1.1751587412994653,1.1639194091781997,1.3307912479411435,1.4080681762436917,1.5313126635551497,1.569055207994382,1.5093105402496532,1.3606917953147109,1.665247772077148,1.755650911261259,1.7288303092328463,1.6189570068121328,1.3140827955244747,1.5051326063407475,1.1506727129617318,1.3596948688847807,1.0218862368212416,0.9756729145602366,0.7337034726434128,0.7435492549048899,0.5636435884696827,0.47676416958922174,0.31636764514585414,0.1169301152467829,-0.026782214707078623,-0.05023824656265963
14.9,0.3892771305368289,0.6078615355945679,0.795796133400825,0.8932953216401002,0.9659710426650923,0.9713216047270526,1.1500333578482094,1.274233553505936,1.4268781673650164,1.5179309061982653,1.516999108328783,1.5346738690838841,1.5897575864183306,1.5433312507222277,1.636443895722099,1.656562209678945,1.5937775965107042,1.5229176288168242,1.3054702852091697,1.3726340335352705,1.2190636404007387,1.243685786093953,0.9489649490644964,0.8936638008557578,0.8767689596725575,0.7467436143535705,0.5089438150177712,0.3685964955074129,0.23741751497333977,0.1600074821727105,-0.026999057184121544,-0.05759748633501164
14.910000000000002,0.44288061283128927,0.5457046995647143,0.7857970669528176,0.9640926259760041,1.073720379671811,1.0319058667636394,1.1799274036088472,1.1116647167524467,1.3237845088894693,1.3320136131907594,1.4268760319586837,1.4683103660453738,1.6432160886069704,1.60052028284087,1.5810137276426828,1.5736719318445964,1.5059826460176327,1.518686125563121,1.357732519522624,1.300237989492167,1.1459197905358085,1.2023858662806588,1.0153161815311516,0.841290049804124,0.7954834732928716,0.7105404501207774,0.5042537817310179,0.3744306155978318,0.30561771173258406,0.17602703975305586,-0.006426817095423235,0.03855181528032363
14.92,0.28629227128870455,0.5448266602510041,0.7438779704861622,0.9051509253395892,0.9614688071046766,1.0720681657415103,1.1561405390658726,1.2320704849327013,1.3624722226194215,1.458353850411487,1.5567072477449526,1.4944685144297576,1.5807472087075527,1.5533863568715438,1.5959151403212097,1.5247262384222773,1.6619857943283267,1.5927445380467469,1.2557648951182445,1.3051936022190684,1.1154198082826539,1.277238541927796,0.937796627399447,0.8180041971920111,0.7839305757046666,0.6597828708410848,0.4650319216514443,0.3383481912458586,0.40157025457586715,-0.03111355859356736,-0.1551820992805889,-0.10364989257970254
14.930000000000001,0.41659227037894486,0.5059673548889257,0.7223447822204218,0.835951871259953,0.9874496510933823,1.039497736717261,1.1733721854022794,1.1230946837293467,1.4059778787986577,1.4104377845814668,1.437758487732105,1.5554438661483618,1.6473038842522305,1.5081783038760546,1.6745549743792778,1.696828868912736,1.6144732547811333,1.5772005252205494,1.2803293016254607,1.3241189158332465,1.0772209559040404,1.2247596595049903,1.0111509328504362,0.9785224317169267,0.7445280763779935,0.7709014212135326,0.5998658997086375,0.496748062783017,0.27360325631058197,0.08952277725264243,-0.04521654482007042,0.023770669656139918
14.94,0.34357198585198273,0.6674486958200536,0.7089933357271012,0.9264124015666368,0.9968376095658734,0.9891786491027195,1.2014333578181362,1.1715783678113676,1.2637333288020105,1.3689778129097083,1.5924494401474498,1.5327424456878749,1.5565427593350623,1.4657487300126337,1.622134291318961,1.5424600430212687,1.624598814243169,1.6353773207525393,1.4118499104837505,1.3400978266372288,1.163669622816389,1.277663609667691,0.930618893241008,0.8431797320453537,0.7141872045625243,0.761254457744289,0.6709695445515258,0.4391425348662025,0.2589869238959869,0.020891710093982403,-0.002173484436783746,-0.04517527298390097
14.950000000000001,0.4138226084330599,0.5563707255982066,0.6965725935910513,1.0035836646648981,1.0129467485248869,1.1060606276498426,1.2670182975352913,1.2410444687848181,1.3426814645572693,1.4150804380759627,1.462548328390354,1.5710928267040842,1.5866263933385676,1.4366347595526632,1.6067695311994794,1.5287149958484096,1.5456528991209004,1.5176554361693488,1.2599123192933401,1.3388551860099613,1.2527796863060932,1.2692786175495354,0.9989982535448756,0.8898992735234265,0.8758899315725536,0.7804758262381849,0.5243915108671309,0.39179560374586997,0.21080871459351977,0.03678913718304089,-0.14526821054246508,-0.01489216474959585
14.959999999999999,0.34748358005350505,0.6555461561352152,0.7420951205067169,0.882896765436354,0.9932567141505707,1.0519462948256628,1.3147052708626485,1.1822825556084169,1.3131576164380352,1.3995681513066982,1.4461798224364162,1.55362752383044,1.5186722223267493,1.4693805068701071,1.6453420638188494,1.5140569836430267,1.6255058043987587,1.52896367398072,1.251766084925002,1.1338213850827947,1.2417850724449961,1.216802081977922,0.9873944265183325,0.8947048713240484,0.7398979739527146,0.6159383813505874,0.5739277474973421,0.407163375785571,0.25485161076009366,0.16049445065288867,-0.04532181545622811,0.04425761655961189
14.97,0.3547224165099038,0.6706952347991403,0.7353209286159733,0.8662371417883082,0.9513380031319081,0.9525504967819461,1.2229831056448863,1.1567841133259544,1.3294158707860069,1.4471297558478862,1.6119123836596885,1.5548461016907713,1.6238521485827058,1.4242235562963654,1.584839407888102,1.6121711435027486,1.7467163445018627,1.5949150763009867,1.2632960756535119,1.308195666025236,1.3147977164792484,1.2908276136404955,1.0476740761755032,0.9075174905109198,0.7288887472196056,0.6449229238609093,0.6314411703578537,0.40240570721014657,0.27250021483787856,0.02963538222411008,0.0035447789870739713,-0.038425535943717844
14.979999999999999,0.36335950458485455,0.6532499771876914,0.8223559158652934,0.8606274960302962,0.9940370513213785,1.0245697837218133,1.1489975936666474,1.2376057148469277,1.3297569095678206,1.4451846552379366,1.5258390859947033,1.542284183140718,1.5642839616186979,1.4299091048499437,1.6130777105097571,1.531893659234694,1.6303403060270947,1.6005026595517262,1.2989093346245244,1.2127203199082623,1.1871809916050697,1.2872009472074548,1.0328706746760685,0.9109057864757246,0.7313749694919417,0.6299308176061338,0.5410531865896808,0.3436038218268056,0.2637350963866161,0.21467562446993071,0.07957654891865953,-0.09805882309103546
14.99,0.3810915012203077,0.638188707697777,0.8960380885810575,0.9065246529498192,1.072313437617175,1.1058517998488464,1.2268674905530865,1.2320039535779561,1.296467780951822,1.3766969233996589,1.5038201145743886,1.4969450408994456,1.503548822543448,1.4714985285018138,1.5181882229572532,1.422910580140899,1.5541706312519408,1.464877209979259,1.259283132299183,1.311571267333013,1.2303606982341642,1.3229109048258088,1.0316710655605492,0.9423945939029159,0.8724260518640841,0.6286221254967308,0.5892106849643793,0.39187281071622654,0.2569891843829458,0.09671596485394637,-0.15695219087165854,-0.03193089432831059
15.000000000000002,0.3822299350869476,0.5147705247563328,0.7688869905280906,0.8180015185051479,1.0303096486310486,1.0096631377881222,1.2263145510286235,1.1012521712344108,1.189636558943776,1.5211166058502095,1.5535446682486234,1.5210622572974553,1.5135812945058684,1.4472376703189673,1.5726898896133932,1.5834602025958155,1.625685474691938,1.4916296696287985,1.2577422854592777,1.1903088890035638,1.1775578742854118,1.2437910995955797,1.0367983733561457,0.8136320866041723,0.774842402358784,0.6766221139323845,0.5032526363906797,0.3481930084320818,0.19096527801034585,0.08774331873535152,0.030858658488497136,-0.021659902771362337
15.01,0.4053697059402482,0.48529436890479666,0.6438198105364259,0.8588021573674076,1.0376398983207666,1.137002929459823,1.1767825524459345,1.0748925198768,1.2722352436970048,1.521957866864282,1.4577652368006588,1.4792501625224297,1.4585629475892659,1.448871174224797,1.5671673801132275,1.4447623460666934,1.6547357930992352,1.5518885842950794,1.2785647990327909,1.1928555518574544,1.3169828988138121,1.264755531415539,0.9847167042208423,0.8859633048824027,0.823209320291974,0.5839123112748558,0.5820965953585338,0.32293163950045944,0.2635923844139425,0.17074834026735214,-0.05499169161024189,0.021289916152096126
15.020000000000001,0.4769421948446191,0.6459703310265452,0.7530098766889637,0.9383625267854281,0.9483397457053315,1.0222561247507411,1.21450147124189,1.1156651413531846,1.175141587762619,1.395883368573901,1.505844059345823,1.395823839680563,1.5416148475303204,1.460157298012307,1.510422369215128,1.38817061848704,1.4707181598628494,1.5054081252058489,1.3043481192689677,1.246196359672876,1.298508399155167,1.370546294824757,1.1660977380055093,0.9036806487905086,0.7546252196053299,0.6093266902982314,0.5603482959395832,0.3504375341480583,0.2685296010534253,0.12469228410833309,-0.13758864450362224,-0.06116223750573132
15.03,0.37597892713966896,0.7046076111156703,0.8083147879412533,0.9293820715647283,1.0395754449545658,1.0762443313969574,1.1282732098882058,1.03462466270557,1.2214833745372506,1.3523052375028641,1.4185037538519802,1.4261937179353779,1.5265887340785018,1.4563484987187367,1.6326977378861582,1.4593050314647937,1.6221796083022575,1.4624699524556593,1.1958943313894799,1.1778086740916967,1.2357223191780091,1.1130267376391174,1.0908278445685697,0.9799315801422898,0.8051018192967305,0.7468039241574623,0.5865462394380082,0.3559224753441601,0.3382031503084618,0.06450875597179459,-0.09146326740987051,-0.055662612597363804
15.040000000000001,0.3812542162720625,0.6328442357161336,0.8920623139896275,0.9414998089990158,1.1053915671067274,1.0714644891334526,1.2389476188624748,1.1388012590688257,1.2992645956419946,1.4582622956354039,1.5044023365090933,1.4381152821706589,1.588309586143264,1.5553775293835357,1.6463055718915678,1.5103513505496944,1.6087804363991582,1.4571272488734215,1.325930172884548,1.3439116359591876,1.2812822585769053,1.2535785235686996,1.0618931227438353,0.861341359633674,0.7853768154093502,0.6313545728877196,0.5233794641095149,0.50066072837262,0.2868825621617626,0.10768983365826021,-0.05599439174424639,0.09705120536763884
15.049999999999999,0.3807652043365142,0.509212014382418,0.7315253792703866,0.9120718941353858,1.0853926503449762,1.0666475668291109,1.1694031266152283,1.1696258816127187,1.3104875610108062,1.4146090453060263,1.5576634347296738,1.3988885845441679,1.4881206519515733,1.5041408653051223,1.6045877586417356,1.4289710987208533,1.5224740381035926,1.5058975403643082,1.2625995091485949,1.2232214784579065,1.1657448951294596,1.1906046327218403,0.9895479659442228,0.8835401808509503,0.8428288261001343,0.6377655667732327,0.531788198525929,0.4141331595301197,0.27318276521079105,0.12783317417489515,-0.07714515229994931,-0.0817239725206221
15.06,0.36962106935490024,0.5740137081332638,0.7273520137279831,0.8513506131510509,0.9559211154576217,0.9660466815325788,1.2281537702301337,1.2089806606869893,1.2250681760120836,1.4756297266884253,1.5173397509390727,1.4755000582153999,1.5896469739932555,1.4377342012705658,1.5423129105565054,1.3763251712671734,1.5385298238673168,1.5127369998888947,1.3457640050306963,1.150669894609539,1.2871838476179356,1.2675758614340178,1.0711139573339228,0.9468657225057169,0.911130411271815,0.6823449001801973,0.5615893910397645,0.390028297600397,0.2790448706891981,0.1739299952971877,-0.059443938131437536,0.048467036607314135
15.070000000000002,0.4632837023392669,0.551857083926141,0.6569954055112526,0.7951657179364902,1.081802229169263,1.0548248743855035,1.2003702594052688,1.1672265260005008,1.1680784443915522,1.538106318776494,1.4486732523253811,1.4718704660371271,1.5165161293557419,1.5809429829410553,1.549403591948294,1.4019297541068894,1.5462745600354013,1.4628670914513708,1.3144451625830902,1.1778541146376262,1.2570279165883103,1.1378104633249622,1.0364572003587884,0.9252912331429183,0.8853582587980329,0.67163344249696,0.6061926544696705,0.4262485215085954,0.20222015117177922,0.09922840147547538,-0.028451928388327403,0.10107715974426502
15.08,0.40431292407838654,0.5656301303317883,0.6732926809106577,0.8899726514293397,1.0535677861846748,0.9940700212945296,1.201639989087249,1.1055456362768352,1.1761956319898008,1.393281215229338,1.471245466220174,1.4356801361684122,1.3964356616678855,1.4620249540210788,1.5116705848216396,1.2922875537884826,1.5211492116988814,1.4504872098795072,1.2538427739561189,1.2306156867699045,1.162831727457714,1.1173186903478294,1.0650837279434096,1.0926588732661853,0.8551177782133191,0.6436950169959956,0.5431892295202709,0.5090768278374241,0.30577030000345595,0.1379504711817552,-0.10018330694580288,0.051662060106393445
15.090000000000002,0.39800511693890095,0.5657506293001479,0.7047883738471131,0.9322084217793912,1.0244843988507686,0.9753178814341603,1.2249175052866872,1.143241078961498,1.1700136688345735,1.3969166071830124,1.4977624245207086,1.4537440696792068,1.6471540249104886,1.5367947544505163,1.5931927474649241,1.3472543543223585,1.4923446263099662,1.4543342291591956,1.3503122647291284,1.2546331800705595,1.1383953825297322,1.1420560400130033,1.11417905491801,1.0118787378651857,0.8090949176603408,0.7076688854430138,0.5722040224363372,0.49279208343622094,0.3725588628632743,0.17832984549693787,-0.020721184947885274,0.04548192606320299
15.1,0.36040085132389804,0.5647275043869628,0.7582660926916573,0.9360803117290865,1.0362120456504609,1.068720187340042,1.1697675773992722,1.1258322932980513,1.2049981020242175,1.521971947276002,1.5758152852269414,1.4165762897750505,1.5820928311140925,1.5581681636367266,1.6208719131722995,1.4395357118895427,1.641506083480826,1.5997312708088953,1.284173037217674,1.2983536012690513,1.2373262365680402,1.171771849709054,1.118071090142795,1.0074914203420715,0.9049638791068387,0.605972278019769,0.6084282243631598,0.43225878354816805,0.2882051889224306,0.19798041949293307,-0.008431305361033417,0.09357442661493687
15.110000000000001,0.38183904769204813,0.6756605430343523,0.7938325651093834,0.8832233698266518,0.9571221569345618,0.9907259205198169,1.122169875210953,1.1269590142365276,1.197323539748791,1.3767041478401767,1.4640128488028654,1.4716013046851668,1.4618003609200154,1.3779895073017712,1.6033044234305311,1.3447179227166373,1.4377061501279773,1.461480144068547,1.363324508130385,1.2209191350794766,1.2658209109823968,1.274706183904201,1.1925793735066235,0.985156355219831,0.8980117748505283,0.601924055499947,0.565874269925549,0.4422921158011132,0.26646252651668495,0.0828175281617611,-0.07723397184219848,-0.0018256867801155485
15.12,0.36484879922050056,0.6111936121935644,0.7510906115483224,0.8389455583532401,0.9976746763441302,1.0854198807852216,1.182740424065353,1.068626600262712,1.152893726018846,1.4296011643748858,1.4076968051510699,1.3645276688565533,1.49176959021867,1.4802761760182224,1.5718034389974922,1.502355063123104,1.5293325154192539,1.5126735772553115,1.3857641036504453,1.199698202580767,1.1936152266004425,1.194737856844308,1.1611653256885361,1.0670756639326393,0.8822723190253727,0.6217048581596177,0.6437085064350591,0.4939584804991601,0.3294610179718094,0.09469044671949972,-0.026233700470082524,0.016508868882633955
15.13,0.37456949048699606,0.5779020230792086,0.7701582916392451,0.8651851726234139,0.881852121676482,1.0137368313877204,1.173398528330724,0.9787729518049557,1.1610879617128458,1.3811115905047708,1.4357440077688295,1.5196887411248317,1.4407972514438445,1.4910062774298078,1.5346590452509017,1.3934086479274785,1.6118290125182404,1.48324761896973,1.3128856311496249,1.2880110681601666,1.3586959032159054,1.189344739609106,1.0567321430615788,0.9812495492735325,0.85079002466373,0.6759108612558504,0.6820224781668611,0.40489173922474075,0.2525429283386901,0.10812908933322282,-0.02636785645999532,-0.033905754721628836
15.139999999999999,0.33205041362929266,0.6157554239074041,0.7160065850661661,0.8274155355324307,0.9261103571452526,0.97256898223465,1.259467337778365,1.184396573011687,1.1915915282279719,1.3910125268986484,1.4696345807551048,1.4956248471540183,1.5545583863538468,1.546818404320963,1.4835532340113005,1.3811446667814338,1.3917522162554317,1.4139883088008318,1.3624972760042746,1.218092652721002,1.2796769583731675,1.1334268239831322,1.0567158194858886,1.0007420930220272,0.8931576338454019,0.5850484278502405,0.5318805716517397,0.43275718554382203,0.30349121436107407,0.10512064735556892,-0.03147068056368807,0.07623546543952647
15.15,0.3296584814838,0.5193120761308997,0.6544511834036995,0.8814807147385832,1.0056944289208445,0.9901943544733515,1.2512169324953977,1.0575448855833092,1.1591545332698177,1.4281828960401413,1.5225077490501682,1.436521070730162,1.5735473957453403,1.5004688338573715,1.537752398138919,1.2933269619332208,1.4886704728422533,1.4761772261395434,1.367749655727929,1.2912745762892097,1.2574093498888206,1.1071719661462789,1.018605475984963,1.0184289742044572,0.8708950285353478,0.7698489953947695,0.6031582467382219,0.42588432433505485,0.271959807654219,0.12603323296458507,-0.04522388464493186,-0.06294997401804397
15.160000000000002,0.38633682775029365,0.5614426042969356,0.6503151281824039,0.8587313570320779,0.96511647274068,1.0991818594167853,1.212149084657446,1.1004081471701799,1.1630797642391433,1.407562969678288,1.460249686692803,1.4058509989890045,1.6179075285492268,1.5201607635122807,1.6426841423269525,1.4090375434552067,1.4892342683449733,1.5200000796504192,1.3243925562026888,1.1738358648412612,1.323279309401716,1.2136048415488945,0.9855034804663498,0.9317431843899224,0.8337974042150745,0.6887450781767477,0.5462051364746968,0.39920891150388876,0.2918315620564028,0.12781264246090648,-0.05995547810670533,0.014564360149532725
15.17,0.29093410897993793,0.4576868818680023,0.7510411136334106,0.9864129187828161,1.0325703209465824,1.0342554614675505,1.17162965732659,1.2089503163019153,1.1080900200714632,1.368558962955855,1.4696781684710578,1.3644825291915388,1.4868302806514455,1.5424186189439346,1.4721280021606158,1.3533293628066754,1.3544983560519466,1.4532177140694549,1.4474197580225154,1.201268780536966,1.307598163697608,1.163506851678107,1.1728726479252467,1.1842457408048874,0.9859634251478184,0.7427163134343999,0.6790495913789563,0.4082111504893544,0.24949429191816974,0.0813396232316487,-0.0642627781510059,0.02287184723491159
15.180000000000001,0.38067737700144066,0.5874979462272412,0.6507435122216095,0.8975119989709192,0.9156611304496993,1.017778943865643,1.1792582305756825,1.0331097036301076,1.0637577744736055,1.3806310096409655,1.450406137418203,1.3403088552131976,1.4528163624262695,1.5758086975008272,1.5551275716336788,1.383475117963157,1.5002930651734738,1.447920644031072,1.3588004919820735,1.2653842545590797,1.349417530216516,1.0865874054571414,1.1086877797267207,1.0968860967534337,1.0239419118469915,0.7235183123047271,0.5876921360730485,0.3826923160570391,0.2582715765951326,0.21491647875549874,-0.06191941085358045,-0.03835682871784241
15.19,0.3964031815347183,0.5916717224095097,0.7275168077702707,0.9008239381295535,0.9945498530874847,1.1106061021568854,1.2315346411499262,1.188631353161187,1.1853548634192184,1.4271633978404328,1.484843834901,1.3046284361064515,1.4672113961296565,1.5067973226167668,1.5656084292208354,1.4063890902994824,1.3676392685549086,1.4216571314474684,1.374984362405628,1.2940497068791808,1.2608373454143087,1.1270789164222337,1.2058315525784449,0.9999176432245778,0.8988704203350232,0.6680871677790258,0.7091550864759493,0.4987201793464736,0.2303593167974059,0.1042759781325235,-0.0974684703374503,0.0926434974019279
15.200000000000001,0.3145976296541391,0.5796723773554436,0.6986759075138751,0.8255227687265388,0.9081019775726366,1.0261877648231108,1.2320972066516631,1.2122012771079875,1.142081926638369,1.302179071300546,1.3237718346501484,1.3644955215151222,1.5986708938268817,1.6278414987743315,1.546586743909649,1.4349057167725399,1.4807265904257694,1.4793617645573203,1.402788545030723,1.2531326061129233,1.3059141817311082,1.2116223441796712,1.229672676525515,1.0421496803941874,0.929589815026861,0.6599825949006296,0.6307114164219731,0.48451534331267265,0.31274293008869625,0.19064245084051792,-0.08904929796250671,0.007859742716142593
15.209999999999999,0.43028052114365123,0.6140189611467176,0.6739041867062565,0.9413813245024208,0.9488461127219217,1.1381513460607606,1.2303943531412596,1.1786322171816674,1.1241151044969517,1.3922696545866118,1.4429638306057302,1.3956056482771733,1.5694435777171114,1.4497677798487245,1.483855811104491,1.3507249293143362,1.479872913274414,1.4793182816202184,1.4566209295312476,1.2356324351671326,1.3710653484585078,1.2059567878448154,1.1941661101118577,1.1076796939194464,0.8912997134153621,0.7104944630293152,0.7019936622207924,0.4681288105311139,0.27800470022227686,0.08836692633300833,-0.08180890264243149,-0.01676425945982022
15.22,0.31613465349011527,0.514495567787744,0.6985693978863001,0.8994316032050684,0.9657689579255855,1.1215659299965655,1.2123165581024877,1.160801885806305,1.2144844839629954,1.3877062959967832,1.438473206542565,1.2964646515045817,1.4702476874239936,1.5488020782279552,1.4435859818574281,1.3493682800088458,1.4173050901997413,1.4653951479144727,1.3597118579355196,1.2289539653058197,1.3405329621591877,1.2036722353955724,1.1783643287165828,1.1560438808318165,0.971126075462986,0.8489917588529206,0.6790176270594273,0.5540850324892136,0.27041576867401523,0.2727069577810323,0.03430133440937082,-0.02125181485018865
15.229999999999999,0.35801620322715166,0.5861291966980325,0.6798725811629274,0.9535839292521143,1.0432240283470506,1.0123069805561087,1.1847479603194957,1.231540647838479,1.230964439277962,1.4961843717398202,1.398178143369579,1.4196941567283137,1.5472574616313004,1.5830549328685122,1.4762412366708448,1.3297338513504826,1.4207273345658966,1.4072689126693263,1.3370771564001092,1.2347050803665753,1.2730867351190238,1.205717765354443,1.2313344564072297,1.022581703391048,0.9299837297012911,0.7756442621363796,0.5657118653980817,0.42976863277832894,0.24888904359933728,0.30715368293077017,-0.01317256338459397,0.0476317420789954
15.24,0.358778469397063,0.5165705867301408,0.5992563319208766,0.891882746911567,0.9854350724307765,1.0414734459079085,1.2573898055340307,1.1651570190144875,1.1679621450948696,1.3342675055954953,1.3646040411584852,1.4032221300788639,1.520030935060036,1.5202008276498442,1.4691909617631336,1.376449430069013,1.3661944671763053,1.4789215299345655,1.4378220559551378,1.2543016331030385,1.2879761868449677,1.1536623409044353,1.0888341305334854,0.9956036713693355,0.8770401094021045,0.6738743288472803,0.6543971652637346,0.506905953975306,0.25603476323787194,0.2409963959183372,-0.064095585886578,0.020991610845189808
15.250000000000002,0.26842938399011484,0.5097026912351083,0.726677799136227,0.9730073832615781,0.938460222568854,1.0477956410913807,1.1203429105564489,1.2663507675123014,1.1461877398526605,1.3762142101651225,1.4210683130627746,1.3450159919060785,1.5226078017206126,1.5655891853803299,1.5280461841345172,1.4621926997612968,1.4370103447521319,1.4564891664696424,1.4998648929812564,1.3162219475065524,1.3278085098662915,1.1776439416086102,1.0791917081303573,1.0536253240069287,0.8787268398827291,0.7829481492910465,0.7134263940405497,0.48198107742867635,0.3838210810259565,0.3573128656291914,0.039834264293389154,0.1059574201367791
15.26,0.37215891868086304,0.5071874921732666,0.7600822245556107,0.8372353079361781,0.9232096327027655,1.0413445200779616,1.1549561158305246,1.1666060172222417,1.183966396332518,1.429616788539444,1.451328571205753,1.3469941519436643,1.490916360982335,1.5421682228164961,1.486374818860855,1.4483962086782847,1.3481096369734047,1.3740387824073166,1.387601525210783,1.2182808158608542,1.2624008170468262,1.1852489393729964,1.1366835013252938,1.0237987962428476,0.9087638574462567,0.7379550915106028,0.7545192538799604,0.48389479213739905,0.26766573529149174,0.09270403880925546,-0.027643474177668576,0.08293864429841877
15.270000000000001,0.4360917003960181,0.6263237403699612,0.6966136968565554,0.8887785659946977,0.91821322321199,1.0235567983373741,1.1401358275768492,1.127850806059314,1.1919010067280198,1.3491609766120047,1.3672273427140837,1.361478806344123,1.477632577999917,1.5300784068615512,1.4536633623504467,1.4165677994398158,1.3740622258184236,1.3933289496120254,1.4757382761840878,1.3315096304374707,1.3014787448230314,1.1623684296878758,1.134527169917315,1.0519001327518172,0.9647367528201753,0.7455122694749987,0.7306615080783797,0.5830245042723265,0.2926319050894955,0.15484816419567618,-0.023813086782674093,0.029388512078871207
15.28,0.3249642060405477,0.6089285113220623,0.6946803590185727,0.8109529418010356,0.9780507108574826,1.135955190683522,1.1956307081431363,1.2021266279180498,1.2363699347343144,1.438604619055528,1.4366339923540834,1.2612845851956944,1.458891397180395,1.5976786739202882,1.6030614507683978,1.3729840383234402,1.3352700937774327,1.3707656005011357,1.4638149485290501,1.4020968233273634,1.384907983120555,1.0765257125597065,1.1396574799305044,1.0137643843319626,0.8406521211484902,0.6943824609966472,0.6507151940829793,0.4398973558843259,0.15684584529769066,0.14680042302508575,-0.06722272538676391,-0.0725971100219743
15.290000000000001,0.38511039701623045,0.49090615568977386,0.6402298256913385,0.8172045258501526,0.9610308646883645,1.07212698222396,1.1487120358095921,1.1993495259939249,1.2051864658385252,1.4240629766527835,1.3830795097960147,1.3253174080284162,1.5227613516034482,1.4498319113220206,1.4944858597639397,1.4678749710691963,1.3557946862808996,1.435517776996218,1.3780155621569032,1.1855724268905348,1.328407796490768,1.139738166157129,1.2471777363696726,1.0203959425544908,1.0203064468304397,0.8242335880146573,0.7177755045969186,0.5801389044533354,0.21807691366937776,0.22233258337786935,-0.008366090822457418,0.044338638873627004
15.299999999999999,0.2958531084867195,0.5090801134036492,0.6938574316723071,0.923112347129465,1.017845300765757,1.154938541144706,1.1815915846742537,1.0973831240200866,1.0759568640374915,1.3047453648167442,1.3811248887910252,1.368794987352297,1.5078428297430642,1.558120789096034,1.4746429451081235,1.3246572641634404,1.348608426760963,1.4844112942703802,1.4492185692751167,1.2497747484967776,1.2468709966715132,1.0603844349413045,1.20741613870456,1.0167078509542946,0.9014274815341171,0.7389985938974892,0.6231759497598413,0.4815332270927626,0.2879107233466662,0.17823679074294166,0.0294540854014337,0.03389455808605354
15.31,0.2964496338157564,0.5759167941007479,0.7378566614021248,0.8480112912846643,0.9983926915291558,1.0579940490364486,1.1383189441233263,1.165428827620999,1.2200264451065705,1.3464363323070354,1.3577203448856463,1.3692912620087379,1.6092122681261882,1.6247873536406807,1.407190830109643,1.3501316376944712,1.372542861887834,1.4444364232003788,1.4455860946199877,1.2392709442982535,1.266269150794149,1.0810426038180054,1.130414264685126,1.0683702953908563,0.9153867135766843,0.8475900204523376,0.6496521261363101,0.49797590149852355,0.2242030694445331,0.23308893896367677,0.039238590161336115,0.14608215337779465
15.320000000000002,0.4551493480923923,0.6312629640604168,0.7427567300425298,0.8932888149392009,1.0893678500558486,1.1636680409756657,1.1774135292177172,1.2052724974242792,1.195572911053095,1.3681301681535336,1.321063055436662,1.3805102673321676,1.581643028938021,1.6221834543195093,1.442593023663245,1.4275297996349239,1.2882575889796477,1.3935729303167461,1.40876144575543,1.257214877221427,1.303344789294138,1.2447185707290427,1.191382065783164,1.1359253394301867,0.9858305453983102,0.8180757803139359,0.7231227501977394,0.4721446475898927,0.3099363479076401,0.2706394037152928,-0.051866568818136276,-0.008439954710127637
15.33,0.33810447434121343,0.4603384238823085,0.6243268889477855,0.961078964894136,1.0536722377762766,1.1559536071055214,1.1319925400015374,1.2169429871186421,1.173068378436974,1.3834817312888485,1.3519765141805642,1.3602469547696923,1.445948008807346,1.5703693979376736,1.46839795647392,1.4325541297209379,1.3168993320706155,1.2602342666323654,1.4842747374442664,1.256051648527959,1.3308880298727432,1.1418514319126782,1.1631079039283518,1.0736353287798703,0.9536854644663042,0.74811057464868,0.7853813374735078,0.5425562167980995,0.23107006429016771,0.13392484153375184,-0.05613488223393469,-0.0412326682005538
15.340000000000002,0.44344053856766696,0.5855924444332409,0.5968436144009168,0.7857030926440425,0.954100963946408,1.0715984665886462,1.2383877818485933,1.2930962475881438,1.2911092980949663,1.4203377435173419,1.4834740931043155,1.3706074921236109,1.5093989304866944,1.6112409771036362,1.486602398025561,1.46430363658435,1.3830166116728042,1.3110958771166856,1.3583431399859376,1.2833270059998698,1.3024613081150405,1.0878208591631435,1.092971673377056,1.050002617141323,0.8433809791282881,0.8344278132526652,0.822878786441849,0.6024127095921107,0.18853841087818005,0.18126312321861274,-0.004826729698390397,0.039468883188280804
15.35,0.2748234870954139,0.4839143255165144,0.6221816508999759,0.8730059326763797,0.9608931312153994,1.104710392597234,1.178461438700654,1.2159476767351889,1.1655936933109659,1.2756197307174493,1.2813428457293188,1.267385360782501,1.4287914877153751,1.5116208967641591,1.3649848942957945,1.2717859167924466,1.3805090421088808,1.3015480491330054,1.4522391337987892,1.336465950967136,1.356966615344906,1.2410191866629086,1.2552967472723242,1.0778177267375622,0.8977889845794792,0.7774127050110375,0.7358269503352962,0.48672468294644244,0.2507579418152166,0.16875142769542795,0.07434481063649231,0.0004489666138748766
15.360000000000001,0.3292613730411542,0.558904524930775,0.6766328255252134,0.8088086371143995,0.9918023728320532,0.940751270344833,1.2235236926342274,1.262858041680653,1.1737502301338254,1.3228861317052567,1.2730987147815278,1.3740968883657172,1.4965159230819842,1.5661111109624766,1.4287675736256116,1.3538810460846238,1.2862529911086589,1.4625634928852658,1.4012027024258573,1.263297689132183,1.3723865060424376,1.1977668688226315,1.2616070296865685,1.134593315375421,0.9144433519479801,0.8047761620911743,0.7530236440555574,0.5396932294179146,0.253863006254906,0.18100505877233025,-0.02412659861870577,-0.08557668125815539
15.37,0.264777967106516,0.5928746228465702,0.6424063492382557,0.8896797068174876,0.9681673340831087,1.1040808722147566,1.2803832959087027,1.1061123374735224,1.1365598266465133,1.3840085792008239,1.4066913438128832,1.3370358085343415,1.5036979885277133,1.5086579647500111,1.4401748952209377,1.3565452706836856,1.3045711867179781,1.3904132497194674,1.4511837423274228,1.3346270738421788,1.3582862621987357,1.1945071678364685,1.1510553167712696,1.1055598228266421,1.0032785211957918,0.8014481352154817,0.7833737200546341,0.5762260200343672,0.24123556995598006,0.06975894243677061,0.012693822776873495,-0.06155766805671778
15.38,0.3923600230962919,0.5407408690300277,0.6421322957213504,0.9011502396655845,0.9954382932550773,1.110208210099887,1.2157615315688772,1.3749168265136937,1.1688114020486402,1.3358560486794424,1.3549744237346741,1.3313094254777254,1.469100959239093,1.537133096894043,1.4348647662999772,1.4373117503224655,1.3366228760496568,1.2834821967907772,1.3499316737911162,1.3356301009503366,1.2803711704212128,1.0822851671301834,1.1198709740738308,1.1126189157276347,0.9245598945292317,0.7172861802941447,0.6212097399558181,0.5867637235556099,0.293360002506125,0.21282977520715254,0.057019987161670886,0.0712610585406151
15.389999999999999,0.4210988222345535,0.6118581306939441,0.609602650596613,0.8493374792912933,0.9607883872474979,1.1532189258931766,1.2303441289012385,1.2905104695638017,1.2114721361892953,1.280732134953123,1.3194794052087953,1.4011729432823457,1.460244901228259,1.492969971195031,1.363276557817311,1.3337939973024553,1.3850911193043765,1.3632125146160163,1.4545403499543657,1.2872828706733113,1.2842981460101406,1.12702036787273,1.1607455520223706,1.0459479641908196,0.9706016888640863,0.8288863374896043,0.7044852294272883,0.5536515934523882,0.23596925785284836,0.07771598036390209,-0.0031694658632156368,-0.014371688909963647
15.4,0.33040837193644434,0.5583976750591297,0.6153388308064875,0.753622971770947,0.876988799470293,1.1518864383069924,1.210172642135761,1.3004846787865794,1.3438212022873868,1.3918019092023013,1.2470202861792195,1.2334567905207499,1.3391699914538207,1.5127073405612357,1.5052641333125356,1.3970173145778122,1.3540456645714762,1.3810230099058671,1.3886197079635831,1.2362591764430637,1.287500227415947,1.2527135891066616,1.1463174899556232,1.0252250884040917,0.8758379371782631,0.7798601012521325,0.7499160928056499,0.6784776444379832,0.32243524074172786,0.14875049627063855,0.04312987650505336,0.07189896454411149
15.410000000000002,0.27065657840030277,0.5273662376947788,0.6453894577995161,0.8663610347523236,0.9271138032935446,1.094588686071027,1.1098072406010424,1.2108667391729515,1.2449937465492484,1.432855116523964,1.3020525134350194,1.2768279492988126,1.4824809290594279,1.498593278679941,1.3909125452866888,1.4371541533315368,1.3460643772442251,1.3784284111379095,1.3918256977343728,1.3055548758056343,1.308281913846003,1.1975069792141335,1.1031121560335002,1.0985513087075272,0.9232973561673157,0.7439544848480838,0.6588106313982056,0.37024626757931123,0.3055827442030698,0.09169965965486732,0.0204792414626135,0.0042089995042349435
15.42,0.39233903677709514,0.5043463558235417,0.5849999424262398,0.7377943491256357,0.9293148190850599,1.0616996317896956,1.1017923384396549,1.2005082572716286,1.2841475059477974,1.2858306002031221,1.2570011017409763,1.4007924416801307,1.4917738270889118,1.5304175619118328,1.418911989417045,1.4112226900915994,1.300958591425551,1.3913247445474832,1.4391772404360326,1.2140807015374826,1.3283949968354278,1.1849049217226213,1.2158559438977206,1.1451967274879529,0.9092697574916939,0.7727866125542816,0.7160603222923738,0.5073526589809633,0.35203060755304527,0.22627962399155013,-0.01642911441307584,-0.021797992063383023
15.430000000000001,0.3189187913341148,0.5225433117198007,0.5728042712329118,0.7880991359079996,0.9538983339451615,1.1292891735029804,1.1811105049909805,1.2248615140487389,1.3421574221975403,1.4289981899354403,1.31490090080449,1.4046236497617943,1.4850457744235743,1.5089204610249332,1.4198532947726092,1.389637599334462,1.3694721054554748,1.4170127400107613,1.4505331911112809,1.2732450689231731,1.3638017490777719,1.1833515932306262,1.1421049272229684,1.0379955464876809,0.9318529237522288,0.7904897559473774,0.6596475726083982,0.4552127792381225,0.3386964038730048,0.14799978348634746,0.011995803863216786,0.03374985495471833
15.44,0.35222395357436465,0.4891746657329117,0.6658060088798345,0.87510704338019,0.9738933405773353,1.007735900638529,1.1183057203949096,1.3264483240915883,1.2139085199067454,1.4070855793220733,1.3602625882527548,1.35800846002377,1.433151864086757,1.5842585452688136,1.4211627104655895,1.3219071945531997,1.3060380949298875,1.2849420907916056,1.4335968173770823,1.4069171761076815,1.4054388579272015,1.13838131103447,1.0937371082921483,1.0451694430078584,0.9282863395762414,0.848158584246569,0.7465201470451103,0.5476766333856117,0.3043231945660514,0.20848633152293622,0.10294165217223566,0.008152364955921122
15.450000000000001,0.29979935987255585,0.531049391449511,0.7227694304979203,0.8340411168890991,0.8866767624969486,1.0152228953129299,1.1363146510567104,1.2440919144591327,1.2348494539230133,1.223511165707946,1.1870886099749196,1.2804747431262102,1.5439634144793655,1.6289238780703879,1.4519529338764117,1.4175734948074967,1.353202148241391,1.0609351335283574,1.529083185108076,1.3277947655090436,1.3643420094844738,1.1746264541830476,1.1818626086595816,1.124458271888918,0.9743323038081624,0.7686135922139249,0.6544709963476367,0.4667120884851124,0.36494466269356035,0.08051882425306439,-0.007586495405487878,-0.001515913810500015
15.459999999999999,0.4123432896334005,0.5096675776766415,0.591183475674271,0.8356822872996281,0.9560039092045766,1.0858170040799413,1.1670149302627693,1.2997197463528924,1.3273097105632257,1.3539153729622273,1.2559430481246814,1.257813015789055,1.4445003279184159,1.53046364632717,1.362777395279355,1.4033853642292045,1.2882323525360817,1.398758692484429,1.4613275059235464,1.397989836506417,1.339172786376236,1.1093520657119238,1.084691967550671,1.048305567955801,0.9824379598073736,0.8472554914224626,0.6938248256519612,0.4587030822979706,0.34279696229661677,0.22911379474769217,0.07563925926379848,0.08221573260943094
15.47,0.25073368261872525,0.5389386018406486,0.6843380653941245,0.8918463185422963,0.9987296548222586,1.1460075263609344,1.221178097421922,1.2740874257936652,1.2236222882223065,1.240792217916999,1.1878723989528017,1.2643954788346012,1.5052970501253324,1.4697931457946312,1.2784240392208972,1.371577083394537,1.4316484173713075,1.3949643379259893,1.4892087998025894,1.380503784630411,1.1923058410315353,1.1281266853027883,1.1573156886148008,1.0388068662621444,0.9388417619314655,0.8652104101042167,0.7778715401275855,0.5054389306927379,0.30371752796035884,0.19718764675232306,0.017642469236493843,0.00814428474902349
15.479999999999999,0.38272114724146566,0.5607938047971257,0.6083062034866198,0.8980318412766821,0.9429743894938033,1.0035151183028033,1.1295799584548065,1.2052819147896598,1.3517791154774166,1.3240985961450908,1.2375398775801902,1.292622957073962,1.4155026785209244,1.4809542125912774,1.362292686887214,1.364934333120962,1.358869683495682,1.3936029681643443,1.5153969270592045,1.4107597975122674,1.2685743778851786,1.1249910990019907,1.1270161936162573,1.038466475783402,0.9310749726995368,0.781521183440057,0.7710263344980635,0.6344069495892919,0.3762857294892724,0.26062413994254735,0.05123391667748478,0.0395211265188049
15.49,0.3574455483850667,0.5267988892548985,0.5170475790509306,0.7390335931825166,0.8978727817344233,1.0039483940520513,1.1046478291327535,1.1638604833590096,1.238950212974655,1.2391272183043494,1.225385156091211,1.2785621586761289,1.396293679283834,1.5129510623092202,1.4115762458663603,1.3955793943976706,1.2890838556917323,1.277210888981701,1.2894361215088188,1.3996665282046499,1.365559363398968,1.2027625613614852,1.1724582117943634,0.9771266040166123,0.9055580238705423,0.7756673358998862,0.7078534565609808,0.6200776182957014,0.36105487600410774,0.15852759956082046,0.1060253417804143,-0.01688018704053107
15.500000000000002,0.31579196009085225,0.5481354089735478,0.6249527254249732,0.7323741940821384,0.8206641797331122,1.0529554809859205,1.3119487615412413,1.280877808897682,1.2445364329008364,1.2488447872892008,1.241865317828058,1.3983931430713379,1.4693876195990445,1.6316748854281415,1.392408708311399,1.2870342073364496,1.2975077212895159,1.3478944578124818,1.4484473085831788,1.2236067154716344,1.2569782777915328,1.054843590414434,1.2959220511192904,1.057086035603863,0.9311643912684089,0.8289668523682987,0.7075002183663441,0.5789952939138951,0.27077663368684673,0.2176690695626277,0.11327314700776954,0.07363493876220903
15.51,0.3945960901418709,0.425884141212006,0.662828365716024,0.8097622817720946,0.8906040551029607,1.116858794864489,1.2406108125848738,1.217587805863364,1.3688327579042374,1.3045486181423005,1.209711862001354,1.2766452926074354,1.4184060215976688,1.6022868461220816,1.4075545176556619,1.3890536624228522,1.2567967231584363,1.3407811473718694,1.4179034637217454,1.3371011849973882,1.2669691058845813,1.0676752949922743,1.2152761778272592,1.113447994951976,0.9607701561838509,0.8281676225340662,0.672402678750958,0.5579281165035896,0.25341293239842194,0.2793146586802637,0.07748404266161676,0.12742856924802154
15.520000000000001,0.3606937769949491,0.5898925203070378,0.5726715620878883,0.7390836410734276,0.8152432676411606,0.9551606444121411,1.0953731678053893,1.2398460651051904,1.265126362572033,1.25388736702711,1.2572848638107763,1.3501066547285914,1.5336576022516846,1.5538116542048508,1.3026132108283777,1.3746304325085408,1.358266227653769,1.3529376262866215,1.4471433855363622,1.2530343891469848,1.2900673497029682,1.1009230101649699,1.0674628695484412,1.0405237547294668,0.8922316185281901,0.8597039352572878,0.7462531028770801,0.5538978695510951,0.34407249132747625,0.18873811611179866,0.12448895107273153,0.12969078014768873
15.53,0.2735996710470536,0.4079815429083096,0.4680738122512289,0.765119798461404,0.9134802119088998,1.0451164807685804,1.130776453470907,1.2438572321917312,1.2821820498788628,1.2149970291538474,1.2168016261050454,1.3866846087668416,1.3025647620959218,1.5130457985662973,1.4237862156542471,1.3740758928828103,1.2979949322175612,1.3216989941321677,1.4574420434624153,1.3074999460563799,1.3309200527673615,1.0367552892706267,1.1882770652950705,1.0675318363680182,1.0040536950199452,0.9141802822963794,0.744106851961754,0.4595966056300062,0.42203789673032355,0.27346338203111054,0.11767807825673149,0.04463396763297735
15.540000000000001,0.34157034036425704,0.38775230729099386,0.4470835508600599,0.775142477252937,0.8214815913355582,0.979350966921744,1.0921968760297898,1.2490073834243962,1.2883302211970322,1.240367509102704,1.3057198386263742,1.373571519278658,1.3831137004917595,1.6037745804653385,1.373487738648808,1.4187191306634586,1.273522364886685,1.234546979451942,1.4565213228930127,1.3802153319853459,1.2830907352950072,1.10565929893389,1.1174202110739158,1.1138792929081662,0.9425190615229393,0.7530786758478156,0.6777162649581479,0.4165050909555289,0.3634689640452761,0.23169571268377517,0.14229802471273628,0.12392355575502742
15.549999999999999,0.2861399707365083,0.43360865045486,0.5075704315954755,0.6751020667846478,0.8492010966180746,1.061275830424275,1.1110757511968647,1.290544115920404,1.2679109584219643,1.361128366658142,1.346230111208645,1.3644904768748825,1.3338660452497675,1.4214695885309867,1.3959424421786573,1.3806929138506792,1.4033568272098753,1.4169409347241635,1.4008054388503313,1.309673852544414,1.3325289415070396,1.1811655282056706,1.193468718322953,1.0941070313709964,0.98465939255468,0.8469499663792805,0.6009800849882252,0.39899227904572615,0.33059673691938296,0.3007553072622603,0.11874193730553716,0.009904119679708057
15.56,0.25695054213330837,0.44992192876684667,0.7214618134135392,0.7931597326841203,0.8332192261309459,0.9870607784620159,1.1633556942342778,1.251359437346265,1.289190803730144,1.2786190013845595,1.2529754596288938,1.3447228541590373,1.4480356638405765,1.4779657904621137,1.4307933170708567,1.4523869415136097,1.3700284223874897,1.4034116130742205,1.448566541391654,1.2471708046986945,1.1861359505522957,1.0330277514767812,1.128319651839675,1.0149410718453937,0.9779496369073878,0.8401247377054293,0.6962705506174071,0.48487976631581375,0.4364077081827946,0.16450588382154482,0.05997114119717825,0.12038906227379516
15.570000000000002,0.3521004376932431,0.445301186755884,0.5396338069761535,0.7641038870464866,0.8325068767093751,1.0174236609526028,1.046417654898948,1.2947335920796872,1.3439114285431555,1.220835806976436,1.267834906644031,1.3625821462414884,1.3398537984662489,1.4752252597449138,1.3366458370345913,1.3938693307538406,1.3412428680397415,1.2471429278164705,1.427900466070234,1.3477072746860248,1.323295803308848,1.206131972847486,1.2329394917614411,1.0174087871794635,0.8883556971966197,0.6959980357551778,0.7215599044050967,0.5401331049910124,0.3176063034505629,0.21483932244719395,0.07262475139070071,0.1386071489873618
15.58,0.2585207036237663,0.49725266912438665,0.5331531643195815,0.7032513214655233,0.892736742571697,0.9674794255165524,1.1232016400798548,1.2534119920457696,1.344796285143194,1.2964913590316822,1.2018049907311665,1.4421086186324752,1.4171397447030032,1.4807723858191144,1.4002012153792027,1.358901260318291,1.3713070997713865,1.3366075018072505,1.4045714394580668,1.3907578622383643,1.421876231270294,1.2369475580643043,1.1987747643614746,1.1406135065195813,1.0200191282941335,0.8193941468171339,0.7743132224369613,0.5782871694497951,0.3673599110585343,0.25264328251613904,0.17273409133772988,0.10036792723869858
15.590000000000002,0.3162009201876073,0.5286473094141697,0.43366196542385443,0.6833842132627084,0.8172684968430474,1.1219101694351439,1.0790488518748318,1.3033177363324384,1.3564474477530601,1.2908752533417684,1.2879517432542742,1.3423552665798506,1.3703151652574224,1.50651940477881,1.3729564098207199,1.4859182661620867,1.315566980189172,1.3636341268289658,1.4838722892461993,1.3342722470802244,1.3140621970397883,1.1006453533081573,1.1125050478429626,1.042238192508688,0.9396255230264853,0.8682011210193232,0.6522787528072294,0.4468545168299425,0.347650128527758,0.22409362682585857,0.14195837213522491,0.041237497337915
15.6,0.343392830329651,0.4666623612726306,0.4841916643967488,0.7125346444909232,0.8097392615511345,0.9656333437691269,0.9656870492753692,1.3138015246608448,1.469728826026813,1.285050970455023,1.3400548399647316,1.429029869327711,1.4142681614757993,1.453037011652027,1.413184415588576,1.4194397652811357,1.2283655487637968,1.3503592101911648,1.5197884326125624,1.3462308228888804,1.2924376463076575,1.209250885504902,1.089978579480271,1.0690818353563256,0.9748914223892902,0.7912142782952958,0.699655623638606,0.5821948778941978,0.3970914767848626,0.24784956752259213,0.1043689094244816,0.17767525187060984
15.610000000000001,0.2515498161772009,0.491023808472092,0.6074095821489228,0.639996310462687,0.7519593560732198,0.9296175833098395,1.0132103975174178,1.2655659926462013,1.3531645339713538,1.3467750743997138,1.2482446937951672,1.47107329773046,1.3199354498467284,1.459796408152595,1.3510483184322983,1.42238326796469,1.3482144364725555,1.3493192354015882,1.470044975725193,1.4232199552485454,1.2845278284617765,1.1161567369351157,1.1524551164771328,1.04602239010325,1.0000415668616178,0.9128731480520381,0.7611062230487442,0.5292402236480016,0.3471056909134144,0.24161446785875168,0.09311398560369731,0.07092509600958079
15.62,0.2823137092086915,0.4276345332996442,0.55241387976927,0.7012419196158675,0.8127334595681243,0.9085465389233873,0.9970477264504782,1.3117897769705609,1.3371032972632526,1.2390306262282371,1.2481822133719516,1.4491006488646643,1.326747320599433,1.5052547545785093,1.3666728982727059,1.4875255315037972,1.4150246177186239,1.3250807672980873,1.4853110625483374,1.4109730616451557,1.3036655476671803,1.1993666583302554,1.1989286269025612,1.1055873164703531,1.009048886279802,0.8802609147448796,0.7308917494080147,0.6026635468569261,0.44463029537779836,0.30582969643681174,0.15909827603402948,0.033484290736227995
15.63,0.2641676802473458,0.4022643232156602,0.5709888742485953,0.7368814529244181,0.8539926029862547,1.058645744767641,1.1613246356887719,1.2576261028706213,1.369607911911652,1.2980661696300673,1.3224037219458258,1.3749065481225988,1.3108793516466124,1.4245439781645628,1.3318157185675958,1.4182976789879589,1.3164182101561153,1.3822035200710507,1.5259710175359922,1.3828341308060754,1.344498807049235,1.0715094800395866,1.1971685305177306,1.133791435198665,0.9383042138997858,0.8532675846331379,0.649859365108102,0.4977895023146962,0.38580665024636907,0.3311473106211507,0.15588208665959816,0.186531095459826
15.639999999999999,0.338488169462674,0.3897754262730911,0.5447262018379739,0.7341763793270362,0.8580856581653957,1.0903087030052288,1.0392268388339871,1.2486735048233681,1.3623848028730685,1.240779334623861,1.4279866665431211,1.4646664486994547,1.3537022084634953,1.5389625005073533,1.5129524438876565,1.4583285411485463,1.438515228846473,1.4490766993026654,1.4570406647344767,1.363067643292994,1.3551932846336578,1.2543022142083233,1.2581273582466754,1.1477911979149509,1.1346259751081713,0.894118073841044,0.6911808052165579,0.4892268724716733,0.3966512471634077,0.3160721830105693,0.23825941608817602,0.1151651706525618
15.65,0.2632087082335451,0.4071372386865403,0.6960608656930507,0.7944543520766227,0.8627800596091941,0.9847780827750948,1.074171169321034,1.3462295023502748,1.3648179118579955,1.2996476223640487,1.2878408368094831,1.575897855673944,1.4845840316330863,1.4928633761842875,1.397682422499816,1.5544445080579938,1.3573598586691489,1.3500412966699054,1.4098121209525156,1.4171932908327036,1.3323884320278567,1.1516505826545982,1.1901793956205706,1.1577414624471756,1.013473443606932,0.8314951762140423,0.701341314604864,0.5358764191063001,0.39800708064507423,0.3780110273656933,0.18772512881455777,0.10510568701584766
15.660000000000002,0.24274862471649572,0.41176959667619667,0.5348216818053546,0.745223014644545,0.9064633721282686,1.0014366917932114,1.077779662110592,1.3349567003884388,1.3811445030348721,1.2905561277869741,1.3388238415694689,1.448473798712007,1.3326704612163822,1.405376999386487,1.4067733124676587,1.4141679846278328,1.3720639849623693,1.39944240044281,1.4224733797683708,1.3739515398170141,1.397273029788928,1.0899967408455424,1.210435522062638,1.1704346126500633,1.0270792487233897,0.8418921514606302,0.7151763425758714,0.5389198009508445,0.39687815375379615,0.21336976266777408,0.2028098816336211,0.1933950398128651
15.67,0.2711678367350433,0.3861742584648742,0.5481570334649293,0.6533431020244518,0.8035243625371293,0.9392416783368019,1.0526459166773,1.327189169708901,1.378666738148735,1.2919875874126239,1.2390522569136009,1.4725828671027175,1.2647522931204889,1.5156934819444776,1.3714413667158614,1.497702044761358,1.3418041917297328,1.316201359401354,1.419848944566127,1.4172329944959745,1.2854596006955215,1.1385889227311223,1.204219044795182,1.1886661701377494,1.0136839135214644,0.8152799346386851,0.7187477786112618,0.4991347353744411,0.40991229705969756,0.32653911070610603,0.17888022385311075,0.17145253249502634
15.680000000000001,0.2961397781198624,0.4421405226135422,0.5312342859262871,0.65162405528885,0.7543118027403819,0.9139301189830894,0.9983221794276789,1.3345892024101071,1.3464651309747968,1.24959143725426,1.3303264934323458,1.3968927910696112,1.3113886459393345,1.469017290748417,1.44949207395617,1.5843830565747485,1.4677628989453844,1.3743886931359668,1.5999627203197613,1.4456633640744878,1.3809659523143316,1.2353847187791465,1.301830524835741,1.107819950254211,0.9863139739284021,0.8004369767751767,0.7213654687571418,0.6198299108245375,0.4173709019861694,0.210963053919465,0.05691669976313375,0.10499674472621084
15.69,0.1828182905874886,0.4625286706131632,0.5076082709729923,0.6871813211946395,0.8260152105817482,1.0371281905763023,0.9845947617142219,1.2998441537360983,1.4497057282662311,1.2520082048041894,1.3863937678862126,1.4887351634415857,1.3380440758361578,1.5464739360885553,1.4453175994913494,1.5189892840782058,1.571141678239685,1.4101597124536027,1.5261920321164562,1.4470149947440294,1.3508936130057532,1.2110084947200028,1.1400163868308757,1.1042659856570998,0.9811191673075317,0.8396170225763978,0.7157164643793088,0.5530470794204148,0.4541905912683768,0.26801514949279404,0.08161622936477772,0.04758264335342158
15.700000000000001,0.30980742746417517,0.6006323779175254,0.5634301161690762,0.6716110730572402,0.7576334341011168,0.9626555630074549,0.9471248519063564,1.2840574521904027,1.3493050330378304,1.2021363289847717,1.3375244314131827,1.469349957616957,1.3963372560834753,1.494486464487047,1.3906271373136412,1.430817105627447,1.3296356920352217,1.3190567570965235,1.4959755504078505,1.4026466485827622,1.3885643876834255,1.34389884746428,1.2215184669284975,1.1346584369561477,1.008584188202726,0.7892026485662865,0.6571721865866145,0.5378318762739092,0.4072916221266835,0.1900264837191738,0.08704998648516087,0.140882807481987
15.709999999999999,0.3061945852031794,0.40648693792612006,0.5153899742394032,0.6593217337294478,0.7561447552427804,0.9101113574739026,1.0935645843413015,1.3547575638810367,1.343816940940742,1.2094764678750407,1.289372586058555,1.3756419891462686,1.350926832341073,1.3989739812794117,1.3624400561388075,1.610909358999537,1.5395487116878903,1.4550991551394756,1.560247038589119,1.4926258549949494,1.4503751065557062,1.119810190347529,1.2320304132505768,1.1031000212246242,1.0656042144645241,0.7877919947708522,0.7402511819182451,0.5987921418170092,0.5272634239214523,0.3326381016636938,0.20270358312604453,0.26709185905322247
15.72,0.25860124574377996,0.331968363453661,0.5630160455974819,0.6995994347740503,0.76628746397967,0.87960517657365,1.055748782015793,1.2956364607901107,1.4028309029572446,1.247620227807049,1.407773875159057,1.512975670507464,1.4358453992229032,1.4438607272721138,1.3429614872000455,1.4528403355240123,1.4076380363593455,1.3377003655453217,1.5394611328840169,1.393457638107948,1.4664068993750292,1.233979726178733,1.236161671258614,1.2162557384526826,1.1082779614066451,0.7768445000322557,0.7259683851488176,0.6736183599440344,0.4766526363358509,0.26910664570526616,0.06120536082953692,0.12906304035909028
15.729999999999999,0.17500670740441113,0.28431265563914093,0.529929511264412,0.6735031504026654,0.8167492763801157,1.0039192852009384,1.119445433433252,1.3269115438856824,1.3042553806906032,1.202580853947352,1.3107345040000964,1.50906998544383,1.3759641239685254,1.4999595274001456,1.4355416899475693,1.4703704749752653,1.4736856386865171,1.4024931566771415,1.5518618227858352,1.52221987265942,1.4585631546358546,1.2095628590455763,1.1233285040131933,1.1002394811195555,1.0409760423676884,0.9020954464688529,0.8235945375610919,0.6242719847942135,0.4603275127970906,0.34120171894949014,0.11245754569652046,0.222133679377055
15.74,0.16163283593090316,0.41960594666002304,0.5437843726061173,0.6920232823621824,0.8945420447911964,0.9951172554622557,1.1523125364130176,1.3361480860549744,1.482562046208463,1.3029654247127302,1.4548536494424205,1.566266703705868,1.4179027242151205,1.4769971819162737,1.4652925596632007,1.5646506440658883,1.4458278318186526,1.3728682363554812,1.3851661413882002,1.4745704432665656,1.4368669525931268,1.1803996957601057,1.1664893538770775,1.0872260039086434,1.025230364342845,0.9013947434615588,0.7485222815738637,0.5226268244008772,0.525732418518396,0.20096564106325004,0.10618114921159916,0.11842823538335173
15.750000000000002,0.22010356115696972,0.493786440956135,0.5651568981074708,0.7487856087465232,0.8142744358337527,0.9337901819725167,1.0052790852821607,1.269481404603018,1.4346856932230039,1.3221675121579604,1.4309722274653556,1.4764731360702767,1.3189291209643315,1.3856087612175805,1.3708989393088484,1.5408845847674493,1.483094275557369,1.4287613277102473,1.5497860454047687,1.4249292662814221,1.4294591338233926,1.297241508128579,1.2716081496394342,1.1130254267594168,1.034082985466087,0.8792714462594668,0.733020850226978,0.495150152373509,0.39313811924255715,0.2922590200204282,0.08520983610202035,0.09402756743410445
15.76,0.24779483298599578,0.36107470944839537,0.55670431211175,0.6360666368028398,0.8589639044226417,1.076748588289174,1.1266629089439844,1.3364099517017805,1.31423064345278,1.2504002716164109,1.4472375867340528,1.5228401323723266,1.3653207969366716,1.4270455791162788,1.4740976323757005,1.5078843229064973,1.4422983778875607,1.3907714473341095,1.4358638792974925,1.5331163015816625,1.3808226999985111,1.1925774395850501,1.1687068550080744,1.0886921841272754,1.0279706904825638,0.8168472801977994,0.7108889199539499,0.6392473690982461,0.4168743658311007,0.32719415794501117,0.12247113362686361,0.0884638693715948
15.770000000000001,0.20350103752185056,0.1921697164634114,0.6916347286645678,0.7819242508855747,0.8522510255163461,0.9245622865185477,1.0055122682713464,1.239227547043409,1.3635454595666043,1.2404986885990663,1.3841836040886324,1.631777697281209,1.5062790185229664,1.35606892641452,1.423805274397962,1.5726862780622903,1.4989806517530562,1.376916862871715,1.5160390210624346,1.4940016507989473,1.4222653570624215,1.3457118127995038,1.199377762141887,1.1463928662552623,0.9908341086084729,0.8854084972811018,0.6789623414488574,0.5409636087372011,0.4060673145883006,0.22564445187041277,0.12828957091462118,0.07308710362745095
15.78,0.15031236241738757,0.37620692614781603,0.5830974118568666,0.6428205799162741,0.7681486365119315,0.957336821141222,1.065117718577146,1.2734147320911278,1.334278880735494,1.191811148655733,1.3998209890857822,1.5167945039713635,1.3520366937231192,1.3980769596726021,1.4874100229729765,1.568493004403106,1.4748160739934497,1.4090906970574961,1.4437040162875985,1.4272292528716093,1.428521345306325,1.2008620091905617,1.2547328188960571,1.1641609111332607,1.1525935199415809,0.9249083897492217,0.7637964337384103,0.6735314341687888,0.45759474560204716,0.3093770296124008,0.09207956399543157,0.04065116501734791
15.790000000000001,0.28413098846236584,0.3915492911108569,0.6100828997675816,0.6826040958985379,0.8226084042589143,1.0210703671995092,1.0443308641274665,1.2204103383398275,1.384343202680079,1.2864506839594627,1.3463816082933446,1.505154967731185,1.4285890281234863,1.4110727402636605,1.5196673768365356,1.5670692440673946,1.5369867883441177,1.4654477411680094,1.4473297705695174,1.370142559335706,1.4596183362398918,1.2648344500134339,1.2089915561837317,1.2328062687442591,1.0452499845551733,0.9182008369201489,0.7924751681831901,0.6697750411399721,0.4252005870337646,0.30318576769838274,0.05301344423605083,0.08482435087704385
15.799999999999999,0.19993810962099112,0.38322452171631394,0.576786773568184,0.6450651355156651,0.7949830879352436,0.9152664538146418,1.029313528935624,1.2138818478525113,1.4461708639766635,1.2927187534392601,1.4350572745059695,1.4854698395467452,1.3539818423219756,1.4028384158789198,1.5135125690162248,1.5861582805827312,1.5885873494999003,1.471813602679226,1.4700527557595966,1.4890727533527044,1.4140949932211344,1.2310545794375225,1.210488298829363,1.078489002362872,1.069050591887057,0.913251361372099,0.7429514543686385,0.5550400521971883,0.44476534590622746,0.25071769040148273,0.1136009629710921,0.12297176278313389
15.81,0.3222892419558048,0.4439149697224076,0.6346897367763861,0.7738842641692406,0.876963889561923,0.9748070148823144,0.9771649582489442,1.2265504465005623,1.310527439281932,1.2738784090779747,1.4535655411887158,1.4583751916656174,1.3673189249974436,1.44540503533666,1.357226220210273,1.484465463514952,1.5057393049233956,1.3990574259227475,1.5224618592931802,1.4760015108292088,1.452667891784957,1.2015317138727744,1.2190449634846987,1.1617736075399803,1.1092146237754132,0.9213689556173339,0.7754948062307222,0.5694667404208682,0.5076848185026854,0.351468450051147,0.13732178199910758,0.14618283535096238
15.820000000000002,0.3114624093917969,0.40652247075519293,0.6413676800265187,0.743140980620149,0.9038319979206365,0.8739428316132263,0.9828051508403415,1.2139618040355091,1.3796781955251236,1.2716012330209585,1.4515597200094543,1.6264714115278422,1.3764582501448102,1.2952872944888665,1.4861147614936523,1.6198369437605686,1.498571239023692,1.486549504181836,1.5015190731005,1.449617432930684,1.4080330225556577,1.3173625492833323,1.304890043024782,1.1022252434969855,1.121240829348979,1.0054186937398946,0.7629395191129651,0.5973522564816811,0.5051797695484113,0.3370258209657158,0.19125538082011725,0.1249191848443175
15.83,0.27927441435019656,0.4380270825198457,0.7031479154851523,0.6336500925675663,0.7118075812699769,0.8612585150963921,0.9994821505877718,1.2692095971416502,1.4395151269959139,1.2581860026490903,1.3772401219686368,1.6135833724485829,1.3236975387856207,1.3409406935902837,1.4022917459397108,1.4654625174355007,1.4923578585980848,1.483638939823171,1.5462504758007194,1.4488092285037604,1.4103200796105855,1.2926863293587099,1.1942642019128769,1.1936858646462176,1.225628079729289,0.9827724857241611,0.789838574580383,0.5220137542893484,0.4070471653157783,0.33853336937103634,0.12871850061640464,0.10098860921075084
15.840000000000002,0.21344486936126544,0.47299451537076803,0.6488625100389485,0.7050256331845014,0.7677980410141076,0.948798044339332,1.0402870468429444,1.2523460607675279,1.2856814455895043,1.2495160069730264,1.4856418005622174,1.5507923246460644,1.279304679590865,1.3425466682843672,1.4038216625241589,1.4498532918739562,1.5732884398059628,1.557061361461645,1.5013636317477708,1.4330548657000541,1.4284679681884151,1.252869052439435,1.3109667359825417,1.1716796181004847,1.0788217111208966,0.8437061578882399,0.7600127021277727,0.6728148062418299,0.41251575335456464,0.3122071247010608,0.0642529975457928,0.11229993436190709
15.85,0.2113749165002874,0.47606369256022296,0.6033633334520677,0.7065088596914815,0.9028648273640673,0.9915005933681157,1.1262584427190603,1.2703314336121423,1.254403954815804,1.2903547394767307,1.4267345790861317,1.5954556991891093,1.463635697802056,1.3262608210644569,1.5277780350248615,1.558858843241436,1.5723150283506784,1.484892762229415,1.588549092451415,1.5073058750683892,1.484347077437374,1.3042683372558774,1.2210513423841953,1.1487238726485938,1.0383851199787748,0.8847925081699127,0.7469788189352863,0.516741466665255,0.3979447841120158,0.18565386045687934,0.17654789658078884,0.14607232885657048
15.860000000000001,0.15156574495757977,0.34033396356717827,0.5958806370699833,0.6695387570107418,0.871683406195953,0.9869869089173429,0.9972891028922897,1.2426180339392223,1.4296301551182076,1.364801546256564,1.3712992462610747,1.503924722760457,1.4637399464717364,1.402988941445523,1.5265967281938657,1.5990703035096614,1.5438322864889837,1.477234138869694,1.5439736363319767,1.3846726938672684,1.4191270313538542,1.3103967716607188,1.2734530356327232,1.1617301858072624,1.059516543782767,0.8881681452557451,0.8096050983083379,0.5275538475919893,0.3380672334316578,0.24631659581541596,0.09875608732334354,0.0369706284141119
15.87,0.26617663381587264,0.42178694995494953,0.5858541476569509,0.7815039315981837,0.8302886311351371,0.9218276284978344,0.9614103740923491,1.187925571580824,1.3767029454834403,1.3981953560147147,1.480055634935416,1.6598593925689946,1.4336090169359208,1.4501178429072064,1.5249274783895523,1.5977703503334937,1.4903936061330665,1.4453239145926897,1.5309803054949462,1.4445272248335919,1.5020976655952225,1.2945074194523254,1.2256434369076388,1.0957812031560334,1.1262626413778647,0.881854154066973,0.6719369029676248,0.6466362058583972,0.4705231220090955,0.27873595268079043,0.17381141288152924,0.13142643353687763
15.88,0.2501891191662472,0.39436623986099373,0.6996947499621553,0.7586508094769668,0.8103442717210406,0.938920834144978,1.07690109018761,1.2064316667195807,1.281574568706418,1.383639016490325,1.410516791067936,1.6100143440457935,1.512062398261758,1.5042998388849826,1.5050251653631523,1.630681516845045,1.5047863909719081,1.4847698379569814,1.4905339823560713,1.4498223950390199,1.456820756856202,1.2829709713418096,1.3223510624216464,1.1319372072224447,0.9574472927793649,0.9141998603939963,0.7799774265335039,0.5703520129795426,0.40988679603778866,0.2833236329080232,0.06255265356654122,0.12437921525699908
15.889999999999999,0.29104378981324724,0.4245637225012148,0.6567415821009397,0.8083601982334796,0.8979428901099886,1.0280596750134539,1.053144295222015,1.255379322551806,1.4004576209881565,1.3676351524957548,1.4742512752412138,1.5512572666486704,1.3305315903662478,1.327146499493903,1.4814987749987367,1.6134686623595362,1.4516433519164234,1.4301486208145797,1.4911627914247012,1.5138586228995567,1.432187089191336,1.3938025483961662,1.2039574435418277,1.1077891058687397,0.9543875492507097,0.8181486180812937,0.641925513828832,0.5777762677569073,0.4308380144324421,0.34378406023332697,0.1596514785174441,0.20271002764148333
15.9,0.2900367455368248,0.4028138320235231,0.6543880432078364,0.7357695740148509,0.8267144898120751,0.8586668973795519,0.995162818561582,1.1658754565044396,1.3027903874335467,1.2124134750206539,1.4295737271788078,1.6307942921027192,1.3314351979542156,1.3522391280848274,1.516476642312777,1.581463743059762,1.4604426742144248,1.4925232334923138,1.489480465702567,1.541500459913015,1.3909149450650924,1.3635906507344462,1.2673533896800635,1.1889016181134473,1.0308951673436655,0.7962301457798469,0.7823682722113967,0.5549769816389749,0.44486878452895195,0.17910523861966737,0.06645040251127804,0.04031636019459178
15.910000000000002,0.21679538763630035,0.41000448778061904,0.6803061305634723,0.7709675397660851,0.8727373752180557,0.9059798592770102,0.9805124586437501,1.1071740100273926,1.254765138085006,1.3314417802465894,1.4256166451937653,1.5947527603440623,1.5221702040589689,1.371181770159326,1.5904807589393581,1.6168029736140968,1.5488723432597122,1.526112992166564,1.5162559183729423,1.4998198871266843,1.4939173643654617,1.3213960583707667,1.3489612431003786,1.1235383506112149,1.0000179720568465,0.8561547474162968,0.8110810210600318,0.6176876614722102,0.423041748937344,0.2738931810530376,0.061153147091357996,0.07767795540534309
15.92,0.38934099847868,0.47080467932169656,0.6150261835295823,0.7392972115097399,0.8796093045971116,0.9014099586898938,1.047700017986489,1.138309129014079,1.2620643665555764,1.4775485135966702,1.4642346391119634,1.484585076906628,1.4077488178654942,1.4226673208661864,1.5036285507553315,1.6478798282155107,1.6238654092938565,1.5413167513697412,1.4697447899495566,1.3890792702437529,1.4803963182937316,1.3583256319404655,1.3162586725638923,1.2690597565627915,0.9715463267926358,0.700253673082227,0.670427310634405,0.5851204586909582,0.40488093585578405,0.21386000997754095,0.0745834475365012,0.13888839319321852
15.930000000000001,0.324100334408111,0.4452388621216565,0.6354932248686187,0.7301666504082565,0.844896156216318,0.9054050539204901,1.2233280374864444,1.2953641768156734,1.2857846037750327,1.2934096789828016,1.5350426877986325,1.5317654719680307,1.3166509575113785,1.328015949143212,1.4525746219473725,1.599978119692575,1.5069380721642918,1.535170928962934,1.5269576549821529,1.4452512961614095,1.3708861862701716,1.2329422913876809,1.2046533766983296,1.064211390040507,1.0267647677292195,0.8390703404895462,0.8711771541369839,0.5853042675250932,0.4170261437788242,0.36278870355020426,0.13997370639987342,0.03778686589542729
15.94,0.24426936058180548,0.4643040202608385,0.7245930255144992,0.7469867156317118,0.7790850370748907,0.8424780482424838,0.9284056895566345,1.0682515144505909,1.172315223141442,1.351115439706907,1.5674537216610107,1.5413818603737635,1.426947625960597,1.3609396127504114,1.53993102484904,1.6759563228350502,1.5638284867687815,1.4524909434787052,1.4692647310745897,1.6169762415007989,1.5233426947090016,1.3423430006937764,1.199592497580993,1.2037553096332507,1.1061581721344669,0.8637817045399624,0.6989411539777506,0.5725437314406319,0.41133655187698853,0.2801204364232273,0.0664602676665916,0.14661976742133562
15.950000000000001,0.17149454641776626,0.3311746936555489,0.5921303794434869,0.806512349841779,0.8661276427974389,1.01572918975788,1.2000379113087336,1.0760717634926409,1.1668393470144238,1.3878950782563182,1.4909055797116495,1.5765565812939308,1.4090224784787793,1.2866992490233773,1.4593910024496997,1.6370401795366778,1.5719695193324195,1.5031104151668102,1.4952396913618156,1.4172451965966624,1.4596814132269211,1.3524110712023079,1.2945557557361658,1.1261382403475508,1.0078003395640343,0.9104871609272149,0.724179985992722,0.5572522281093425,0.44356763474532035,0.27793080176920976,0.028739952768431075,0.08284219421678451
15.959999999999999,0.20688181941767056,0.4080038846194881,0.7161715014533041,0.791327863638114,0.9243685552287794,0.9414896576706415,1.0412337927381436,1.1253183229002925,1.2858758867613709,1.4133062769168532,1.4646009135700544,1.5985142547818898,1.4963029527189051,1.348036206163378,1.5700805756795542,1.5922220526362367,1.531476541141691,1.4455128467809184,1.5370874120040583,1.5224601555923414,1.4395444905742316,1.370316069346333,1.2359616665905395,1.0755985594594455,0.9611009565128985,0.8546165410323359,0.7232099479992188,0.6423020605168775,0.44282040624046853,0.2427141322837423,0.09812627199673937,0.14062763773371992
15.97,0.3105745709917566,0.43847199241482915,0.6824893264563504,0.7770224274544668,0.8482605651003308,0.9856257285102332,1.0853195725285039,1.0912543499012772,1.1549257003739384,1.2946929908942288,1.499091565234846,1.5785354651291474,1.5080777564340122,1.3434176539094294,1.5594715531450514,1.5928364893275642,1.577723656511684,1.5406745656467704,1.6226082705423066,1.5221688487032619,1.4224966922378492,1.3165939525300914,1.3042045235850677,1.1640408155230477,0.982040283527924,0.8582611376031757,0.7337059388302583,0.5951492160873368,0.40596931757418675,0.21279967289356438,-0.014331370010282354,0.05146567115961058
15.979999999999999,0.32260423299627233,0.4213939089240734,0.659691418116516,0.7502874276003798,0.8453144682841537,0.9413402976861044,1.021729987903018,1.1500706651424908,1.2527729685334232,1.2847798323024413,1.4241169211154423,1.516504845707035,1.5614771825165978,1.400656337333622,1.5137170158647613,1.5772523545399357,1.601110648926234,1.5188081094203882,1.5761503470305769,1.4519691640184822,1.4030494799546855,1.3197013891703389,1.2190967556801662,1.1378855113890327,0.9741715890205116,0.8016184759737768,0.7075951421859346,0.630399481648553,0.41133363629153563,0.21660959421725562,0.13862453679373948,0.06370722869542841
15.99,0.3377239057175946,0.4325904227028142,0.5934513122258432,0.7609097036465282,0.9318978763628141,0.9469472656868888,1.0632739019483406,1.0972074104772866,1.2628085808786569,1.3961648522471715,1.5069134125603163,1.4834088520092266,1.4013604519690788,1.39974773076697,1.6167578952039385,1.6170176772154603,1.5107033399354797,1.4637109128574473,1.5642414765509027,1.4817463054939872,1.5227176655935133,1.3425071045230166,1.2661356257941212,1.0830122161578482,0.9842739658343129,0.9870419942280181,0.7269727563429444,0.5624572312590925,0.4123098969611941,0.26483396137759824,-0.04247733390532811,0.07245077774052215
16.0,0.2967986388902116,0.4525106438584985,0.649262204594617,0.8009922586618096,0.9648535104139673,0.9413138821741296,0.9921363522994882,1.1262319059753039,1.2016157009510557,1.3095167395301222,1.423917759393937,1.4557311783206077,1.4923816237170753,1.426565213751669,1.6330884125517362,1.6262384527271667,1.5183861828966578,1.5176851571751828,1.48277420637157,1.5081675183172139,1.5191605693749595,1.355018318384149,1.221872447979234,1.0774580669721479,0.9694159881667576,0.759347014113481,0.7248329052909377,0.47521459607000865,0.37558713545675404,0.29869307631683656,-0.04219536425039379,0.07309534339734222
16.009999999999998,0.22203024499974977,0.42096396052853147,0.5976382952757848,0.7261870854458484,0.9624961349941628,0.7716130993330091,0.9565596533336793,1.1547818742095945,1.3330899185707865,1.3021102050920366,1.3865296137052605,1.535785902760207,1.5407540476410642,1.4690439077150041,1.5922945879489956,1.625885168721469,1.476300318073167,1.4080314859280458,1.4776822384119197,1.3843175195427617,1.426388726776958,1.416436553113602,1.2882986562691205,1.2018895281983974,1.0051566096978934,0.7950764779341701,0.714840179862249,0.434364312340287,0.36706762966264894,0.27816057367664515,0.07929361446592792,0.07314684242907757
16.020000000000003,0.2905789985798301,0.48920520095844444,0.6428586861547718,0.6679784643211875,0.895284424450427,1.0227170236382797,1.0641306953845766,1.0974002956392759,1.1560430038309524,1.324436981464378,1.4710322084767613,1.5145817636346584,1.4615991675999194,1.3185775198847762,1.4553721810550115,1.6476481338392523,1.56266607805753,1.645478654882532,1.4827613842947318,1.4127060609637536,1.497312263183107,1.313988181683042,1.2248900873090922,1.0318529214129228,1.039590229588883,0.8781306687711291,0.7395002033054129,0.6109504735854386,0.4161550644561822,0.3784831568627834,0.14871015089147208,0.1822367351014094
16.03,0.31373023748498263,0.5149827681875974,0.6042300507103096,0.7151150092235384,0.8881993538195133,0.9263192647960106,1.0066344102850107,1.1118256089348675,1.2625068098203058,1.4067235245471703,1.4418585313007055,1.3830581849982877,1.5204732958262794,1.4001853712459424,1.5309273539539865,1.550773612440552,1.505079670252836,1.5562261525804413,1.5193241840491594,1.517286561486048,1.3146107715496906,1.260490717000071,1.2490108528445711,1.187701727525835,1.1287139246699005,0.8735872960809206,0.6740115777284857,0.5790949396144482,0.4853025913454515,0.36044770230359346,0.019816764742531343,0.02772970325769322
16.04,0.352516899581913,0.5714057640029236,0.7669411850191874,0.831931880555344,0.9424593973623321,0.9809256138342395,1.022827962416691,1.0425876529228788,1.0910208160543722,1.3068006632249427,1.424238704757677,1.4641333410796684,1.4977480722850323,1.3255519315511377,1.5411109777802212,1.612254910052329,1.6285376587120202,1.5723392564766392,1.5480710958277888,1.5023718368073773,1.3725609424618581,1.2670690191747451,1.160534038902888,1.1554842330527197,0.9907955911463449,0.7912145550131306,0.7442756369469533,0.5901491979644603,0.3637334708423693,0.20866428834297726,0.05860710389960279,0.07823590932905869
16.049999999999997,0.20464087327530064,0.4458573687479379,0.6935930737235111,0.7339731789056768,0.8704656071573484,0.95437537540032,1.0397697472259362,1.1435131867686466,1.1729337323467157,1.4062590909055928,1.5099194242387968,1.4898310492692914,1.5448945109108714,1.4064360951014723,1.6214571679567247,1.6599695455292829,1.6459872678941854,1.668974290691019,1.5647852769342472,1.5182424348247978,1.4372407824295397,1.383021228170906,1.2569497378440744,1.0448185636342886,0.9632775161652406,0.8222534912554615,0.7077421842905262,0.4974122384291865,0.49735622668826124,0.27898117281529483,0.022529998598206875,0.11323323340832654
16.060000000000002,0.33380107556316146,0.48146381124510024,0.7017786082633041,0.7138654323171228,0.8482345517030652,1.0388478002778885,0.980836062732446,1.0122924235014095,1.1774064743469748,1.4130938033697629,1.5540502541256007,1.5325961682982219,1.5563636331920798,1.3891451561708317,1.5636894208528036,1.652038280927757,1.6338347509202238,1.4961432440773885,1.4408295771763782,1.4274752044728496,1.4267632957547967,1.3121410283408883,1.1521071073308202,1.0707795206689246,0.9555040093829142,0.8593632208568304,0.7001789063576701,0.5892077928153042,0.4439142181030491,0.2829011743130247,0.06158132348331896,0.07475355905149761
16.07,0.3214729452466459,0.4843736970682383,0.6530351395549567,0.6949458205239571,0.8648438507613742,0.9362310477579714,1.0187449516368503,1.0494458069632293,1.1581632863647027,1.3663584551893697,1.3913024421524007,1.5327691775383332,1.5521454340622012,1.472060734500897,1.538130818331492,1.6415668484450856,1.5606908159864592,1.6023939038235029,1.5083192977968742,1.5015227035614958,1.442441374390124,1.3525283563580408,1.248017133536454,1.1284254374467855,1.0887769971002388,0.8512581866623776,0.7407638206211595,0.6784229721946119,0.402770993519482,0.2810347734641978,0.08068403526261751,0.026297079111790973
16.08,0.2738266048748631,0.3886598051456731,0.7244745815440335,0.7749609011812159,0.9006357670095987,0.8695544460826733,0.9100268007764969,1.0641529011044848,1.1901747348938163,1.3159647167391615,1.4979902676688792,1.4825561350363177,1.574790633627425,1.3768723599799018,1.5748326734886042,1.5612974206237715,1.5196850787887506,1.570516738936185,1.5307076589865831,1.4777243637903374,1.433000194184915,1.4010963388054571,1.294999889546907,1.1245622397445618,0.9899466765944801,0.9165392606408833,0.7077184837231292,0.4809278166889448,0.38934555144728367,0.2110346272328344,0.10014424120926385,0.10291158009649996
16.090000000000003,0.3283586473564103,0.4384297475008631,0.7091201420928788,0.6598593947872136,0.8503272376513069,0.9434905180510982,0.9488984986020542,1.0570486411465188,1.22688202993197,1.4376353606804217,1.4619863545636405,1.3688483331553616,1.5002549469489157,1.3586987183753831,1.5825954561185163,1.566651196124265,1.5641268084958422,1.677088302163155,1.4866559235937495,1.3810344344906444,1.3403788062282103,1.2931917985353443,1.2340731280026769,1.1475979430121512,1.0076655381827466,0.8568535659443761,0.7237979560527478,0.5801571321072261,0.40254973873687655,0.2792968188866635,0.05049601162602168,0.04777135000312754
16.1,0.2807428445954303,0.4262602925687323,0.5917378999770049,0.5006727658894075,0.7932464166315885,0.8295237280556765,1.0064852869776109,1.0806656243064674,1.2491764829908214,1.341039963324553,1.4652174580237698,1.4760292311795806,1.5502414370240525,1.4534263205504343,1.6231283328892927,1.5959707066372326,1.6133260041922097,1.6048187942944834,1.5040348032042388,1.46218236808769,1.3878883612785486,1.3633794901528635,1.2120724266099032,1.0323073960195606,0.9698174856191561,0.7425781787602524,0.5958877245407965,0.4959036689657465,0.3792000891756346,0.22940561416308006,0.007064330248483318,0.12503518667922695
16.11,0.33007949556246,0.4518308284982286,0.6232561637468573,0.7361569600940109,0.8276080052750241,0.9312840233298004,1.024871513472527,1.1030130434903778,1.1520509950066762,1.4517091889714524,1.5501898733427681,1.454696025085714,1.6023571149689384,1.4248065804095378,1.639310732937611,1.6336227621072872,1.5592629399651192,1.6546149378696795,1.4227178353844119,1.3458894848979777,1.3919739249487648,1.3133053693604047,1.1777910631244621,1.1109637897233438,0.9395052881758511,0.8063151095854939,0.6486500746499505,0.5022129621794824,0.44027252308907094,0.22161457171184903,0.04933992112595818,0.1767193477611826
16.119999999999997,0.2014992071478708,0.42008361029578495,0.765536068996465,0.8053641692633937,0.7672008875146329,0.9658972231544641,1.0231864622414422,1.0785306639158816,1.21140621816542,1.4143791404810384,1.4812587922586191,1.434662517635816,1.498812393759502,1.4356794543225584,1.5160630654193095,1.5649152296627848,1.5039908847623273,1.5685574064992616,1.5601929895789157,1.491017096967147,1.4033189558516819,1.359032994562238,1.318426421780102,1.1300605104206802,0.916863137743929,0.8794529285187054,0.8028289051450955,0.5142759414517892,0.40359688748239164,0.2451072626331982,-0.043670844852971985,0.09169372262299122
16.130000000000003,0.26768548397176345,0.403474609200141,0.6650278547432507,0.6332066768378621,0.9090532092243349,0.9296167050890635,0.9811541599099065,1.1847071395048763,1.186831913228964,1.4110510519483492,1.498749015415223,1.4276537830612102,1.5634528932672949,1.4142038345034242,1.5036774799914814,1.6048998173441196,1.5415544034271038,1.5929385787505066,1.3946510835371937,1.4066875578490294,1.5460819397209897,1.3350114298192115,1.2135884780195831,1.0468015419424668,0.9450345133035306,0.8821842950539744,0.7116873931107089,0.4973979662242431,0.3309955574503225,0.196772666415176,0.006915130595034407,0.12166498571133075
16.14,0.34644586852037945,0.4375590219142657,0.7126659481555851,0.6493482409763431,0.7625045700683107,0.9842270388341117,1.0387542167720567,1.1137682995867135,1.2944548054967697,1.3912343110071783,1.4170032831673653,1.3457885712355044,1.5506510922258545,1.3758053594121469,1.5595240053256274,1.5647059491175344,1.4538188792338338,1.5033853515072018,1.4748677609340124,1.375110211585614,1.4533060551446435,1.4137757546948544,1.1124674069291893,1.065581198879469,0.9651777336236061,0.8011583661837244,0.71904469756175,0.5662243775972368,0.47281820662355395,0.29264155500256056,0.025907137212459234,0.13818775519898105
16.15,0.26140066456176686,0.34614447351398664,0.6571209368097713,0.7526755041126116,0.8744704934383183,0.9676740451372587,0.9477220897031216,0.9360380399459604,1.1069114490625864,1.4242460444244418,1.4645111045409895,1.5192190863916464,1.673240994227702,1.4376859272167555,1.6126438132621337,1.551004176873842,1.5442387564773636,1.6629402329591911,1.4516301783574967,1.447364808189609,1.3824992856847034,1.3792207328239081,1.190622281414421,1.1162585708929937,0.9977508125669559,0.7073608946214693,0.5559629525665909,0.48418571137005495,0.44964913028129816,0.27070435029318585,0.0020301439094051552,0.05222739892656301
16.160000000000004,0.3119018314174098,0.4049574792372788,0.6556509686117253,0.74668078173776,0.765662939307214,1.065676785028684,1.0013191913831272,1.0629200582610712,1.193873915785015,1.409039726862294,1.4753452126235174,1.434046011408168,1.728566583649368,1.538781593229794,1.6113658939352722,1.5788747958562326,1.5188503853223894,1.600084471492357,1.4374229648545263,1.4524230925923955,1.3590082847503553,1.344509963928127,1.1946525890050634,1.110623523275175,0.999741594337821,0.7945025577005869,0.6695122513032911,0.6004764770130827,0.46182720149898476,0.17877339906200343,-0.04138760819602311,0.04877099257910731
16.17,0.36924929593432276,0.4863107078980518,0.5662968281937045,0.6023716326216211,0.81422021729748,1.0377829653553075,0.9178386783744672,1.1113994387262105,1.2024695181977716,1.3426344518251931,1.3913915600486657,1.4494353144142615,1.6112831071134504,1.4949636676834825,1.560832348852301,1.6124213858598766,1.5164249058470136,1.61472010805057,1.4501434230421135,1.3768589289842155,1.3423264181450607,1.4510954071068953,1.2717609484041703,1.0727282701839942,1.0052367789603556,0.7892767910004245,0.6865285861747974,0.4724090166056436,0.33978221405248105,0.28554299656133864,-0.04535916423966736,0.08464382372636339
16.18,0.15513909794467057,0.45576707309728115,0.6112207843603102,0.654668595465641,0.899155570899181,1.0071945197322298,0.9860194079365904,1.1109187317292146,1.2981332604444953,1.4136222242122731,1.4603691960831846,1.4698255789047872,1.5985927454135684,1.5033373588750094,1.4934590115638289,1.6044802927816737,1.6043144498615405,1.7713197005848342,1.524265997951591,1.4873656624699412,1.4638469357603654,1.3295612357256008,1.1275684418819631,1.138581452689639,0.9812325477496836,0.8046762762233013,0.7648795785794147,0.5941088914454098,0.3911323380365622,0.24980655587122194,0.03548010656304936,0.031493400102639346
16.189999999999998,0.1976711249154826,0.3873840951707009,0.7190340578217331,0.7226135813172022,0.8019477990749626,0.9832080573212048,0.9670038008727448,1.0431870989494743,1.2346847467883133,1.5135043984428573,1.5022341130021635,1.483083549929967,1.7125352203050452,1.524541384891183,1.6115629854843807,1.647427343048645,1.538780917267683,1.6024389843442193,1.4488321670260262,1.4167666947651258,1.3097359632226742,1.2530844793777673,1.131120385088432,1.1483233400406196,0.9575267868541746,0.8538080010207139,0.6827107293896018,0.5237333162373382,0.42423062619142055,0.36297678352946194,0.022093871699542838,-0.025820074356739733
16.200000000000003,0.18665506326337772,0.39894932105334846,0.5988211071767064,0.7327075580447419,0.9330923173608638,1.01720381870021,1.0834496300573437,1.0478389139767643,1.2804867054178735,1.5238904537656,1.479898847855101,1.3887515469494631,1.6041431945321252,1.5203815633485023,1.6132907675857855,1.637936397351189,1.479067357412252,1.5816117955280606,1.3772555360764938,1.4045195801989503,1.3908842728038113,1.281839506354383,1.1175981949556433,0.956814402334685,1.0138758192538215,0.9430810478113786,0.7232112847803741,0.536496710867688,0.35053080902063977,0.26885606589085614,-0.029043525539718767,0.14122087777388762
16.21,0.255518996199871,0.4277940461960909,0.6567242347238724,0.7680676676431806,0.8448670002391554,1.1389177801144077,1.0709796671507263,1.1699731205888924,1.1616228496971386,1.381526545237469,1.4469371151194774,1.41327402599971,1.5469604477546801,1.4004875333399254,1.5365842003966848,1.6273106200316618,1.4622208443971736,1.63989190340871,1.50426678629211,1.408428604710493,1.2836462706587586,1.2664335793053532,1.1418178869367317,1.0127793171593216,0.9333024469757888,0.7796616127619183,0.7132711303593797,0.5624286335311182,0.40132726567430815,0.18917650728759156,0.05046005998113716,0.14588542217107378
16.22,0.3099970030622313,0.4492357445283036,0.7182731171368073,0.7950896425407716,0.9046136730499164,1.1671864770539444,1.154504990645347,1.1418964725948502,1.2695398640784528,1.4441324398375255,1.4627419637225116,1.4604526173361325,1.7153339024859964,1.6455795694652726,1.6460692007092517,1.5562218627829623,1.5965046950694233,1.60466582101211,1.3985046192982444,1.3298400985595875,1.4101046312709644,1.3673243638374524,1.1740525950869043,1.0688965961303418,0.9126034975104249,0.7940756409430622,0.6572067490035488,0.5495921523183003,0.4720530364681055,0.23886330452442683,0.024926546684246324,0.024692795145753746
16.229999999999997,0.32359944027585286,0.5281511465225065,0.6063779361685961,0.7055035073381184,0.7901122394652222,1.006293107248988,1.022733089640677,1.0589736743535867,1.3224527437902092,1.497125305390285,1.4846132830233467,1.4174449804136622,1.636968642682187,1.5401253097981524,1.601941937749073,1.729426949858915,1.5629052073910328,1.5836677999177637,1.3233414670762702,1.4539693575467525,1.3843317019725379,1.3735535779290646,1.1800854240973853,1.0499289134352654,0.9760426080759468,0.7140320210548895,0.6648444551162306,0.5797035276032307,0.36131200862973184,0.2353435835806421,-0.0582441541752471,0.04310510945819249
16.240000000000002,0.17430051821337805,0.4173767231836025,0.7041260972307065,0.7402598372199571,0.8585622283039942,0.9776522040641213,1.0353465396348658,1.1370112060383188,1.2257349731873675,1.4882880940486034,1.5957443073569393,1.480389123404824,1.5485303483633992,1.5715687280889128,1.551127696651486,1.4792429665539562,1.4446383229772275,1.521983233642774,1.4481861379392589,1.421203432820027,1.3008275321045275,1.2267052448728624,1.2374867858494532,1.160633458514866,0.9606985682234326,0.7998171121721077,0.6380788009369294,0.6002362080015554,0.47559597825491884,0.2591099549761874,0.05037164403529103,0.016489320207301508
16.25,0.2995694251219053,0.3669633822159234,0.5534051650043685,0.6410382261980954,0.7530529442426472,0.9669567059478967,1.0653557353595728,1.0805018154191446,1.0582865516354096,1.4806421291949134,1.4595320583914524,1.3344773191757273,1.6442007113662283,1.7296756381746243,1.681981581064883,1.6603245976078738,1.6071041607160832,1.5447486254943594,1.36213731968361,1.3801790639038731,1.3610747077735994,1.2381541682395123,1.1282202216527943,0.9989591100223025,0.9588396846923585,0.8213747542912422,0.6432119421860186,0.5110334926971094,0.444750716011505,0.18713281074199498,0.05736891037134076,0.16205887571309743
16.259999999999998,0.28973714570796744,0.3599612783393452,0.6617735206784487,0.7595580858514992,0.8934285079395191,1.0941175705210582,0.9583825234494753,1.0171769223255007,1.2084976526968205,1.4339450032526135,1.4779624715010855,1.4377092631426827,1.6249094584521804,1.57940084419621,1.6012394744164917,1.5830622047004832,1.4879768736955041,1.7065085755267106,1.3292933470172126,1.2672804609307813,1.4075556874174247,1.4037042013441348,1.110186836359162,0.991710295820052,0.8645734370348738,0.6565185552898434,0.6892745070967116,0.6009145738880771,0.3766162111299016,0.09518913283574691,-0.008487918702969513,0.06860934953953698
16.270000000000003,0.2661962013177197,0.36634428978150624,0.7188851116146782,0.7373266147112681,0.9145914857826738,1.0971078389743056,1.0243104914506287,1.1524491335023253,1.2355990805465324,1.4252434662297513,1.531938897242484,1.3509393354885746,1.6934595633680507,1.6538450218912362,1.5842368649859069,1.6041343366410197,1.5456476281857903,1.5787018105548472,1.369470518562033,1.3855949582133782,1.2204137506714203,1.2874003838172507,1.072347443988874,1.039921334529739,1.0309974804120958,0.8172249738832541,0.5427573191877997,0.42635321970326306,0.32284422858426276,0.14238114152746678,0.011999200766910887,0.0248676576961734
16.28,0.3146324741832935,0.4665538622938506,0.7245736747552375,0.763943896761808,0.9241656429669585,1.2481434351310552,1.1004459966960574,1.0329964380692633,1.2536205377211918,1.4440669251169351,1.4283991407060102,1.4213607046264887,1.5685980649180309,1.5790357228267151,1.4941309209092322,1.5477933220830977,1.6479099936256834,1.6027604990334612,1.3927014107117277,1.3029978606637846,1.2548934795921187,1.394668418693891,1.1252012471698836,0.903573100571626,0.8905335298869025,0.7293562648694363,0.6430918753841857,0.4922380058043547,0.38168683241030693,0.1788424108815265,0.09853869923023946,0.04018754823885656
16.29,0.3568536112327528,0.5267110004232023,0.6351786700752464,0.7559300796581631,0.8728862353965992,1.136205193567743,1.060267230380112,1.209165280111073,1.309642508759882,1.4535429152379464,1.5301659783005963,1.4135783854314818,1.4558879231302706,1.5769713940745504,1.5287330959325196,1.543650806000369,1.5085317731622976,1.5972747192906922,1.3553704030798042,1.3244491255836357,1.359320947291554,1.3657927541516108,1.214983639680236,1.0248263186701791,0.9853320708892915,0.7835533607517879,0.6496298118104742,0.45802280738748585,0.35402957573885085,0.1604707162015297,-0.007067719674521611,0.0002418630932989746
16.299999999999997,0.22364576922552065,0.34745321604075896,0.7341914739372822,0.7740113501095865,0.9410508568267557,1.1668747120310028,1.156018863912227,1.2696994987690693,1.252425991304632,1.4116794428085044,1.463055901085675,1.4578162918394726,1.6817264854010106,1.679797413530288,1.5990572172613857,1.5420443937534003,1.4210987560128692,1.463537604062062,1.392323432542475,1.2981163992014684,1.3140067026735376,1.3915831513923138,1.0775427125803763,1.0093483605431444,0.943288663154173,0.773159671979839,0.6398364759398388,0.5762215401248592,0.3483804430136449,0.17028797766134363,0.04430933832289785,0.08783443065154854
16.310000000000002,0.3228534202767355,0.4327634986105443,0.7427603149716536,0.7820752948088096,0.9722593715576683,1.233306477305698,1.022841796464766,1.148558093969118,1.3147195282178656,1.4584342672460304,1.446637926012008,1.4346209298297152,1.6365270253712294,1.6572333539890418,1.554431128768903,1.4792811446519676,1.4491715601240234,1.45664355469374,1.3990605594109151,1.3574649059500068,1.3050935399035861,1.2284227315625016,1.1784284531694844,1.0593135530788365,0.8941861214158932,0.6780358187005725,0.6308515745085898,0.41985596777205747,0.33225530709886275,0.17380154608416748,-0.0649363451608168,0.07371747526848363
16.32,0.3523584717549014,0.4932825477988372,0.7474289221952931,0.8303510811982757,0.9806576379052416,1.1779657794267793,1.0813674821235717,1.1847252636443621,1.2696989126954854,1.437064804733796,1.4412871761319657,1.3515232087274294,1.662975397397405,1.6967821097848028,1.6074958058600433,1.5062924785428053,1.5426435345248932,1.491795119933786,1.386628239253005,1.2672424459815468,1.30247267141532,1.1637413167954962,1.004457726441657,1.0121160293814793,0.8791730698715912,0.6407846234915829,0.5122771742176675,0.43308514156173006,0.45641033419779314,0.2265396327501353,-0.05895693203016013,0.14464490111909817
16.33,0.26945807402585614,0.42719848677096006,0.7719541838734751,0.7951588670710675,0.9788473187084006,1.1377489803227836,1.0644616558987494,1.2833187989585715,1.2845574901404913,1.4082075814409287,1.4186901290224956,1.3476921297048206,1.6359431096581103,1.670262143636318,1.5996235722974719,1.4794618824320864,1.5412721458400935,1.4197960440040385,1.345728359776358,1.352820810450448,1.2716959353808976,1.2381064057526943,1.1121624696233945,0.930182944117117,0.8973605512786966,0.6234218295297922,0.5226300947704454,0.3216464543358635,0.3586574475723099,0.24398805270175344,-0.004882035642582892,0.013755633176521943
16.340000000000003,0.29905950848232016,0.4524397040628632,0.7312424633838208,0.8956123344448421,0.9736789807779731,1.0713485589830951,1.1158588059053964,1.2242913531604451,1.2845244148656125,1.4458660156383316,1.401498883346563,1.3982938085648338,1.6167595158131902,1.7032482175009294,1.5361387014699246,1.4724414464282292,1.5178000261039366,1.4142610283889945,1.402791019446676,1.3128230131161116,1.316027536906796,1.189131062446831,1.108860713582376,1.1181921529106178,0.9065927817427081,0.7602486251189569,0.5792862450339379,0.49427156880265727,0.4427726292248736,0.15538671987266223,-0.037738218533578304,0.10780541500776067
16.35,0.3067872831874713,0.48908526428065185,0.7090032764343824,0.797159995506212,0.904703590453251,1.159807764309074,1.0227879491112493,1.2141432085911328,1.2746925855541802,1.4456344019468235,1.4387160127253753,1.4018857212879807,1.5836979406837544,1.670289338094558,1.5713464304770823,1.3938596435384516,1.378905339711083,1.4934374732738622,1.3542194729860058,1.275371895007172,1.2677766580840537,1.1857276521779312,1.036359464725153,0.9826109564377773,0.9230795699048775,0.844937483997037,0.5919415252530723,0.43311046351579596,0.37438199691983376,0.28138100741167404,0.09352236613350821,0.06757410844367648
16.36,0.3136502043898712,0.5135680516272287,0.8199120916905857,0.6807202123781497,0.9111158325225833,1.158658304973334,1.1245488296446535,1.2855968657475993,1.3172800767330333,1.4181267503234993,1.307411749684009,1.4527064024634597,1.6403808950231629,1.695613264837241,1.595367000368543,1.394440515020909,1.4285145289970145,1.439921931702444,1.2108626973381482,1.1967960859078337,1.2663480404120502,1.2439840079078641,1.1731744867205671,0.9301095011230964,0.8470760524587475,0.5145194548331711,0.538748902236041,0.4671356445516424,0.44575564357297365,0.2338932009325719,0.07041201596915651,0.08677713169631143
16.369999999999997,0.37501997881835225,0.5423380196561957,0.84585512677632,0.8445088392719179,0.9196715086415432,1.0939541808281537,1.0085234207096312,1.187818234570427,1.2143808068128183,1.5033257169215528,1.3834404323066662,1.3465326470518213,1.4892100403152897,1.6714916215541247,1.5711876687034887,1.3050463762445697,1.45777617244738,1.479194981591068,1.3015987445977513,1.287058572316988,1.2148407767566232,1.1430841440901782,1.113543552361237,0.8827616705540909,0.8718533555835583,0.6978136850177143,0.5984282256055176,0.3700839983614213,0.34142403994009085,0.09373428718442953,-0.08107096304853276,0.09733527205689405
16.380000000000003,0.2323563166991362,0.5074836839864192,0.6823826035469078,0.8292797862146594,0.9916513243230389,1.0853986373942712,1.035596486318,1.2787244581914292,1.3121173995197664,1.4308224979718738,1.4209067444215355,1.4421244228973689,1.5319164535011829,1.6997440505122117,1.5765704430172733,1.437977307316428,1.4523084350056903,1.542573080854057,1.362380136190023,1.2678763028625955,1.2874356511133709,1.2315426996458856,1.0127520217862918,0.9961730190392597,1.0013798361427557,0.8267003231147361,0.5194576808769179,0.44399225578870494,0.41567869800219825,0.23287502959301887,0.04451409864709441,0.033238189106887986
16.39,0.22373984615190848,0.4544921957968705,0.6563012201261194,0.7376885471821072,0.87643592826538,1.1032444940628623,1.1460010986413633,1.2337401126926886,1.3272749524725231,1.4373073944851482,1.388289026499011,1.3857013687742983,1.6012049996794915,1.6054467612135226,1.4116835061953659,1.2895448866631405,1.4036079742950878,1.505821590726253,1.3733362982758095,1.3396240786888485,1.2815600109423855,1.2384090937923,1.0122078172482636,0.9117329708213989,0.8855252765317748,0.6014585561475362,0.48403928372416966,0.4048591752140775,0.3568325736430561,0.13991511736875867,-9.634386701291723e-05,0.04608901653241805
16.4,0.3502284548941083,0.4874941851952183,0.7129938007355741,0.7818932041952324,0.9556312724563857,1.1033474529152991,1.0686152682426826,1.2468465317450639,1.2349256726398519,1.318220337787255,1.3890726240751348,1.3602982602662126,1.5914098117381348,1.6651932834193681,1.4905665473531697,1.3553493384981816,1.3781823028739941,1.4234244295218963,1.4015391213738817,1.2888348314805596,1.3414827057941563,1.2079335324403984,1.1854358996435608,1.1220675892712941,0.9347789596495621,0.68337118706164,0.5983171835093776,0.4117820045512694,0.317854994779334,0.08679566137552466,-0.03165867065881457,0.06562599172514674
16.410000000000004,0.363452928360001,0.5520085422843255,0.7868235412257296,0.7658798516214016,0.8784758865549772,1.1451491520133585,1.1170198840011734,1.287633890274562,1.3486823164301098,1.5549820101280492,1.3501006079264868,1.3209622061132549,1.5136515139361648,1.6204415725066421,1.458964860565609,1.4155219507114816,1.3487644728414354,1.4124031572150166,1.322321765530868,1.2049110881963205,1.2114913620086643,1.2097140411177425,1.091961709584455,0.9939713439761955,0.908856696788875,0.7142498319213909,0.5267639669755678,0.4222600497675001,0.3910969041956416,0.1440918750500351,-0.035043802542669734,0.060017209147006575
16.42,0.3503274752619676,0.46699937648871914,0.7538918272807668,0.767801757775429,0.9742225009442709,1.0808706413637297,1.076694097065156,1.210143430418893,1.3299205571785697,1.3783361546294022,1.4458787040368977,1.4175969911444017,1.507322352090111,1.7170940191030761,1.4944890993159223,1.406733339511837,1.3885056076544213,1.4284628279116163,1.3159341812866436,1.3345974374065053,1.218809460125654,1.1920923588577217,1.0618850873893892,1.0125977659799228,0.9268962462118194,0.7121720626645741,0.49102826777890196,0.3901966936973849,0.2593035739034612,0.11806790601177947,-0.07240041418061123,0.03155143144414707
16.43,0.3149101644570777,0.4733346337484752,0.6893196194633271,0.7284636959892618,1.0445607823181597,1.0874947741183354,0.9925919064312865,1.1736605183362268,1.3227032766297409,1.4653401354138733,1.3005062344805343,1.3904552869043296,1.5339898709959672,1.6677325612981935,1.4856910304362478,1.390016415336803,1.2631601520659452,1.2992601556737695,1.341704184765631,1.2030371419710015,1.2172827162459536,1.0823737250392713,1.0842630499237027,1.038419701491048,0.8826967670064187,0.586213518631903,0.591484326569368,0.38760978255685324,0.295958313427198,0.07750442930371212,-0.10262368339517453,0.05209765802841518
16.439999999999998,0.322477309060347,0.46882600630553195,0.6841909505399609,0.7822061322090356,1.064054888093497,1.2294082424335546,1.0398156168382895,1.2813803420221452,1.28306396465038,1.3583212302826684,1.3502726526597664,1.4360147229354583,1.5805350577069404,1.6428851586623838,1.5101164072702087,1.3520148752914123,1.4048511482623762,1.3810353702150096,1.2440518564767662,1.1877714399141142,1.2791989219804851,1.2481686215659205,1.0669218559113194,1.0290512486704417,0.9492065428291129,0.65874777972874,0.507465886340827,0.42811533545900515,0.38626855190262077,0.12834184405906998,-0.003531173731636486,0.04225419246702325
16.450000000000003,0.2796248138982952,0.48827468458929996,0.7730226864960779,0.7934079885085996,0.9644503110166118,1.1862193638082366,1.1392601080755251,1.2748839492039419,1.2092288312460726,1.3894368451937047,1.4071422443974988,1.3364638254591064,1.4411716897918392,1.5327769362257961,1.5126202573131844,1.327292298156336,1.3255885116181365,1.3843912791197972,1.3743175164375714,1.1956829651882805,1.2533149286264185,1.0536820253117813,1.0527099808909421,0.9560547447538092,0.8828302303245421,0.682552022515602,0.6021001546453535,0.5018172275257987,0.25797968257302445,0.07965757929173375,0.03619285451609283,0.08865077066827644
16.46,0.2437706114516457,0.4859193014555265,0.74440844243771,0.824089613731456,0.9870406040618664,1.082236260095751,1.1290384199746437,1.4235925347213334,1.3625555116941115,1.2872150630229298,1.2530971254416812,1.4324972037553276,1.6042812294870514,1.6499353959347318,1.3942049581605067,1.3275376713552955,1.3169879734753323,1.4323351496539098,1.2358391931984898,1.2230558866571741,1.2843651557810467,1.1170057465793013,1.0006958561234562,0.9777039378585696,0.918671613986728,0.6893627475015316,0.6117556295752027,0.4654601608910591,0.4477879715778802,0.2507369379591444,-0.05271830131566757,0.05871074202381335
16.47,0.3381604295869109,0.5029683165020175,0.7013939235199675,0.8085674450935171,0.9864680636458031,1.0535664327455416,1.1887312800665593,1.2083429046456384,1.258294499923566,1.2737553338759193,1.2933617887972682,1.4584679091517794,1.4660450486011534,1.5322337034410856,1.3602740235338129,1.2715487256642484,1.3313700436448888,1.298772525004977,1.2230771627455104,1.2392197256873514,1.2738993243176275,1.0266432735296769,0.9315008405607853,0.9056534097796627,0.9115360820211005,0.6638761385735225,0.531858495736355,0.37708043336826214,0.28943047885006346,0.23076993939736948,0.04519653240769432,0.021852228780905574
16.479999999999997,0.3362532930305405,0.6311632013130467,0.7998319099337263,0.8807587773111711,1.0566803948486534,1.132691496215194,1.1589819274966837,1.3492226182739355,1.396470995941945,1.3286346047746398,1.298460341046445,1.3393432775606868,1.4455866034994007,1.5578243260165503,1.5194423087003188,1.3056583352522995,1.2451235986738047,1.3133999703420742,1.2407715560289168,1.1757513079817454,1.2281014377559645,0.9484861824862264,1.036545696967983,0.9403578170074024,0.9177731383592809,0.7724983315110914,0.5445088396057953,0.40542379390834665,0.3007795147335734,0.26276221106486525,-0.01802992979177137,0.02732237640053804
16.490000000000002,0.22705818399581526,0.4596645102085621,0.7300798879237472,0.7897385963468355,1.0137141082320273,1.1195675266598846,1.1099056346305571,1.414992947674209,1.36386763130271,1.3575124340693039,1.2675768845264306,1.3635895046539501,1.4885747643831613,1.5814347343755764,1.4642387589449135,1.2902529954020705,1.2988093415350477,1.3736882188138846,1.3210665174184957,1.1943672571363604,1.2052904809944223,1.111790065777683,1.0602318462755405,0.9618062754027193,0.8008882485472927,0.6822970341048913,0.5747478363903928,0.4788087594790858,0.33351090167523223,0.17062280262843452,-0.008756800693083778,0.05019333280334319
16.5,0.3107070304945768,0.4558622929391443,0.6785450324481298,0.7988667157681558,0.9884920156071134,1.0423657638481627,1.1138840689910532,1.2203867950784395,1.220798267383786,1.3057923584535023,1.2348682713309795,1.3702585479469174,1.3893986508572995,1.5727537870010868,1.4336773565441372,1.368579325119167,1.3256727412008709,1.2911278481929107,1.307392426572366,1.1510220250098324,1.1961160550759637,1.2611307784594321,1.151259636292011,0.9881466079445088,0.9617879236594817,0.6884401625353168,0.6021868820849176,0.35910191352715326,0.33620835843887525,0.2151072099468499,-0.14290557035974732,0.050089194000032304
16.509999999999998,0.4147124564368575,0.5507949511043617,0.7357407937424739,0.8092860197088555,0.8689559906248406,0.987428717030888,1.1135783713607734,1.2327151943610788,1.217691176770133,1.3117709965246416,1.362774982901546,1.3170120809844867,1.4588325200012593,1.687515605062144,1.4309705442632774,1.3168382712043722,1.3877602435979624,1.3279678242032655,1.2531572602357106,1.2286734318646897,1.3539811048862118,1.1151656711618023,1.1451913735062487,0.9689534667674424,0.9336063290954182,0.6517107318364778,0.6490268763914746,0.4548170705492326,0.32629899469636287,0.13676456934328846,-0.006477931656398385,0.12516951725964354
16.520000000000003,0.3113734220304728,0.468614560800228,0.6633854772263724,0.7888832989876586,0.9460250505582162,1.1485669835751167,1.2087293407021662,1.2338483621505507,1.2476036830496142,1.2836024674907802,1.3378261143289762,1.4111056094535648,1.44141675660715,1.5099986591241217,1.3523982357952158,1.4302301111646931,1.3699140525925022,1.2560166352959936,1.3126815019524138,1.2531980137242411,1.2829227963592584,1.0724944576334348,1.0052777305193963,0.9822451219932306,0.9245599105004184,0.7167752113520386,0.6078692421261606,0.441250390191116,0.3603399446483883,0.056007601856981226,-0.0954494777104079,-0.0002321094100575516
16.53,0.3462871335031774,0.5018160935640495,0.6147801190006624,0.8379671268404112,1.0197481487902806,1.0780654055375798,0.9993202421436747,1.2332879069196816,1.310314314360062,1.1807151471577497,1.338766666811425,1.4036907778220262,1.4174324193273313,1.4984571951883392,1.4311132781725513,1.3709531745777115,1.3112211766547024,1.2719470786958549,1.3476036321087956,1.2812660978007517,1.3904493938605191,1.133962490126611,1.1872454196824522,1.0943702442650516,0.9131361565220302,0.6070170662901194,0.5494957622410295,0.5214659803588584,0.29958757089342486,0.23593646892302145,-0.11249096550460765,-0.029889738163413712
16.54,0.3468789823485945,0.6030548654736819,0.6880925636526039,0.827125331151323,1.073317895178167,1.1749063233363541,1.2447635479922143,1.2773636165745101,1.3053549340345745,1.3118528823531688,1.2644518818951387,1.3271736029127383,1.4568429075462381,1.5298631229585988,1.4809638207294071,1.3969998211868262,1.2905996786529355,1.3645785041554408,1.2956196064249885,1.1909177244835583,1.35242463214927,1.1474618778248542,1.0945988646823372,0.9919005998891374,1.0037687103440427,0.7238500276689888,0.5831066756635965,0.3389264089448769,0.39640628658425087,0.25613945207745537,-0.003032644925468845,0.08955387529703288
16.549999999999997,0.3374346679935409,0.5803491530295113,0.7363162715154238,0.8497401339711346,1.082505308590965,1.0744055414453528,1.1782708109222988,1.3533982640625646,1.3144586175998483,1.269627808032426,1.3317190163636317,1.3675048207100247,1.4149704162345376,1.5260993878615006,1.2992822414034606,1.2858644111800832,1.3537286294197088,1.2884187869988513,1.193292847600251,1.2644185223819704,1.2862006376690376,1.0542028239456624,1.055376626997561,0.957616999083183,0.9784486287438183,0.6192466147348653,0.5587196632699813,0.37109299350590486,0.3920843410198272,0.1669545293234021,0.044654783030755534,0.034083378347090125
16.560000000000002,0.3616513825015891,0.4868641728653074,0.7104523797090259,0.8211854793945262,1.0915954594224624,1.1993408390123508,1.281783316320385,1.3164843886814808,1.3366710573067992,1.2138741260347654,1.28159229301479,1.3574234435683827,1.4685889005487733,1.4278916762691258,1.3532806466091527,1.3158824224208783,1.3562873590991977,1.4092814175299604,1.271581110107066,1.0773276618170906,1.191348532529651,1.047648150542639,1.0595815762763332,0.99968079187363,0.8875162209833014,0.6893786688555781,0.5510672062571171,0.44818523501341506,0.351505521218114,0.09580404419770323,-0.04658987170266898,0.00407077959720116
16.57,0.3418853829410071,0.47298903477685816,0.7288495672060292,0.9565560888940868,1.106939337647611,0.9991487979747069,1.1339787558849574,1.1778680962565977,1.2561275966545111,1.1134707061701672,1.2900224762870482,1.3749309052807643,1.355022061303609,1.4910664260148896,1.3627539494850054,1.358998551288932,1.3109562782180237,1.3186281032685743,1.345003856498617,1.1493774760872066,1.201072083119495,1.122025438711554,1.1930641975096425,0.9963660569808475,0.9203875037414023,0.6775419476910984,0.610276812143134,0.4972150124530271,0.3264900634752889,0.20929059131819622,0.029521432236872706,0.06519887527670236
16.58,0.3873095599735332,0.45728892389689924,0.5845060021317416,0.8320107572183971,1.0469282387789456,1.0458944498137017,1.1101596576684616,1.2657615209256377,1.281842707599022,1.2054443292489474,1.2353582617620167,1.3731608423682702,1.4569830437515294,1.4596328460801549,1.2264251181498176,1.2855078469443288,1.3785932033746602,1.2974719162652533,1.34932194772381,1.2266850958557247,1.2706409583606706,1.2304134463756113,1.1805963213116426,1.050403436719463,0.9068838477723106,0.6305022692628021,0.5709538445421104,0.500844752185035,0.20958038882739327,0.12619957383127584,-0.08404433857220248,0.03831205258592056
16.590000000000003,0.31236253249168394,0.5117629442283756,0.6191893657666678,0.8751182678328285,1.0285850691645786,0.981250379433796,1.0961977037599868,1.3631891993773437,1.3597750755194455,1.2764366811775674,1.251923718095478,1.3857781311980832,1.4725153872531056,1.48897244156783,1.406926245911254,1.3450171805319917,1.2123786910920706,1.3022224438677656,1.3681182010982609,1.2206607842975095,1.2834194730431097,1.0481823296068207,0.9942107080522767,0.8546821089183771,0.8940788015195652,0.6721615126123981,0.6437510335583064,0.448070282836638,0.2812106770323253,0.11003065397519433,-0.02674664128758813,0.11899946215029053
16.6,0.39707342993984923,0.44437996407006963,0.6151511228470201,0.8503098941656606,1.048258936237387,1.0492416890495087,1.1562378209329398,1.3214348091334671,1.3171082772510356,1.2542469985592226,1.237543260344917,1.3274846338239663,1.3020723476502554,1.4631803732714108,1.340258123535092,1.3275824355569676,1.3340518473363205,1.3764311623693817,1.3848935880220656,1.1931109405815765,1.2988594821499029,1.2062868383136285,1.159794492287854,0.9971658323473072,0.9656598490013155,0.778435010636377,0.6960101283819254,0.4471778169165189,0.3449315187536845,0.19313289541749712,0.03173106286686416,0.12511815282698827
16.61,0.35819460003717324,0.5434749319441678,0.7056807453248524,0.8193266379530217,0.9908821472750926,0.9628466388133446,1.2010550845932355,1.2649662095994032,1.3637469645107547,1.2122989090444072,1.1998029633254912,1.3128130855016007,1.3517397223569032,1.3885563880323537,1.379865225355877,1.3832850645761003,1.4019071482264263,1.4125112361820906,1.3331119485405682,1.3077504901395227,1.3075248814038534,1.1719391768633025,1.15395003448042,0.9391733964100264,0.916692255765877,0.7155228577930753,0.6423477952656577,0.4967796023838262,0.2962227907558303,0.2176880086137539,-0.07335937012972837,0.13137087140269557
16.619999999999997,0.29613040066748103,0.5557299368393044,0.7074298664140672,0.8439436020050541,1.0293028123197,1.0453224791964173,1.2715772298030474,1.3413733965698882,1.3468894361563666,1.164067761937721,1.4239612782966335,1.4472881046057169,1.3922238845934203,1.4469303780530833,1.4234986425009377,1.3551199784605683,1.3359496850006625,1.3224597990821825,1.2283627196545446,1.246213019576421,1.3221499384358493,1.1029810450638917,1.0200964931655772,1.0251223315011322,0.8753901604945636,0.6528064003908277,0.551481661172369,0.3957700993259319,0.3782169393449016,0.2342345457457178,-0.08971636087961926,0.009973048018918917
16.630000000000003,0.4409412213676027,0.476714265114355,0.6796773392324743,0.8950603616358384,1.0975528516581232,1.1272020574393846,1.24172831960582,1.2939281561899565,1.1386922012159493,1.1871518000386616,1.227344030062741,1.411666804166535,1.3590112650515107,1.4611831766952945,1.348757356816907,1.3781369274453625,1.4339710526439293,1.234836705985907,1.2492638889406007,1.3027825926963568,1.1764585316092706,1.0627699754206485,1.0728009306953168,0.9606034082029432,0.8617313122885379,0.5907515570915612,0.5424474076420751,0.3821501624879756,0.26889733985575776,0.12983049745420389,0.011058478889464254,0.04360020826656465
16.64,0.32691820898826196,0.47128664079185145,0.6407137043896703,0.8203242531214399,1.0120553450017373,1.0679635446943476,1.1020948498179273,1.3382689354231823,1.230227895578965,1.172960061609511,1.3064622478927495,1.311684647076092,1.4173310736232019,1.4058223517987178,1.294735684348837,1.406574237874022,1.4236013078889063,1.3743775486753878,1.388172447138367,1.2490418368006895,1.2157144449499322,1.0678097511438862,1.137869815154921,1.0025109089684479,0.8425435251891423,0.7003025647603841,0.6277910918694019,0.45424143490787,0.2040047475226089,0.12351340100981069,-0.020859174496265388,-0.007252625323935835
16.65,0.3686721401102424,0.5913726799028972,0.6343144794691263,0.7503944877146517,0.8892808157578336,0.9438417404798504,1.1808640186557984,1.201619123279027,1.3626969418639527,1.18896447966612,1.424328863380596,1.494005821514988,1.3921115216154853,1.44214132680255,1.3201353826544855,1.377845722384016,1.3713014401516272,1.4112532648101936,1.4022277799734513,1.255652342628539,1.2900518603007383,1.0932561653490345,1.0488137783348292,1.0785348156107761,0.9504506054519007,0.6440739360370544,0.5853279036136254,0.5984964181989985,0.3574440467185117,0.13646599129314693,-0.014884095619081255,-0.047054495503994556
16.660000000000004,0.34134426995711586,0.6639235885387341,0.6104858907984568,0.8671343549079139,1.0359502843098192,1.0413446325833582,1.2095041405397267,1.2707524965134975,1.2866788099728443,1.1296171152430776,1.2659688492865149,1.386853510974177,1.3822799385457198,1.3655747426902516,1.3644641094471488,1.3729939715215822,1.3402006545992688,1.2984450231326456,1.3719489959281663,1.1555138904191145,1.1759585478305512,1.1054379022984961,1.0244131702391237,0.9561455715083962,0.8708977139952564,0.7106025353970107,0.5568333106695408,0.4917487177437674,0.17792171810149862,0.010578529520445355,0.030300124724499354,0.043470079938831924
16.67,0.35956880283080933,0.5095400208925616,0.5620450563625492,0.8961420889047064,1.0094389885549848,1.0744096589085848,1.1636608425586128,1.2143221109018967,1.3683882852834561,1.2635602493088511,1.2757194212011094,1.405834270429342,1.2976866836618264,1.421825404148952,1.2950425565326293,1.3286229212625549,1.3922989768400615,1.2816265169041272,1.3690348078465562,1.3519086872774544,1.3335161724584081,1.1870532410679562,1.102085282091089,0.9801187692729564,0.8967410933914821,0.7306803494454747,0.5803499168982807,0.5007003532386228,0.25119226978629644,0.12989534058333918,-0.05884277291684242,0.12519543270358352
16.68,0.384834227128713,0.5506338772860442,0.6454306437370089,0.8852984179955586,0.9520360706045055,0.8756019818567218,1.2203998334978299,1.366413596971991,1.40201443898338,1.3627320783856518,1.3430190066630465,1.49707514645792,1.272597605121832,1.3600367115691316,1.3210501177669396,1.3284184219052655,1.3655977496018712,1.3518381708000942,1.31903695705435,1.302230021242372,1.1770866305919216,1.1579457359443632,1.1020339256572136,0.9856988399696122,0.803526256935252,0.6874704351421125,0.630552553798707,0.37428914839515864,0.2742536169894134,0.10689083842658084,-0.01747851540803542,0.0038690196795397244
16.689999999999998,0.3328200592801346,0.5820203587763395,0.6155722084473634,0.8013220013017633,1.0759407864817347,1.0469778701838761,1.177442017211485,1.2196324272338956,1.3141957735222287,1.309834974058912,1.366114515306001,1.485635884260793,1.4650058155177357,1.4843110382169882,1.3640252269514754,1.34059319368806,1.355230440505303,1.297106588555298,1.33331521980248,1.3307042223153223,1.2067784167807383,1.1441954514727124,1.0920163662042284,0.9937802435420027,0.9007534318161627,0.7637369839569553,0.5260986027486486,0.43630298177189497,0.24520731740103902,0.1628580329355746,-0.0036610179613161637,0.04635305394785935
16.700000000000003,0.44482683160480785,0.48800111367362786,0.5568725539264633,0.8869954452979911,1.0939698356029286,0.9360350800693558,1.2201458833796597,1.2315981979002084,1.384800656463839,1.285936775796201,1.41432499534033,1.3657755123057556,1.3489626671928268,1.292615440140476,1.2959031232299654,1.3479812555157482,1.4334606158600034,1.3013697494172638,1.3818125105661456,1.3205351887461332,1.1562032386829935,1.0887460089563525,1.029514405580273,1.049972505508857,0.8916172168557905,0.6744706658449072,0.5448270100104853,0.4723289394796059,0.151024402273866,0.18583651054035782,-0.044238240335495095,-0.003410807185243496
16.71,0.3988721392356173,0.6177165092012976,0.534372751602977,0.8831901099525712,1.0334878796541807,1.014637978188617,1.2533160955174723,1.2577522475253424,1.2704070438722743,1.2334596449535644,1.3345652235697893,1.474636812354021,1.4030123881445655,1.3817010173135449,1.4291984300195284,1.3813940038251868,1.471054157519643,1.4185283052314146,1.342556931643571,1.2124997131835493,1.211982536503448,1.1151405489025943,1.0560370678616926,0.937532361379307,0.7701998577878236,0.7954206646105256,0.577665491735035,0.4681513006283796,0.29799057382529714,0.09252527048010621,-0.009828916920772411,0.0591746370420831
16.72,0.33770171096787055,0.5422250547038195,0.5472867946124412,0.9362222778521138,0.9919530883487024,0.9633722172879304,1.1703806979172118,1.1795255370034805,1.3042521991028837,1.1485519276494776,1.2099874122848997,1.415891358104349,1.360773869338968,1.4049390478320338,1.3404184754335904,1.4406983216208291,1.3979852135633488,1.356568126460158,1.3403823276611395,1.300482887478505,1.1040721014765587,1.017336765711857,0.952437023871596,0.9413154569444491,0.8800897391873946,0.6978576144632664,0.4999109057865395,0.47872553744219526,0.2714876497612732,0.15722556325595768,0.05707768650203722,0.045624812304275106
16.729999999999997,0.4035911730823909,0.5619606337492142,0.5451683207382612,0.870284803246645,1.0637303183917568,1.082021580274557,1.2066708508449646,1.263044320345101,1.344523939740708,1.2899474225952887,1.3044162871732234,1.38358121761177,1.2552038869878608,1.3119563251748307,1.368269226211762,1.4347037193521224,1.459336058617761,1.3373467330644626,1.291309841035167,1.2036806798008173,1.150305227759777,1.059178996670736,1.057749213812951,1.0209875273582805,0.8887896118276288,0.711780654407143,0.5049574181565588,0.39989206564722635,0.27218387185112575,0.1931151862781451,-0.06702657224087763,-0.009196189070275251
16.740000000000002,0.3518787823324659,0.5567669123747541,0.5976317173077127,0.8230112903315011,1.029486917283166,1.0215698936302442,1.1742783739168658,1.184173612325068,1.2550429012983217,1.247920289025364,1.412057728634478,1.4639366005429255,1.3839647430667228,1.3251943127934784,1.39027362749677,1.3966733621893517,1.519876319696884,1.4281622783309578,1.44163470735744,1.294847865628111,1.2151222935149728,1.1583242644249943,0.9941618799132556,0.9355962304045558,0.8236352049317927,0.7563067482306648,0.5400033959501713,0.4707029809319402,0.21366704150626836,0.0987580514131087,0.09846694591793993,0.04882681033057713
16.75,0.3204785020094386,0.6269904275241832,0.6575963765886955,0.8543139254042509,0.8919642419367467,0.9310478011733616,1.2317600419753771,1.303240639745616,1.317386273397703,1.19141550209427,1.3300392841831095,1.4897851769851087,1.4553190379125704,1.32308454620038,1.3491198223771648,1.4409799785503332,1.484678189500839,1.3063210642758585,1.3564444246239333,1.2586896309728177,1.2676063054939153,1.0960306831741753,0.9740024264882513,0.9161275172936222,0.7831626779873997,0.709888469250659,0.5805052015911942,0.626907445420707,0.17119195724514677,0.11618714845366174,0.01735380655917575,0.0731014496425214
16.759999999999998,0.3808200373497385,0.5742926919499345,0.5786177812643739,0.8382627029991521,0.9920686794131303,0.9172469511544359,1.2575499984766039,1.2205241376333904,1.2594491318322485,1.2631850424262698,1.3888533564182404,1.5581589362606696,1.4363973179133775,1.4700417998090627,1.4126741700463612,1.392963296485694,1.4731053563162395,1.3660521559777146,1.4133137143175125,1.2354963903598297,1.1461904903364712,1.0685404375330316,1.0659765245612278,1.039202487274975,0.8842100299536177,0.7291248893287011,0.5611084367226822,0.40365928609944735,0.23625417550678332,0.07911676872984222,0.002997441026985582,0.07763391630067326
16.770000000000003,0.3303161881552725,0.6100017337825806,0.5840117166304608,0.8955985935737919,1.0856791086845643,1.0077443159520865,1.242215442468227,1.2171571817691074,1.298771289125064,1.1943822302131222,1.3619941752498275,1.5012207641113227,1.289842768593342,1.2162797295773944,1.3724389071596776,1.3827330360540397,1.4826031834026048,1.2227713668894253,1.3127462418862441,1.3259102857034857,1.116783084707278,1.0648097329728803,0.9661358856727273,1.0042208318326662,0.8363484419954217,0.7244190669873112,0.6044403993641343,0.4507678549696656,0.2859755371830579,0.1401891137345052,-0.05225577875312023,0.007278332455896774
16.78,0.5030695974511187,0.5776571807444291,0.6298762805703049,0.8662786835927707,0.9480766168886211,0.972275543122296,1.2118359150112963,1.2911122463010538,1.354834106434305,1.2889600468065667,1.4224413706623869,1.4821561879098564,1.4586060966399073,1.3754766584437792,1.4353835182771024,1.4133781007604824,1.556836796566257,1.2945151597615587,1.1968503589925414,1.1161808117350496,1.1177643292040673,1.1388087005403986,0.9802647588330222,0.9690477124866483,0.8738899595276698,0.7174089206804355,0.6574236093598336,0.37420170367294925,0.14042288421948046,0.10987718133170839,0.07627257987572224,-0.02332589799532092
16.79,0.40656196131038014,0.592501083171108,0.6941149376165113,0.9277451589672098,1.0360451165590157,0.9142675838212146,1.224049100340686,1.2654590308105322,1.3469210829698668,1.316951136493509,1.4477044617800827,1.4668505518441934,1.3543163113394208,1.32703788324353,1.4655839968946487,1.4156963313171105,1.5360552226777635,1.369038516217235,1.3078385397616248,1.202587262183993,1.1180876085441522,1.0648874738161742,1.0598118424278327,0.9282602974287506,0.8351775247647018,0.7451714504905561,0.5917782007723709,0.48624719202689143,0.295044953509734,0.14695671603074728,-0.001616614213745148,-0.0015187352444744548
16.799999999999997,0.39652314922127957,0.6176363002332619,0.6618605317171469,0.8528220397761002,1.0129133115950237,0.8889011873279349,1.2368974693991357,1.3146602884031018,1.4623982461907765,1.369009864062959,1.4548044943110348,1.4550654015076898,1.304670523879223,1.3926813852955577,1.531269911929987,1.4385586920042992,1.496523271056026,1.330088759686548,1.386858436953084,1.3242208570544072,1.2312252710695615,1.16375697593552,0.9724950232462523,0.8551656212107518,0.7809779315587638,0.7040639157362943,0.6286696067721463,0.4497489314771752,0.1950340454008867,0.10463957479468838,0.02888696850703229,0.02960587175517316
16.810000000000002,0.464962814546844,0.6811834481212037,0.6820245178711456,0.9101895220061947,0.9702777508290459,1.0019971714211044,1.3238247776871725,1.2871668908993263,1.415507056554195,1.1822956820389003,1.3793894461245175,1.4584212914420789,1.3490264693659242,1.3535978603780654,1.5068642923589948,1.366699312473822,1.4970639488735622,1.376582694508773,1.282714189717871,1.2263780999492528,1.202420626290149,1.070191648916034,0.9278151599640315,0.8847519607541233,0.7691512200774896,0.6813652343017464,0.4888425351744064,0.5418973954629712,0.2657469263663622,0.05069068706463011,-0.08488762288345322,-0.05527484365347055
16.82,0.3674745796737152,0.5943049588049629,0.6861685064977692,0.8170703409522568,0.9557720905245595,0.974182849272002,1.2911595187719693,1.0728604219059976,1.3573334600525513,1.3664863722388447,1.4278568430776943,1.467888976900877,1.392837115246286,1.3785937195291629,1.4853748840368257,1.363831397153008,1.5026112558274096,1.3782793245058993,1.3004232409372924,1.2948009251869719,1.1781736580826823,1.0863784497010076,1.0383291353600506,0.9352597433200885,0.7623879967543519,0.702008832229141,0.6714660058714583,0.4594841374871212,0.25107494392987545,0.0834219299024263,-0.025689369192942346,-0.10156175028156866
16.83,0.43522656845855157,0.5085156195933137,0.5936540058607237,0.9439513598936249,1.047094381751514,1.0050883592788362,1.2129016055735418,1.1883289697944295,1.3778157962214514,1.2656400418999973,1.2745050241500027,1.415615655479812,1.481436870044738,1.4778755795728635,1.4213050894881798,1.4101639628734066,1.3740134490075515,1.285828424500765,1.269223306700552,1.2539732850830496,1.1800692592718875,1.0789109353708548,1.0618937596531008,0.9596598173709419,0.8246292496329488,0.7611945470203199,0.5020361586720486,0.38402112537909483,0.35560533948282697,0.12918803361191633,0.06384585574029132,-0.07316053301566891
16.840000000000003,0.5059981944425689,0.6221296530395717,0.5833160951368098,0.9465300027740056,0.997186764225543,0.8870402367428297,1.1355227541153488,1.1742800747854587,1.3653371606521252,1.2426094153502805,1.4525026048047722,1.4786053069776735,1.3593912522754024,1.4526744585244071,1.3876614638108757,1.4148284240537299,1.5195734698098977,1.3549814099881285,1.3503322586767754,1.2538151736519134,1.1688195792514477,1.1409492785450723,1.1214308107292452,0.9005934960823883,0.8659724236972958,0.7162988902199161,0.6009355637544274,0.4260113107541045,0.1656606297647677,-0.0037600837671069413,0.009493990538329989,-0.07444153118513926
16.85,0.35088269464478433,0.6533900846788523,0.6227152660810741,0.8476457658453245,0.8732826162251777,0.931952985868498,1.2200659034505754,1.2878028564720547,1.390308060443505,1.3139353677651386,1.4369049013889623,1.5213823218413844,1.453758024846604,1.3503303735262036,1.52479355369247,1.3225973436704206,1.527237594222072,1.462572591904304,1.2762990419615858,1.1831805642718967,1.1355545323496479,0.9526994821933941,0.9225831382768896,0.8346246745679207,0.7439583721504505,0.6999374068280146,0.6183089123428299,0.5033652050497919,0.3051623235540878,0.17223526422236365,-0.06594929104378505,-0.13447693135494626
16.86,0.4307952580149273,0.610637472439796,0.5552294740937394,0.8795175474623386,0.9390186046990133,0.8693621373737044,1.2010242914877396,1.2517050208834528,1.3879031863453206,1.360816802871481,1.4966458032471004,1.5514206682654883,1.4198256945958614,1.4130162786290406,1.4502798005275146,1.4124150931925514,1.4800080635972273,1.3493526159745601,1.3092323260638494,1.2767878081248634,1.1366164324830994,1.0320381539917465,0.8482053011602341,0.8256295631895862,0.720153703318919,0.7249954947561326,0.5446643311920614,0.46226378810071217,0.12048024448968463,0.11496228257582823,-0.020021229017973693,-0.03814813957352187
16.869999999999997,0.35824871329766766,0.6142767144052047,0.5700435529352147,0.8737619805984517,1.0693455872076372,0.9499694422298587,1.1192558714186525,1.089699153716394,1.315079372658792,1.2714882353343764,1.3944482692634639,1.566365520523882,1.417185102136393,1.2777173425888297,1.3949775817188055,1.458466449112452,1.5845638777269682,1.257058822950134,1.2148852477567684,1.1929558201700303,1.0900103101172935,1.1918279970151457,0.9509351186910087,0.8527854628314686,0.732022879337203,0.6096081248130043,0.53793740475531,0.47425187019498294,0.2497932415726726,0.14677378851360745,0.1063462224702917,0.013069503125241216
16.880000000000003,0.4785547809867446,0.675919152683963,0.5657041795469366,0.7873456221297435,0.9382879197996427,0.8941687062860606,1.2000832161577297,1.1046641805602897,1.3685711056272951,1.3719763746006963,1.481298591587507,1.4682357611525054,1.33068784880575,1.3771328873203335,1.5010056466179946,1.4521828300144217,1.5014003461456213,1.2700695489201388,1.135394197117468,1.2386971522231225,1.122547695688191,1.110778775866113,1.091339896587732,0.7920318961706134,0.6967480533047321,0.6147050736810312,0.533452789624935,0.41796954379801216,0.30708309439512865,0.18653396042402529,0.06729910039238719,0.131763306288397
16.89,0.37561859992589364,0.6327281904884953,0.5863664912741626,0.8584581119172005,0.8945921830568679,0.871195904280983,1.1638522850802304,1.193695486211484,1.3692783384717528,1.3587123223566748,1.5031244141397302,1.4481428130505196,1.2888412736028447,1.342117036062562,1.4769947233408725,1.3955219341081009,1.5139339947151922,1.3679682718045898,1.3442368620599279,1.340068246122613,1.054093561849891,1.085968081618947,0.9732484124283541,0.8175819118190727,0.7796044168482527,0.7031196438313038,0.6360008040999964,0.4211454284328004,0.2556187503786969,0.07956485740911226,0.10802846920097646,0.009491913262280077
16.9,0.32723714521534913,0.4967592452861494,0.5473922714944018,0.9252225271169463,0.9251316819922897,1.000324991686512,1.0891028055685013,1.1022891159599624,1.419321959904149,1.378649753838635,1.6535248361863835,1.4842205334496565,1.3327397438208686,1.3065204013781515,1.5477094692140587,1.4802275018614741,1.528465293698282,1.3951728897849214,1.2262225812984664,1.1998249409434056,1.033894504568487,1.0568037096812457,0.895967368279078,0.8363014071193579,0.7107506252323548,0.768031247698907,0.5450612113068878,0.36101279593893915,0.25854665811940947,0.04903539370071164,0.0007088010386481769,-0.11877970528366738
16.910000000000004,0.3939901586502153,0.6446014128711335,0.5630167190207885,0.8549707281713692,0.9612463863599169,0.931615116754218,1.2045754124025625,1.1949654200478146,1.3300948558134167,1.4529985623105595,1.541917801291522,1.4381614821653297,1.3296741211963476,1.3369850250051822,1.5160125417332848,1.4340285291851422,1.6694287101050593,1.3706032013523746,1.2784429429697337,1.268848221243563,1.145193730250371,1.131757312715371,0.9920843402610507,0.9591037901398866,0.8438048748379995,0.6914279905248102,0.4624338425031059,0.3165653262247917,0.2776155693065775,0.08120526603154923,0.06920242031481584,0.008637521657737866
16.92,0.4318060801148405,0.6198044146007318,0.6230156046194546,0.8678517407384156,0.9285408813327944,0.9462913016852815,1.1530892923932552,1.2233474660909611,1.2985476339743183,1.2369579987782686,1.4892954142553851,1.4893280943337217,1.3262510551573288,1.2318719146579418,1.5229448554605372,1.4027306599526916,1.5599359507827122,1.3931071891644584,1.2146916227909834,1.2960844530554623,1.238403458055148,1.131279698355105,0.9980729441697214,0.9485646996697022,0.9000038220219364,0.7462088071944362,0.5080763464790261,0.4517756979676678,0.2630181727540147,0.12372945511555522,0.12280878484795865,0.02662461485452881
16.93,0.47426104663075935,0.4744549260389319,0.5299300449896388,0.8255312947372513,0.9378302045226838,0.9142022961713808,1.1710788179660139,1.1445604157021714,1.3618602946706793,1.369435994131663,1.4596148417152,1.520599730518628,1.4173963303968686,1.3428845970187686,1.4593966579897488,1.3653837758708582,1.498054559005134,1.2890218222032488,1.2670459622153838,1.206958846207532,1.0775301556478747,1.0535147734892178,1.0095855401171647,0.8800590175959384,0.728311890166761,0.7810229934958667,0.5267416051773811,0.4410128513679128,0.24461590958128931,0.03961796938636162,0.12327255956011583,0.09096042304348834
16.939999999999998,0.308654248010573,0.42757609343207503,0.54001508274282,0.7798267439298434,0.8927863624831327,0.8449984478379516,1.1930000587693406,1.1219310386209411,1.2482914983753315,1.28475635058184,1.4541362067033388,1.5245342353208464,1.3438720775400743,1.4629713816429182,1.6153450007286945,1.4517522386782609,1.500176992938495,1.3675380804791943,1.226478440462985,1.147757066682462,1.1719522977008243,1.1167219595783673,0.9616596976829145,0.8811357821610651,0.793435183563459,0.6761813655210726,0.5629328922731945,0.5126818715657459,0.356097356035978,0.14552150828410354,0.1749881231471532,0.04395066228783786
16.950000000000003,0.36868404435345026,0.5401233146614318,0.5056842570468593,0.7616808165829124,0.9575612178500251,0.959336740601339,1.3378590844655205,1.2202664325291275,1.4053040440303963,1.413597733229638,1.5073057868590334,1.4263275573630592,1.425528612160443,1.3883398566832998,1.471814184683403,1.3523747159777357,1.5545038268785596,1.3609820549966691,1.3224171863287844,1.2606376763709601,1.114167139815496,1.0079234811496145,0.9950400962169506,0.7466291289961433,0.7564136485151274,0.7407723732273176,0.5436968973028111,0.49832128437022966,0.3077179091521989,0.07687760526403073,0.03031793159743228,-0.05390644460488474
16.96,0.39794737031133753,0.5748427055993568,0.6050284578420516,0.8326360195620751,0.8711209929579354,0.9258250438372081,1.1939173480411072,1.122992548513034,1.3557852336543537,1.273817817167139,1.3546446680119153,1.509350099056727,1.3316811206706165,1.3419988779660255,1.5109754658454135,1.4189912234025543,1.5168713434182357,1.3344534815926807,1.2863519392521596,1.269917810364695,1.1886516197338388,1.1343734934903384,1.0023673577539576,0.9342896107660653,0.7908495773056016,0.6245321679252493,0.46253634846260816,0.4093512061702794,0.3008542428631297,0.036423833084277206,0.04164187672323187,-0.058771247092691534
16.97,0.41009530124124693,0.5227368883382804,0.5466839944264203,0.819167625230914,0.8835620202333111,0.998658014885889,1.2876060204771584,1.1419265445694107,1.3408565710799247,1.416233208027399,1.5126299940089707,1.5160303044877206,1.3218735931273713,1.3497652750864055,1.4355257982234577,1.3997309532992914,1.5168221641308846,1.3715006957593512,1.1747199688456464,1.2391649497264685,1.1058228846849798,1.1579560846121495,1.069889302726109,0.9137667560074668,0.7540888014394148,0.6620501915862164,0.5195462130826166,0.46160468530783194,0.35382608823025685,0.06567299143369004,0.022241015507193585,0.005120295411584354
16.979999999999997,0.43374904687103655,0.571881952650913,0.6026353783870279,0.8349956217981049,0.8359734722832827,0.9292260856589372,1.2070195577440137,1.0951978579736814,1.2657226525290846,1.229743275115267,1.55062077426209,1.4709387603052815,1.3613811777500207,1.3008547538807305,1.5085667099181173,1.4638224441663934,1.5417560151261367,1.2484657143109854,1.2136031561629528,1.26572004118111,1.136923994486876,1.1374733990527082,0.9417242290078542,0.9672659343781054,0.7795860787448773,0.6846247981844779,0.6029558564238847,0.34127953823615476,0.28820213073300494,0.17492172052498564,0.10810291306088579,-0.07811664846491294
16.990000000000002,0.4592362406536466,0.5962444446835252,0.580637153757257,0.8831967714136558,0.8920428940372119,0.9000411240268616,1.2149722992601184,1.1559463305833937,1.2792523931664674,1.3755856841365035,1.506756964214261,1.539676187437878,1.3825655146975366,1.3822943009880693,1.5967236593474232,1.417179869374386,1.5024837143938718,1.2641023351880887,1.271750529263985,1.2952057821714498,1.2094184363844684,1.0277247375938439,1.0957165182734527,1.0281909079775777,0.7507483086893789,0.704280468561906,0.523029777082313,0.44393726422561397,0.3873331418811983,0.053486451332269175,0.07523460228569796,0.028728485713348583
17.0,0.4712843009627542,0.5823355856930562,0.6448194541676567,0.7951441708311542,0.9270809627839607,1.0039769317411291,1.1611020373337408,1.1109608930186419,1.2528624459996103,1.4002302715564436,1.5944627732517884,1.5464436997419804,1.4289236860495877,1.4068065187990055,1.534805064582113,1.4171183569429562,1.5776293801385712,1.3385606138722956,1.222731929359493,1.2759588952537178,1.1340463280883541,1.0873529551992906,0.9320311287877903,0.8606745929710461,0.7370803584229838,0.6852980116328784,0.6329067835041718,0.45142969233423724,0.2838270724612551,0.010647430027975656,0.13699593210539174,0.06136368227891142
17.009999999999998,0.4198828781018761,0.5983428151240947,0.5642789500538233,0.7231249743564857,0.9800294778849661,0.9642441587343975,1.050141373091537,1.0536491064924487,1.2536578012076145,1.4363971230038926,1.5282468745607716,1.4517190272362361,1.3746019572197756,1.4060427313169497,1.575561811395264,1.4270572737365301,1.5842828264328248,1.3863959132853692,1.3574369126069425,1.2639742541305439,1.0748378023429472,1.0053555587940295,0.934591622909779,0.7845730890712895,0.7963264315102969,0.680113123738289,0.5204970179177881,0.4383312546439458,0.3293796170552842,0.1739570605798891,0.167351109153447,0.09604141671422572
17.020000000000003,0.3576583932821742,0.3990217535153058,0.5359564926789844,0.7617249615440526,0.8061563587910229,0.8903871057363834,1.1397629716277093,1.2036928617457305,1.2625778740341527,1.4017448871782359,1.5373234317592972,1.4887470963414335,1.3458992617814336,1.3451960909265108,1.4751208837173324,1.4765218480392654,1.6345530987013777,1.3811909237891637,1.3587432512024684,1.2645567678140768,1.014949206061524,1.0498721393730328,0.9467920072727511,0.9711420235611646,0.8211775321430853,0.6670268885936972,0.5730089538318909,0.4449213173925365,0.26522300698797996,0.1446554350816437,0.23784731182028043,0.09779023674829607
17.03,0.3457177431049601,0.5619729696689151,0.6075826466160319,0.8452138360609998,0.8868657359776049,0.9651342182567764,1.166011153765212,1.091604456009996,1.2344329200654265,1.4440716078652884,1.5414280117424803,1.4330290358922362,1.3968692940623988,1.4600977969129532,1.6822910388264003,1.3470835177044485,1.569187816946425,1.4046756841065031,1.241602778242571,1.241459634464389,1.0850375270765993,1.0186860288671304,0.9379697446445178,0.8505809978886865,0.7761344470632519,0.687752088818945,0.6002813501572613,0.48460768694951534,0.33496553511511884,0.19004819889852392,0.12238319486494484,0.03405852174001793
17.04,0.3693617698233143,0.49803384484571855,0.57594468427051,0.8662101934770843,0.9252877042167217,1.103739173813374,1.308798952987233,1.1731027812198322,1.2525543145068423,1.4144166175216921,1.547079513273238,1.4576716582478946,1.343554026647171,1.438875019731945,1.5825386893906224,1.4622372921803566,1.5099013432053876,1.3889926614914492,1.3737961742562312,1.2908289788895617,1.1057632129284483,1.1051175420147108,1.1197908227189635,1.021000601251389,0.9246888990403087,0.7429377321575986,0.5084636888161502,0.41917961728281417,0.3345051385129393,0.2076243667899153,0.041917922602738876,0.0395414318993571
17.049999999999997,0.3692431601364707,0.6271868139113451,0.6268878423696604,0.7762057473769756,0.859187377353063,0.973761947479887,1.1541371175929442,1.0447107989148776,1.2261338315689874,1.4873722155337097,1.486990528064384,1.5348074021921596,1.3869356952736378,1.426310106340714,1.6121344747308897,1.5040898022307947,1.5413665416508395,1.4284322253575503,1.2870079146764737,1.2562207314850864,1.166573398039956,1.1692660259396497,1.0821111078638053,0.8553441084202528,0.7290156088117979,0.6562737718349678,0.5787192290093445,0.46285507797082326,0.32540319190067635,0.10202310483008736,0.15382715293264956,0.046584432272530396
17.060000000000002,0.33068900267062484,0.5773059802648141,0.5676682709337687,0.8724974487435169,0.8536595038143995,1.0827568639684693,0.9994422786838666,1.0938033372109208,1.2850055859826557,1.4937979206511314,1.6302074856420932,1.467239787353107,1.402826203875963,1.4362811506630002,1.597117830267683,1.5203025932002199,1.6201399652006243,1.387579893951144,1.1819192961864224,1.2656953858453468,1.155463019517974,1.1613249385151105,0.9720763403635445,0.8416189160915426,0.7846658790663283,0.6103608513758538,0.5420735044319931,0.43746354307828217,0.4892486592046,0.04637055166425351,0.08595001742811463,0.01426349542519489
17.07,0.4191008732507218,0.5690667204141655,0.5615742468394991,0.7477958216600529,0.9294912574495872,1.051782787921824,1.1098444588793444,1.207498918821252,1.3406673342208182,1.37998696637326,1.3377825862934554,1.39783017898767,1.3052931146120759,1.4167010127906818,1.5370007791787428,1.5057223309912524,1.6041821284357074,1.3400924420519669,1.2811498309885123,1.2597421258000145,1.1348057077083755,0.9605260524107774,0.9417253200102563,0.8961264291515352,0.7666367385411438,0.7443547926492522,0.624133297132114,0.5118307112265859,0.2568942471824304,0.1441251274103692,0.13566803390378337,-0.025399716245138988
17.08,0.34044545385097447,0.5421884208958623,0.6187636050055544,0.8430342790492824,0.873469162737779,0.967168744911658,1.192918046789832,1.1458111386884657,1.3047335631838237,1.5079628736871302,1.4978358249530244,1.4662048680736042,1.3777408252667651,1.4843330165143465,1.6852836492270507,1.4889191169080465,1.6025886533554001,1.326108697842911,1.2463550940452248,1.2788364235911365,1.1449763707872973,1.164075521683016,1.08323832632149,0.9134508447465968,0.8383583958492803,0.7207453686627998,0.5879590007168221,0.45154539555444784,0.29562069215457987,0.16468401808059743,0.05042559691026476,-0.12350870332277816
17.090000000000003,0.26250006540771814,0.4899833354563734,0.6842117339042086,0.8229239857760302,0.9909168081030799,1.120593398727694,1.1301125437240243,1.1077106695801295,1.2484759584468572,1.5184698890679638,1.448104950054732,1.4325335453621335,1.4228887183992922,1.3815980069498306,1.584375112754309,1.4337349446260996,1.4698592215152653,1.3220027083473995,1.308569107043443,1.281967361855202,1.2101039139801897,1.1850754403009736,1.0568340370659246,0.9070731634466109,0.8532068933453568,0.7989695393014327,0.6117120411804804,0.5464503299288826,0.4216248489379979,0.1726043237857622,0.07064911148619771,-0.007663219595560756
17.1,0.3858841796723528,0.6079974392447327,0.7141887308311891,0.7984148101616309,0.8697589917628756,1.0008082226696147,1.2142926372796217,1.2273565566576787,1.2710307603850657,1.510641231601327,1.4417518405062602,1.4365274083573518,1.4070900926008456,1.3680759482579898,1.6567198345566139,1.592235070809813,1.5858168411114226,1.319308925420876,1.2587211618484657,1.3065043036019686,1.1808779483468683,1.2648437581489838,0.9494664991713146,0.9162714728285883,0.8145519523586212,0.7546590520350632,0.6669239651415497,0.44879552338729617,0.4052989259109803,0.1529836150127602,0.1860581397261532,0.0038050215693827064
17.11,0.3716364558489757,0.4766350129718955,0.599896305689994,0.7874926064719866,0.8117520258548123,1.004735022960762,1.1887893715603457,1.2159406803820216,1.194860494106291,1.396315370429877,1.537464892530779,1.531006100067547,1.2976816913769615,1.4661212218330022,1.5959634361592534,1.467723610343815,1.5398872209366783,1.4021640044059462,1.243323140767324,1.2912672088952575,1.1344075169596977,1.0674119448206068,0.9953198927147455,0.8521782297888748,0.7779444945472986,0.8138089930696629,0.5821624243348832,0.37405199385981797,0.2939287211113997,0.09700071405315583,0.0011184274901883846,-0.007636653347166782
17.119999999999997,0.33569649567590387,0.4688136349523155,0.6571776962594515,0.7419393477271932,0.7968259607841149,1.0139588488213718,1.0526666095771076,1.1033985557661685,1.1286074517413187,1.4737792934800158,1.5593759618441267,1.4355768016687185,1.432239989489037,1.5212073740674907,1.5409987996842116,1.3840489093057329,1.5310736509238336,1.384065988976628,1.2422391567090332,1.2829581644001207,1.1614440906044536,1.091860349022877,1.0738593026657137,1.0052079423040934,0.8902785623270173,0.6746154562007455,0.681133458664059,0.5381724362767271,0.44878938073546004,0.13693796914076783,0.005430706796716599,-0.12599979833739144
17.130000000000003,0.30277296120043984,0.5079830120013975,0.6726560130529087,0.7896612378513485,0.8627766796470442,1.1404997116082563,1.193223458196986,1.0389765114477507,1.275138919283653,1.5182827112304131,1.4406916601052762,1.521098778712524,1.4057964923185386,1.4888423015929269,1.6263454688876393,1.437328641015602,1.485789185598898,1.3986223877277244,1.3883601747101275,1.289943527367247,1.224155590300865,1.176173106107288,1.007039977152196,0.9167719010131199,0.7988403468977484,0.794693320029248,0.6343095698434605,0.4718193606048378,0.3324761879223538,0.1514642580344089,0.1121029466641594,-0.07854584558851146
17.14,0.24853612389877888,0.535512152870301,0.7769472028680746,0.9075847599923619,0.9229311833198819,0.9134400807070278,1.052624963228261,1.182180469791703,1.281724377755432,1.4118939339750927,1.4909195073085586,1.3947701875270722,1.369280811767757,1.538766929538399,1.5571562677641442,1.567085085851436,1.5820810109388352,1.3953508003725013,1.373269372763044,1.3774816728728394,1.2035139359552278,1.1004931741720958,1.0399385587263332,0.8916849980605628,1.0167301576501986,0.8382331573629513,0.7208714818792596,0.46422812007712205,0.44157886032557386,0.11598585231192339,0.044971227221074266,-0.00851108265159978
17.15,0.36644054702969353,0.5928693691686505,0.6664581776980361,0.8928895466690533,0.9200741968315742,1.0396518312726748,1.0589406435844848,1.1862880305454988,1.1770670524000724,1.4875620141136507,1.4173599942431825,1.4469925259913394,1.4496336427166578,1.5556917000775812,1.6175668465041042,1.5331443629269663,1.6381009573367329,1.4249087050217977,1.3400142654810514,1.3733493897570495,1.258676344199071,1.2269867849726008,1.0205621763313224,0.9947511438211987,0.9301333226773525,0.8608727861309368,0.6016316440094246,0.37029854718903915,0.33410813688247143,0.03925984583675844,-0.08689475222593632,-0.04809735751433963
17.160000000000004,0.3708459377703228,0.5448150847794688,0.5620514756858078,0.8195232691966026,0.8267743442050968,1.068925211254783,1.2279880788341113,1.157479920846312,1.2657025436026226,1.4589278658512665,1.5420883699064256,1.4327652470619752,1.4739939160651487,1.5622047800973353,1.581595856718752,1.547834253312871,1.5845573149074013,1.4568334014697188,1.3261925045072214,1.1949586829359606,1.1317376254636755,1.0840248628204845,0.9902781861030114,0.9633547223109092,0.8003521335684238,0.7766427792452353,0.4822083069143846,0.46909650757733146,0.36253420145546755,0.016623972241163208,0.005339556175017406,0.003287779096087809
17.17,0.3887880224012141,0.5460850635666812,0.7730017679125973,0.7386276991030537,0.8118057153723485,1.123605555151685,1.1043945929102885,1.2195849490703388,1.2886348161210412,1.3985658779248915,1.3815276593218215,1.5275148291486267,1.5193543165114058,1.5809483101311457,1.7112605288627676,1.5187693599680245,1.5573988499228233,1.4497881607710033,1.3021709070337795,1.2692018883527783,1.1225455760075103,1.2089575583348946,1.0761933672289008,0.9814455990867197,0.9751156376921939,0.7950533482325676,0.5497459699836224,0.5238753473194665,0.47444939740298603,0.08962130311838588,-0.06613609993132828,-0.024448565425985794
17.18,0.34622068603085215,0.5292875424626223,0.7650370600546941,0.7710974034209083,0.8583964120401741,1.0787322378050535,1.1160189796126054,1.1414719706009677,1.277132579058595,1.4338712961470257,1.4593436288905166,1.4010287773113204,1.4088889038927974,1.489871579646083,1.5085990904513822,1.5146648013273956,1.5106484007669798,1.5038996887761855,1.4090867893796122,1.3149863963644621,1.1918958045737342,1.0732915936542995,1.008833424858295,0.8982565401067959,0.7609206423572525,0.7846483986771114,0.5920555660058611,0.4516166095503935,0.36245414689971356,0.19327492692961412,0.16634975906499908,0.017883367502501135
17.189999999999998,0.47286207399151986,0.6206753610972691,0.638150369712504,0.7212309771164597,0.7864524908327104,1.0544584389959344,1.1565392912176695,1.1262614296168725,1.2770421663733789,1.5006468936586634,1.4746535535298337,1.3822279482696314,1.3500697373426223,1.5597719915052939,1.5314214096257037,1.5161721781146813,1.5591304777048902,1.4766472930626464,1.4393073108893073,1.3579222289125927,1.1793657483050697,1.3134346890228925,1.23661758246745,1.0680644992979145,0.9112082977011733,0.7625732507751215,0.6594218615190686,0.5066995928912106,0.43204339315242274,0.09126441560574021,0.04810538934023611,0.03257686450298826
17.200000000000003,0.3505791141606945,0.5649424944391228,0.760410193923788,0.8609686844411697,0.8478746486029187,1.0873321859398364,1.0431759710506958,1.1150863325142537,1.1981719673159514,1.393250006255846,1.4539861768048064,1.5317698621335971,1.475845733094224,1.5477361664763762,1.6632713333926947,1.4979641223783418,1.4863276086868782,1.4162819081687084,1.3830538889538637,1.2967054152596436,1.1783464012949645,1.229040946201615,1.090083136219408,0.8850535031919957,0.9125468718468018,0.8354256678404212,0.5603287678297455,0.4880846253399343,0.4286896442406047,0.24443807268124745,0.076568921889643,0.0005278198786412142
17.21,0.37618972335691603,0.5536474842312253,0.730534922017858,0.8646172856387885,0.7943264530228986,1.10375553196108,1.190109202863249,1.1011960661944147,1.1743472283180143,1.5131312808082078,1.5134442566652642,1.3671700654612966,1.436379341790542,1.6091274967099776,1.5814865518015075,1.4862565145720406,1.5122216918971396,1.4427805961847964,1.3174648097526407,1.3565498052353395,1.2277836675188023,1.1611918424209495,0.9980824428870964,0.8777652221536085,0.8317359379451367,0.7606304969082551,0.5654588530750416,0.5943476151929479,0.4194593129825148,0.17504509912876684,0.03781014635054936,-0.04835256803476868
17.22,0.41541087369223106,0.5860285026914998,0.7359621069055957,0.7739573854838661,0.8398905070020003,1.0523209601314132,1.1676869551233724,1.2101782973348028,1.2368072081163908,1.453733904649096,1.375671771967735,1.364786410162175,1.4320701298448346,1.533929068419314,1.636499802000902,1.479637365203169,1.5440264165541435,1.357628038938167,1.3090578466566059,1.2514582903723483,1.0906463852879082,1.1055486758814315,1.0455067562291385,0.8957205025416074,0.852396281176983,0.8302963047316609,0.6336399669814777,0.5400380348534862,0.39611672611531673,0.09466089753720545,0.12163435517499108,0.00945267456444989
17.229999999999997,0.2386700094017032,0.5587396838306954,0.7537603170364194,0.9393580250667528,0.9334479650322363,1.1208705628274793,1.121378158948127,1.1309619497717474,1.2318934108545778,1.4519107516788814,1.472001690359717,1.4093607098351435,1.392732626681908,1.609510171882084,1.6479514605159913,1.4732032539953575,1.4918686894564297,1.4403919290054668,1.3546187250103146,1.3958969018922442,1.2442430814776622,1.0985934101790118,1.0388436714490359,0.8574995348084148,0.877712893944569,0.8043010524746157,0.7400576005246745,0.5108227897798666,0.4240555078028637,0.08993418134611994,-0.05020650966908474,0.0009172983957088585
17.240000000000002,0.36644127044346153,0.5016078573233403,0.7342030050751418,0.7726538025519661,0.8487163661927581,1.1392142515218482,1.1832981596112273,1.1447654754057928,1.1421057489318562,1.481682604180323,1.4681674987551008,1.3831838697133683,1.4271789559635812,1.5679866238314215,1.5381383998731002,1.4531006295565982,1.4151829065742825,1.3994509278822191,1.4099492000015714,1.3513827557249096,1.1969956506826016,1.280989309096427,1.1299229619413838,0.9930854482851592,0.7842628575308106,0.7626150607716811,0.6242392788301088,0.5356417514607392,0.46395372156083337,0.027009438446779128,-0.059965688112101984,0.0088352503956044
17.25,0.3699699896585777,0.5530135151676727,0.6434252129030811,0.8484941671800924,0.9006448214410163,1.2244623794617033,1.1527038207298324,1.161521709316733,1.1846490581177072,1.3802741159203138,1.4450154729397402,1.3236678257336918,1.4331492075114292,1.5994530804449498,1.6053780412381635,1.602589163516313,1.4736289902196553,1.4114682352050991,1.3920248772669235,1.3461565988043414,1.2117139409647641,1.1313071810850857,0.9346928474945199,0.9395910754734073,0.8125828050638053,0.894542164620349,0.6079573535758029,0.4681280031652378,0.42600410279312917,0.0010921944251070246,-0.07422759460592784,-0.09409021710208673
17.259999999999998,0.44320629105016024,0.6553662811769014,0.8946188943073156,0.7841567660372191,0.8292552603076278,1.1575426834047862,1.1832904211675748,1.1038283692784459,1.2003687258815177,1.4283269658436024,1.4006943338169349,1.3833788957646402,1.5091704480402062,1.5834860656081637,1.5711277976011453,1.5236494837020356,1.6142419917570554,1.4585820748641527,1.3825151297973803,1.3204917001572813,1.1783937518647776,1.0781944593087678,0.9749794598059501,0.9847718459786673,0.9333715088551366,0.6689080484179631,0.6429567208717474,0.4773778641814545,0.3121368706262935,-0.034089379168443054,-0.17868137936475834,-0.019727231283881555
17.270000000000003,0.383017652793235,0.5239536484735104,0.7686006787436471,0.8645347519636124,0.8386292210708522,1.0303798452344863,1.158605606177312,1.2075116693097194,1.1668831565346078,1.500165857205134,1.5286374137132732,1.3397924678268016,1.3761482453433798,1.5387449105633817,1.5837777466013856,1.4623740391938729,1.4001327687753957,1.3985358967003427,1.4430276045607808,1.366290908337773,1.2178567558190339,1.180522333573001,0.9809602749672026,1.022761573354687,0.8349075118324296,0.831801822989539,0.6339181899735845,0.5118039885363177,0.4567019512332113,0.15920285987667876,-0.060728180086506774,-0.007949540570907188
17.28,0.40387077844239877,0.4812549501476166,0.7160665694386747,0.8227498955789334,0.854076741241478,1.1583649058933108,1.1767963311351033,1.172587214574218,1.164844177164868,1.3586201165119138,1.3716035642013884,1.4107134687804987,1.5296333558779398,1.583525995890393,1.5742432450094919,1.3851324580542232,1.3985786484111042,1.2792449154963514,1.3114620602169,1.363922679599278,1.2050328641150667,1.3212559129560413,1.1603965638161395,0.9900923539972601,0.7206798763719136,0.672774626365272,0.5854785307897765,0.5485981837952353,0.44913163522850363,0.22243477182714022,-0.08174640777088966,-0.009381688316528296
17.29,0.4692823322223645,0.6722608650943332,0.8530311665342672,0.85703293854824,0.9231581690519122,1.1397849866860508,1.197219663458591,1.125523069217341,1.1304491356714805,1.2909040546585777,1.3222445332246195,1.330515263106352,1.4492056911881417,1.5646994722756746,1.5271463523924964,1.443661415631463,1.3472744482965822,1.3117377345390568,1.3887941829963106,1.3526365659467328,1.198249019646536,1.2029590473377598,1.0464840758194012,0.8831313218577223,0.8264862641249023,0.7186781331521418,0.6283582424657765,0.5714433492350764,0.4255849877975809,0.1097698056757649,-0.07442370521009423,-0.0459708780744281
17.299999999999997,0.3572687804701878,0.6341155819478431,0.7132817937184142,0.8128904035726691,0.9038044722734178,1.0160828877919799,1.1121524363163855,1.1859104550793131,1.101508630937412,1.3031315607277845,1.278715849626866,1.367026941434075,1.341865824884951,1.503928024111162,1.4915774700356117,1.5207350279954763,1.4229236903381708,1.5246179193282967,1.4050451299878055,1.3694842084353738,1.1685463248068546,1.223564273130144,1.1371673791058698,1.0386866276342475,0.8349437769225326,0.7410856344278092,0.5185896513596758,0.511380900123433,0.3262722177935825,0.13739830089250057,-0.04738326221209158,-0.04917216749414873
17.310000000000002,0.38758938865970405,0.4588565804821856,0.7265754847646011,0.8247205270314563,0.8436817928515098,1.0606203452272847,1.2826336587872555,1.216206149758679,1.1584420974954663,1.3993446845986575,1.4719380148719095,1.3594045052524026,1.3779534374580469,1.5852866151747471,1.5565227658233711,1.4950026399048935,1.438249102393959,1.4242394282817392,1.4113604497146517,1.3945468231225049,1.2279819951507753,1.2106115022923603,1.1042665056775398,0.9253777653885752,0.8536463000122617,0.7547515617250878,0.5487864303525746,0.4444633101107973,0.43189645492006945,0.13606746668605632,-0.01132452568241661,0.06321511908045407
17.32,0.3383525328362198,0.5008814684836671,0.7197554659819532,0.8139259792439474,0.874322878713995,1.1238255368746553,1.203969393152934,1.222249212371003,1.0531230389354023,1.4179038155635018,1.3610146867873012,1.4696339489071808,1.4609037209860984,1.553468950166201,1.5616268406542753,1.5525936710812955,1.4153262661122237,1.4687646930813818,1.385446493756758,1.2862077110384198,1.2965007478089143,1.231356933804435,1.0582833011401607,1.000229704776801,0.9501462331747075,0.7733531532522475,0.5678089289768999,0.5689031422256714,0.4120624783881491,0.05394274605236567,-0.07409673891288977,-0.019630190450065532
17.33,0.337386540047655,0.5570377095095931,0.6788326125401785,0.7467523023917858,0.8738472274533846,1.0752211114737475,1.1856128275668765,1.2043592112664971,1.1099209377226273,1.344777736189542,1.329922047957488,1.3692384643829192,1.538530665642533,1.5685468463717451,1.470943213585496,1.5322281898629735,1.347314891063788,1.3647751965684973,1.280524680266868,1.3328064080154707,1.2075022303897378,1.2279497248579287,1.1029110118431664,0.9965172893377019,0.8301907736645456,0.8428902997442238,0.6452603334396007,0.5146469498232553,0.3579107608704788,0.11372788341961201,-0.13043717252978115,0.0011216199572110577
17.340000000000003,0.38641270816785755,0.5282477733928392,0.79732489590799,0.7882829294892157,0.8449125617924166,1.0912592619986146,1.09719060140688,1.1436899970820347,1.2184805771887925,1.3446108694186492,1.3471532089742533,1.2824442887757455,1.387280947326277,1.6029945187655144,1.5139650014022088,1.571735775897703,1.5101612140070804,1.5541188834534825,1.3918852392920755,1.3196403700295,1.1481106665864587,1.2583348322682473,1.1121508659238208,0.9707058163123499,0.8062326496508073,0.772282100345515,0.6222689243462883,0.5433197871523875,0.44262411999040513,0.1506961431421965,-0.009078469524169923,0.05482149091196946
17.35,0.395711556445954,0.596697429368073,0.8210914583121602,0.8037700784042842,0.7869575864743822,1.0373559997339226,1.1349409386227713,1.1988446997229707,1.2912763544701296,1.3606837540489263,1.252134678593225,1.3752219572733915,1.4326487520868831,1.6567368937409628,1.4921105439728675,1.5377472021373852,1.39264409582746,1.5153368804421614,1.4053049159877744,1.3792238065737101,1.1299734668289996,1.2093970626872872,1.1937933351043957,1.0507230267972563,0.7809694229071015,0.7433241891193322,0.614497125623243,0.6221262639546756,0.40985579952471274,0.17293171431251528,-0.029956491713488922,0.0326366808990682
17.36,0.41126489210666795,0.6035106229740358,0.778769602213316,0.8240042085710995,0.8656183791100688,1.0849268574954851,1.1704023367050627,1.2427988853297898,1.2167670754485396,1.4224999460501109,1.2792940169784137,1.354159023483707,1.483094053035133,1.5320570771006656,1.4678720322077319,1.4788531510607763,1.323466135472698,1.3563989710533664,1.4114870289268744,1.376806598951328,1.2072451716782742,1.2148284854070612,1.2193097530824233,0.9753343481540804,0.8421996841751802,0.8134404883574953,0.6753460920599127,0.6222179767395046,0.4741715451923659,0.12210989308598393,-0.11762719473532444,0.03292321113984078
17.369999999999997,0.28727506204506925,0.5896663996886851,0.7673289800498306,0.7700193183574561,0.84812979820669,1.0984755934661317,1.1259990196065233,1.1712494669308595,1.1495863458621325,1.2832738558291261,1.2952334407255934,1.2857609368391445,1.4624088094145373,1.4928783944805575,1.545394640212816,1.5863550864778249,1.3598383543907677,1.4226180884654576,1.398499704569823,1.4476335875223467,1.2740733479345572,1.193453251786987,1.0691582570066416,0.9525913250722914,0.8384918481833764,0.8503870535170325,0.6700860860967038,0.4500650110134634,0.37767954342270993,0.22780238721233026,-0.017598564153376798,0.035139200571510126
17.380000000000003,0.4634130791341244,0.5609961210272049,0.7350215213318886,0.8676785286892238,0.7363963702791686,0.9605056821048094,1.053493184231639,1.1768775916566896,1.0363378757485786,1.2640835039375804,1.2851203270062843,1.2891439874396617,1.546664940116327,1.5386340039540671,1.472736560707551,1.4704968024853762,1.3655923903544545,1.4530547323536847,1.4729142851860346,1.4837098906132524,1.3336862553175517,1.2335448252635381,1.081221497284683,0.9608325453071678,0.7566346810583839,0.830404044237004,0.6870493290289038,0.6421508741669925,0.4276496029115181,0.21864432782943655,0.007823249103926858,0.09200667395108697
17.39,0.4102830039337144,0.5695330565503335,0.6954425630142727,0.8551063128553393,0.8981031282393652,1.0593312798575572,1.1114898972514924,1.163627012088404,1.0762905523510207,1.2387378566821379,1.367099200567627,1.2810758957088932,1.432064131948314,1.533770062307534,1.3288181108893697,1.445613877950827,1.2884440460000168,1.4983843656004543,1.4922819845198638,1.4836607962789692,1.3564497797931359,1.2638127647183142,1.0910851282579141,0.9902801329854326,0.8514111931271597,0.8295484167919139,0.7228512552601063,0.508490444504054,0.3644126788360441,0.06077128222879635,-0.06291502295977126,0.03039663951446939
17.4,0.27176965631602434,0.5119487108339132,0.8246029594534015,0.7798819350391556,0.8218811498680756,1.0683633845697598,1.147105576342662,1.1706210476757295,1.1077271720761939,1.3263843120817604,1.2571937689698212,1.304696101494642,1.4982091222485412,1.4617380984585033,1.332390793088326,1.4959471018848582,1.410493037565624,1.4820395091204523,1.5382698064962572,1.3948147055166213,1.2765257430835883,1.2804204492809887,1.121463994984449,0.9374909857289342,0.885703200060208,0.8231816304992929,0.5838097799508745,0.6057470908170863,0.4736128881808631,0.13917649428294468,-0.03906005882855853,-0.018990760205875222
17.410000000000004,0.41318398647353594,0.6284893402917936,0.7010789858785897,0.7927574678672662,0.9600515582351464,1.0619291469074328,1.1428008542839763,1.2744188794087141,1.2270038004002677,1.2369979838932563,1.1588132763195806,1.3181175739207216,1.5776374631385708,1.4841660582948897,1.4154036878400187,1.6361324568845685,1.38303498423802,1.479119965294862,1.3829229170577946,1.396146073350492,1.3312161845772268,1.2940764249804868,1.1101196683842112,1.0862894281255862,0.9429847456915272,0.888247655469782,0.6968798650956349,0.5535965215836153,0.34671437548113176,0.15414120810934598,-0.02958658995233576,0.0049875091493806825
17.42,0.3779388722714892,0.5221986319950138,0.6058658039412619,0.7677021865549886,0.8341947452126552,1.005605690523513,0.9659969786614789,1.210922401646222,1.220760550991317,1.246764997197321,1.224045907341816,1.352706136359024,1.470551304124905,1.471039238476097,1.440170107368398,1.5960188687584607,1.3286981889852154,1.4276019915808167,1.465586245081858,1.5394862401545713,1.2790231772062837,1.2695719424884349,1.1236024884937612,1.0289417539668921,0.84603301972538,0.8657495232382546,0.7266925524196085,0.5861310820509582,0.4022209757971907,0.09834295864048989,-0.1349843258644209,-0.04831338262816758
17.43,0.4516196024332486,0.5355873151400807,0.6245235548908841,0.8024725855394061,0.9143873326442654,1.0161490796607169,1.0499452612879185,1.1830263769201346,1.154525315333461,1.2714291400914361,1.2368588184987528,1.3133993818167606,1.514492772938934,1.5211920047521543,1.4613723194094392,1.4795825025221356,1.2630407849026226,1.5567869885188401,1.5257694335748975,1.4817994220489816,1.3087222253432602,1.1746501238626068,1.036102167812266,0.9663828973580251,0.8971058521152915,0.849758350710202,0.7955233543701152,0.5778880839155915,0.42387834412291264,0.13002205251745588,-0.0930773554950354,0.0982972852950769
17.439999999999998,0.4080350795102204,0.4153486155691396,0.6157636872609817,0.8281374926969214,0.9511802720146304,0.9948288627185404,0.9884277862378684,1.1238947912451602,1.141397859308832,1.3168517494767902,1.246996154553994,1.3179757481459675,1.5150094779109793,1.4612589728870347,1.419639848567071,1.6033823307523505,1.3976920588773394,1.4335764973181913,1.4251498712957749,1.50952133653223,1.1835668903067393,1.2773323940752594,1.143804536671805,0.9675970361101743,0.8971966119737639,0.7962579993411957,0.7403838722665801,0.601031989211555,0.3963758742424251,0.17402065865993824,-0.01268930419450539,0.0011830829139835922
17.450000000000003,0.32718087335414725,0.5760372864614215,0.7218864351315162,0.7231169888229145,0.8822207432662718,1.0600993983514857,1.196168124959942,1.3148548769603112,1.1848006606352404,1.2829764885534887,1.251213647357718,1.32613131224044,1.530317453784023,1.5304692730434888,1.4116900470548055,1.612721474406261,1.404408470669447,1.6176163245507185,1.3790553764416955,1.4661581641975245,1.2186920912428016,1.2609910883201159,1.1425941604558552,1.0544511068932265,0.9021477962046249,0.9022186604785368,0.7390410808427326,0.5582575321402515,0.4517106178364721,0.1733600650828113,-0.04457819318127757,-0.06922074392905596
17.46,0.341557090786078,0.525519058324721,0.5571042948126385,0.6866321062105918,0.8232471644739364,1.022639419333032,1.05338923959127,1.1714861600271584,1.0834410092667637,1.2916337690422797,1.2513280968303908,1.3358774325505385,1.5948576852355478,1.4527496131604265,1.3318995161507545,1.4953840779262333,1.3937021493120911,1.5798252779022415,1.5472998101526887,1.4086082643631226,1.241552637512626,1.3861362500621617,1.2639017209011116,1.0173900929311663,0.8647876522194181,0.8624732528523211,0.733632000266659,0.5825270162117896,0.44992708629245975,0.20845152050233684,-0.0552877944361307,0.0012225923183843967
17.47,0.42360395765294545,0.5451561691115638,0.684546477908889,0.5612952083131142,0.8819112862720916,1.0341936616612002,1.0063033150178344,1.103424456422876,1.2693172602129221,1.3175635408261879,1.301093450779283,1.2834390986676052,1.5624102198015484,1.4713455211602302,1.2806658691415906,1.4918033967813553,1.3017504896004004,1.4565215169777743,1.4578282827276903,1.3605740348202577,1.2254395305144368,1.2905538999009585,1.2790139505734728,1.0521953400582238,0.9760584635948034,0.9471320125796309,0.7792635031262485,0.6289053857837705,0.4849723638807815,0.07545783491013343,-0.09642494050949271,0.03893761618665532
17.479999999999997,0.31067001182798387,0.47624912229262695,0.6031324624339016,0.6158366247892457,0.9835757450065463,1.0989542205795464,1.238771133013351,1.2867220382524485,1.2499847391851906,1.1816336709280817,1.2958453590988976,1.2860570366998447,1.617998905055761,1.5783527216552158,1.4444181508170344,1.586202783898676,1.3360753522909907,1.5257753988073164,1.5375403599809059,1.530437761087792,1.2356921313158167,1.2459106263756314,1.0174204800178306,1.054090672345626,1.0410227184276122,0.926302492023218,0.7313478742972669,0.5335760291788773,0.4659552501418906,0.1271282707885632,-0.06013872350053289,0.002353347507749938
17.490000000000002,0.46172277356863795,0.5818446274684106,0.7356082069187326,0.6406967886545615,0.8116944761445564,0.9493718449395189,1.057515985780392,1.3126377499026072,1.2679136600762877,1.2124527544945973,1.179244799560609,1.3002190155118147,1.5586646138904576,1.5854721621753938,1.4152073869948214,1.5038275910882006,1.3241983129152886,1.469935787318785,1.4674313787100204,1.4681587001704761,1.2851724002506457,1.3118630935849078,1.0561878312455613,0.9341677211304562,0.9371832915692941,0.923432126746569,0.7475728829345155,0.4727056496201093,0.36043286014155185,0.07146190883080568,-0.05271518375798631,0.07795087995545907
17.5,0.3368144184893371,0.5136525584604426,0.6633184277310364,0.7621395083010195,0.802607721599045,1.0108733944939285,0.9958261122644675,1.2262557936689276,1.2366273081479147,1.3042420475870389,1.3021750027703072,1.2861441947352172,1.5261026110113343,1.5594263287044106,1.3909863650983807,1.5721839676940934,1.3985681748703869,1.5324836079643223,1.4991264702244633,1.4616714355817784,1.2670879217527697,1.2445530208929074,1.0489552413600356,1.035251509181904,1.0001961941069948,0.9196328585156011,0.7262414496478017,0.6058538723527583,0.41464112885642035,0.1971307530462136,-0.0373109801884099,0.051294304253400834
17.509999999999998,0.4274762268827149,0.49532926130927285,0.5657917280648732,0.7099383007983084,0.8276420696367188,0.9814301513633921,0.9956690584718505,1.2625011031903828,1.289171736451015,1.2893168932562784,1.3196736808870817,1.3137848960258651,1.6093882647238538,1.4527832922135233,1.3185748551131813,1.6929998852775712,1.4542797627348742,1.5117173566428586,1.4364598615765678,1.423015814738656,1.215164718895459,1.2656253763953347,1.1643488038907623,1.0185702580207359,0.9114153270308953,0.8916719912044422,0.6847236681034512,0.5668423060770531,0.3616593510393923,0.10069451720177142,0.021983555135976912,0.08852536262383602
17.520000000000003,0.43322926314469096,0.55262029274491,0.7574934687994428,0.7972669768807962,0.8524578991310539,0.9777270503690014,0.9857091524568806,1.16067266191938,1.1533880239057959,1.314244523536258,1.3184624679264705,1.2595675058331277,1.525998054490341,1.4558331762068828,1.454254629804,1.5032892438639893,1.3770290768828157,1.5327467061532203,1.5498116085077123,1.5068665618849872,1.310454030111615,1.2988893379747737,1.1045630965982982,1.0063996398292694,0.88370295304895,0.8271232924448819,0.7159534818095845,0.6547990256996785,0.46775595864530434,0.20931392224701084,-0.03762212378199062,0.12901256657464547
17.53,0.41187070894203825,0.5226159816232223,0.7100209998475343,0.7586171345578865,0.8990101420402594,1.0795975564335423,1.1073039869451544,1.2219554679628137,1.2757350334135884,1.312268231401642,1.2784167004783376,1.2745927136092277,1.6167543040155794,1.4573086749971869,1.3911223677131377,1.719998047174783,1.418679531601828,1.7296168973594077,1.5332217731902407,1.538559616551199,1.2587610647570406,1.2689434815260694,1.0641823980960086,0.9921888141666023,0.8727875436986497,0.7892768471718286,0.607793009001313,0.5845605095046904,0.45851233074255743,0.18301999192633028,-0.03852917627496756,0.12825742938210016
17.54,0.4158413232786589,0.57512605013993,0.6448235753705962,0.6715915667233092,0.8701100912376996,1.0651447324723924,1.0623368650730007,1.2545352800865663,1.23969490374576,1.2347799236150527,1.3003044393231458,1.2683863245493014,1.5075315997713359,1.4778805274208504,1.3877216311657579,1.6436967489954,1.3743915757063239,1.5079685083459966,1.4163319054366483,1.5119875335604134,1.3273623204367524,1.3536584195376014,1.1639729464500654,1.0945906543410446,0.975185176204157,0.8120255784418828,0.7659121412933044,0.5662470207406536,0.49574946045814694,0.28869527632044956,-0.08917974283666268,-0.005891935619496913
17.549999999999997,0.4178845451664775,0.4934812864222908,0.6687422975702972,0.6920994327260093,0.993015306772384,1.1377818247335147,1.1833128127630967,1.2849179221090004,1.2511370161070037,1.2373910696251507,1.2560642271484412,1.3882163596679664,1.6811934716354513,1.5090130263099621,1.4212077604319402,1.5911992120149312,1.4138826019259758,1.5534679296114922,1.5338167186038234,1.4618630317300885,1.2538357793434551,1.3414855470878915,1.133652335681429,1.0176569976117926,0.9485197256613443,0.9209343307371572,0.7485133073033149,0.5406871942486446,0.3400509195176023,0.23007934043743317,-0.06476656275481253,0.1098400030958713
17.560000000000002,0.29581168072404496,0.5033582156124752,0.7292928009853329,0.6561915242049652,0.858855698721099,0.9297384144201789,1.0906825027079194,1.2836180979883292,1.25259903306728,1.117395764987352,1.1596847485607011,1.2577882126503983,1.5315866868257682,1.437766146319292,1.4436629569043502,1.6326323654174766,1.4119881133135566,1.6535111888287957,1.5115052480620128,1.5293466886434388,1.2367047704803207,1.272418021624917,1.1449769851417366,1.0238743420901986,0.9395560093386066,0.9978388210093437,0.6373539951067341,0.40052560550202443,0.4499011878172305,0.18571011414991717,-0.07926056253607422,-0.03059703654516649
17.57,0.32238287662269766,0.4750932998901375,0.7326185545973555,0.7331042281013662,0.8670746557865775,0.9489083758011042,1.0424484258487638,1.3064120713810554,1.3330751845791893,1.208042572486942,1.18571717730671,1.2639320786306019,1.611750805995146,1.4770343735759197,1.4139613530156734,1.5864594508890926,1.3975792156074534,1.5666005852320513,1.4869082120825587,1.4503621704052354,1.3290123571758883,1.3066106137573368,1.0549727496397707,1.0727764484007378,0.9632666419544347,0.9231352375515051,0.8186534613826539,0.6147560367999644,0.36581618721855863,0.12375196516630513,-0.00885223068675329,0.11589743618022524
17.58,0.3612545550150809,0.3861537099036214,0.6681019225774891,0.7649720073403979,0.8435764689536288,0.9715048059090166,0.9730031162917139,1.1804417313543876,1.3106833651887064,1.3385798188272449,1.3141719321958332,1.3733238721780459,1.5803219235076604,1.3971367677330448,1.4834943566398666,1.6945918174069519,1.3956575782456082,1.5539672520087016,1.4131325914996162,1.353903239925911,1.3266655000789382,1.3223364390035752,1.2045903255816135,1.0470342771411003,0.9950892924768272,0.9572061189674673,0.7804846697431777,0.5753674740191819,0.32645207148183086,0.08789944739582992,-0.03750020183660331,0.15834085914008456
17.590000000000003,0.312827472752917,0.5041511418862219,0.562865294472843,0.7212670837756517,0.907308211364813,1.0113889279661048,1.0918833920921975,1.2577282821126592,1.3369386097507712,1.2139867303311598,1.2932739283172647,1.428204210774305,1.618216975612135,1.484943056303976,1.3466376809505942,1.6922029236922909,1.4014790682847165,1.589320889274147,1.5746419371295195,1.4247475020813893,1.1765963444189362,1.3000719822126985,1.1822241775861586,0.9930047951928394,0.9137421417387096,0.8016648282596089,0.6876725326020867,0.5727285515327023,0.43534696974082504,0.2298460017422177,0.07865660052143751,0.10636642972864177
17.6,0.38429703464483367,0.38467800783714534,0.5352751141978334,0.708767468104674,0.8922950835287278,1.0040610127550662,1.0253196715434014,1.245563700867285,1.2222069729907559,1.243071111617747,1.252177991349258,1.3931220937774622,1.6291567352745269,1.4788835321907448,1.428352480192426,1.6248923893106542,1.364710040722386,1.5777939248806299,1.53205947202591,1.4936315292625844,1.208230222021197,1.370798353393321,1.090830215372979,1.0132922736680687,0.8445857676336337,0.8448349700807369,0.7296750363825502,0.6288351520678502,0.4520746365995199,0.09484208318090982,-0.042678319109767174,0.011118086833599751
17.61,0.33746193515024764,0.5003314279560598,0.5904968212768156,0.723301184569564,0.9312119460518419,1.0759781582679493,1.0506549012186894,1.2364531126432305,1.369594458194073,1.336532526513016,1.2988628810293037,1.346686240937071,1.5712412207204576,1.3536832502820744,1.4374320769620759,1.5932262797893244,1.447144163834413,1.4583975086599472,1.506094863448901,1.548481082612276,1.2500394486505757,1.2535166395939674,1.150118355462019,1.0614081858401563,0.9437487403106675,0.9445232382293712,0.7628370958279189,0.6120056649216961,0.3929223438255424,0.1674241640373595,0.07864664873359639,-0.020505080784303353
17.619999999999997,0.3238076269661019,0.4667643738669158,0.6330008276296377,0.711345404037467,0.8641821885333094,0.9804985183753535,0.9828503650162759,1.3202751278527451,1.4374536775653843,1.2652794306919892,1.3301730787823798,1.4834069491873905,1.7024801310781408,1.5046815824041422,1.3724482127150512,1.5657866915876404,1.3915761335510282,1.5130546947355406,1.5652884166563874,1.6055724163175722,1.3545048279807554,1.3257612537257324,1.2172392628624762,1.1339882735691293,0.9270159069119244,0.8122640167936879,0.8181713953018258,0.7170055359968983,0.47523521720433154,0.15476651237537434,-0.1530794948802635,-0.027223194165044616
17.630000000000003,0.28444686744772035,0.4622441339030269,0.5747245504440174,0.688832223558935,0.8539800820064735,1.0251549533154078,1.0568430454968147,1.1312606612494616,1.27375245844372,1.311434285500554,1.2775635608405478,1.5286205482032382,1.6010821811058962,1.481189302749259,1.4221696490136408,1.663346399960525,1.461430224411327,1.608785346028321,1.447849887894797,1.4946386246636847,1.2939981541999013,1.4013218014105338,1.139735066943908,1.002426370175082,0.9925620022194908,0.9242257222388942,0.6870467621580424,0.49104792676743914,0.4217321241971226,0.25650547914320593,-0.04500419541837904,-0.042492356644673
17.64,0.33767384639821785,0.49422430077721907,0.6457608816305533,0.6793629445233873,0.9394456765676096,1.0089750286050871,1.0334909297235613,1.372284910843382,1.4136283198457662,1.3375550161782148,1.3663140462592647,1.4725609743294406,1.6349305560715015,1.4979799235145617,1.4570046487497543,1.5562949358077394,1.5149682736007946,1.6447869641269857,1.5062330436013411,1.4905350343899804,1.35282467877318,1.3365979020050407,1.1558597841628926,1.0236595406321238,0.9586898324259548,0.8548156294016492,0.7631434173339193,0.6496306780042497,0.3284254704536251,0.05332404544791945,0.0050389994043843755,0.028217271334022943
17.65,0.4086694523497658,0.5535151243747365,0.627061167974467,0.604934204690999,0.8455402454122136,1.0432442419856025,1.0493740562290381,1.3663310688699997,1.3586135096685146,1.297882003578703,1.3410050533547206,1.5211268818814982,1.677788080793314,1.5748320056457428,1.4602937733155754,1.5570719571291107,1.3974344960902214,1.5811157713724646,1.503574690288277,1.6332646087308416,1.2649383477950735,1.2923549482563663,1.1693127996609611,1.101806181743403,0.9445980628893306,0.9167525360369577,0.6169568096482931,0.525643110198122,0.34710018394942416,0.2016620231824734,0.04360788885898831,0.05046836912874629
17.660000000000004,0.2543858037496944,0.4889470002654194,0.6744003308916557,0.7284670048084574,0.9294473020922538,1.0405463168334852,1.026989828836734,1.3223213116401429,1.328311057710005,1.2775784019025254,1.3207557212997212,1.4485443946201113,1.7416417845547927,1.5324220332794716,1.455896123018447,1.6778350450195862,1.4285002706951726,1.5772401460334529,1.5079171370847944,1.5183491810023702,1.3082490705778427,1.3643639062632538,1.151768829499928,1.139310607259105,0.9507435480759232,0.914328883544337,0.775478924886823,0.6542409555821715,0.42084489798783575,0.24958308482296448,-0.07951001314944106,-0.03329862642292643
17.67,0.36399783652329476,0.42009793449353217,0.4931639482399147,0.6340145488936411,0.9545783214813192,0.9960835338838411,1.0220574136516698,1.2410677905408078,1.3605964481536414,1.336137252538702,1.3479759964594868,1.5151892079274465,1.642801708669849,1.473659465421115,1.3393465456001372,1.5917096990193884,1.4747005618180329,1.576585129859925,1.4947748625046076,1.564202271673187,1.3958665133920356,1.3140400979400824,1.1497804748149916,0.9847017260372403,0.8641852181184757,0.860032351607134,0.682925484082375,0.6426315829900732,0.34933283352199934,0.1420216729212548,-0.04860624664988087,0.16364385236643916
17.68,0.41076863387228046,0.4790970838312925,0.5944667254071944,0.6942774638471072,0.9276759457328593,0.9704325232584197,1.0906026820731187,1.3456904740762514,1.2780537548584756,1.2776318934950417,1.3136645591778133,1.396399862535242,1.643635827270691,1.4430445679935837,1.475361721465061,1.5802497208334503,1.4422421725097136,1.5471501870082591,1.4771017401773716,1.4345858741684028,1.2800384409742602,1.3041299155504251,1.0662291073327455,0.981877549881335,0.9745039101859081,0.8431877004615042,0.8061084202651888,0.5834176128953975,0.4312992079859941,0.250425885373807,0.07066815481816871,0.03226362569803029
17.689999999999998,0.31657273351330617,0.41305629791842924,0.5304447699182714,0.6564889746055332,0.941963163571028,0.9275976500259132,1.0807603180919665,1.415113390919747,1.4588698917712133,1.2130288576282817,1.277969449688032,1.5351950283444102,1.6651976165789655,1.4415230791142095,1.5215698729949638,1.607584711619502,1.4183337406152874,1.5626785153538136,1.5087259218315583,1.4830177478342117,1.3247565440714666,1.4594326022458917,1.1806020663854824,1.11339469033413,0.9247034069646929,0.8958486188605425,0.6523841085839264,0.5729508523212098,0.4364385338747956,0.2662869018611171,0.05027799603161681,0.06275528729014869
17.700000000000003,0.26216468626430967,0.43425544560974694,0.5742975269351158,0.7003968676307277,0.9532391944277897,0.9843331338694813,0.9770703840165477,1.2989151453042282,1.4733897162424139,1.3240573870348422,1.264114554603301,1.4223365558805967,1.5714440037116784,1.4971674863868167,1.536816582970535,1.5959560822916548,1.5419063819950425,1.531834916580778,1.4923675932962832,1.5503343677198496,1.3392445762762182,1.3252442445751897,1.072664967326042,1.0581988769232238,0.8085190082895929,0.7928063175388206,0.7073441409734593,0.5807864471634294,0.3333948599132368,0.1343439554704804,-0.04381202942855253,0.028531439919514328
17.71,0.32678846488751145,0.3591800640638715,0.5713183259235382,0.6300659486059199,0.9486068707428895,1.0903794298613663,1.1578211377274121,1.1912914133812913,1.3436633164339076,1.1458878741636158,1.3655536881713701,1.5720368413366619,1.7177878274694245,1.476758812091687,1.4052653396243555,1.6219435835887852,1.497779873780455,1.5808938227578562,1.4793855478757107,1.41692253024141,1.3630840000542879,1.3417134090941,1.0637028706429783,1.0898596306765866,0.934713080688284,0.8624693895983286,0.7032047819284865,0.5867240796717337,0.34917196632751135,0.20483042207658655,0.11186363537698298,0.08524589637507256
17.72,0.304306285475758,0.29376682936086784,0.6038348793736606,0.7336722423574367,0.9683265706652722,1.0139643048245555,1.2431045221265282,1.3874757254517998,1.4573354105876168,1.3290786398031675,1.396352786435822,1.5422981205659074,1.628468860994841,1.4162653864312311,1.457068222400981,1.5054009308242704,1.5018644384037583,1.6539522556175128,1.5345018850661374,1.5134607379235825,1.342545379854741,1.3633222221021652,1.1401647858853297,1.0871448853505254,0.9484298150075791,0.8601343884095661,0.7405401560521948,0.619503386942853,0.4198896979945144,0.15820488929664586,0.058041743930856406,0.09652773638559696
17.729999999999997,0.278180970510028,0.40716181554137515,0.5317914815281732,0.7004275538738753,0.959863885903555,1.0461058160166,0.9675327971585842,1.2509387700905943,1.4729028600848937,1.386737438313978,1.3904821561358038,1.485188160040499,1.5347365443621528,1.4924341022859613,1.4069439909002193,1.6293042637612112,1.5457047960680934,1.5474876739403516,1.3053005806848803,1.4334089200551652,1.357746683728101,1.3251163744684342,1.15416933562963,0.9915951867523028,0.9025538115270111,0.9301661043576518,0.6878582684259317,0.548262487060346,0.3963723326826143,0.2048017102033959,0.05276008741359538,0.057290280304123045
17.740000000000002,0.24506090490412397,0.3989383776941039,0.6663855830827132,0.6613480248046346,0.9407738521098965,1.0571324355979996,1.0750034482107924,1.2534878859441068,1.335932372352524,1.4274316833862102,1.4405417011120973,1.540408110764735,1.6484021251639376,1.4411879499588776,1.5295589389628994,1.5261602122044158,1.5150827926531982,1.5760142867928606,1.4955257807295217,1.505930640443746,1.328441858444635,1.3473304953135838,1.1179224047269454,1.1089697844990096,0.9014016875572914,0.7031214491362889,0.6455124672365452,0.46665690006490224,0.28316155809169896,0.25904485271854333,0.1270836262781364,-0.03755686979680829
17.75,0.2965754502275437,0.46451759081984073,0.6283287093177532,0.7098688485350046,0.9329374257356325,1.0807705268048968,1.0535362090790148,1.2679133135019682,1.4320941547748174,1.2947152903742476,1.4320880263883629,1.6522126994043718,1.703977350706199,1.540590260796287,1.4124447966056612,1.5259426132408915,1.5279651103013625,1.6428801338625427,1.5630044539068941,1.4749817335596014,1.2456195567264836,1.2795984025113687,1.102862466154257,1.047618037000323,0.9051533488514045,0.8560326378479778,0.6492980236603532,0.5956433861636884,0.3015338652647392,0.16983461749388326,0.12094207982161354,0.1357611521192785
17.759999999999998,0.2687460062779151,0.46866937432669586,0.5770389241393069,0.7826247986262866,0.8888698777663824,0.9313634615089154,1.00798444236435,1.2909832733476128,1.392025882308728,1.337186225850087,1.3601997475778722,1.546078785744302,1.5292920873755884,1.4243461271936575,1.5968448879729995,1.642457318747412,1.528312792988688,1.6216754048467776,1.5575418445382556,1.5047898859781703,1.3341329345531936,1.3377704942098567,1.1450243664536799,1.02975380674554,1.0218650706938657,0.8550901450343311,0.7763363919964343,0.5359700992394263,0.49098364802813177,0.24786110740841438,0.03429937858453392,-0.0394966270688658
17.770000000000003,0.27839006106218345,0.39934743243041476,0.6465458823213405,0.8025079620794262,0.9069937738064568,0.9492275731970461,1.0482013813990523,1.3506984304931449,1.4044547990193954,1.401484252442931,1.3703191797231085,1.6723843121194912,1.6153178910013524,1.5125982015018995,1.5951083027496762,1.6560015567014785,1.5506142189512537,1.5776782425201388,1.5299059549952674,1.5204590866218333,1.3197085182501191,1.3401969778621041,1.1989406886559073,0.9523989271268746,0.9922624864876332,0.9015427180995075,0.7397612243913572,0.5454396863716174,0.2989921282845441,0.22285795971736386,0.01820741989925484,0.057064860383823635
17.78,0.302331397979861,0.4385326984954374,0.7253526855570959,0.7376614199363503,0.957130220504852,0.9517162945952038,0.9957144350664937,1.1931158155595265,1.3764841369144294,1.3717271041894783,1.4907221480586605,1.6390011491818086,1.5651033220195059,1.4175265365842198,1.413083835271683,1.6275339722908193,1.6009110067138232,1.4661971707299015,1.4758693512935346,1.4213061798280853,1.3191351262332345,1.386039606366045,1.1234399227371226,0.9492581087635596,0.8849671009389836,0.8416673893880808,0.7862015620612638,0.5848451801797168,0.36477788212826134,0.0516528568680191,0.05273536254527041,0.11997738678821225
17.79,0.2542545279084447,0.41044113902810475,0.6722023081181315,0.7683258425485634,1.031213304939527,1.0462398586558113,1.1629582512784065,1.2811940702351816,1.2942712453249792,1.3514091801789017,1.440173403689684,1.6626547039636983,1.5742708861186858,1.3910528504048472,1.4939299738265064,1.4370037116133692,1.4319470345973275,1.4841478541332154,1.425059583725801,1.4093018165548705,1.3421925346576875,1.3143946174802197,1.1787138012230276,0.9748834256088283,1.0280512150734138,0.850008091118264,0.7148794709265189,0.5630896673602136,0.3661462222046168,0.27826107669741695,0.1459197457934516,0.10276048225509105
17.799999999999997,0.2697677238546565,0.4745397168480015,0.5909781734142582,0.7341769254957295,0.9995810088700873,0.9697884452259665,1.1416349850607794,1.2861993414252142,1.396987729227639,1.4280384516648936,1.5126472971988765,1.522302455241406,1.4444047176740582,1.310949029327755,1.5004025475056322,1.6072555953600096,1.495083726785758,1.467690045111794,1.3334780346134072,1.3438691673479788,1.3820340439598038,1.2668994707956456,1.214209081208692,1.0343350167886642,0.9664964920122119,0.8645607758974626,0.7370523365993141,0.592789180549592,0.2426378269844781,0.11427684989905196,0.09822525299136996,0.0899758016076915
17.810000000000002,0.279057605600727,0.40636193716163505,0.5562065844567291,0.7519083469464439,0.9778196196393126,0.9309251859082796,1.1523498986569358,1.270716132108259,1.4166223153056916,1.2659456763221206,1.3998062648020861,1.545536359259637,1.4913704972205977,1.3871173610145884,1.466766977836172,1.593052795201579,1.5051707191139612,1.474822528292017,1.544052869901678,1.5319525724225516,1.4144945164786142,1.1956896821037892,1.1382637200891557,0.9549281588105872,0.9486946621994072,0.7780312465420746,0.7894536972804476,0.5976337415905228,0.3863880415559713,0.22300404732570125,0.10207968535546313,0.11160556728289267
17.82,0.3038597847270229,0.43860571664980363,0.6824672740527038,0.8089360551691952,0.9860811346471922,0.9766226600230017,1.1011511349244083,1.2679401826407786,1.4096897627367473,1.3733389517812895,1.351931276904193,1.482734296885401,1.4922970658150394,1.537630862145165,1.4647872676850857,1.4673627991054987,1.4760489874152498,1.5805785806992947,1.4602208064089517,1.3882305365719598,1.3196417580380113,1.286531203964214,1.2035717934430628,0.9967384832147295,0.9644844211271519,0.9247623691460024,0.6457180820910309,0.5558129028497449,0.3303654539456962,0.1942804950685456,0.1646929829596931,0.16891725886552666
17.83,0.19799552608207022,0.35206505796793464,0.5719944397763632,0.7751333366936883,0.8594614493537137,0.9375259496566906,1.0301988690855806,1.312559665026413,1.455428525702787,1.381371314698513,1.4793775458626475,1.622491489635418,1.511923680457236,1.4656673041682704,1.5464782173725777,1.5503457571585477,1.5924295949415408,1.5526985119171743,1.5607584068944775,1.4425937246278617,1.4654244639735188,1.3510967134853427,1.12184154020452,1.0169892041963675,1.064735020791475,0.9299231531398577,0.6938530346816886,0.6058914675728961,0.40630008258944134,0.3335320718895212,0.1538342350333991,0.1987166047425404
17.840000000000003,0.2855391631318579,0.4822212341121674,0.6271124093915642,0.7997213499032668,0.9974573256223804,0.969069077716842,1.059464720618303,1.1835342413243584,1.23953692163309,1.3415885972653085,1.5169040597578654,1.5479952349833423,1.430582487532597,1.4688442327851703,1.4394974803659395,1.4627977132114571,1.5294643955882654,1.6266516240585955,1.5707098029071507,1.488696389493065,1.357051515862404,1.3307125464696274,1.1817082509743073,1.12155736861168,0.9609063436845054,0.7921590943247528,0.5906958511064403,0.6476398352814329,0.3387532416074159,0.23103596174781083,0.12035573863535273,0.17674212873401696
17.85,0.3402568548197738,0.5473996107718813,0.6761401701383429,0.8562630723455271,1.0453753575919063,0.9774353387188178,1.0981704875803036,1.2216353801136555,1.408838965441044,1.2401919279926255,1.4991029432203504,1.6723801800646654,1.6079163429065342,1.3774000247573053,1.5288823143814616,1.542981249343601,1.5524939264644717,1.5942283249898221,1.5952496473014877,1.4731886072068952,1.4522771579188012,1.2529767656814839,1.189122916531527,1.0369448884788872,0.9649227841817047,0.8568376247020569,0.7582388828966748,0.5548489236712754,0.35496650156272613,0.23867522755464188,0.12243563927298488,0.1803503354391597
17.86,0.24687612068427178,0.451464365463211,0.5497388039585533,0.7936874706858325,1.0090438994033437,1.0126577640870065,1.1336501849351608,1.1641733852636509,1.3413836651513924,1.3658960038051216,1.5770934029443058,1.7096133493007701,1.5215685465133961,1.4158330738567877,1.4907468058051094,1.5608973626072673,1.5428300329193303,1.4661065701655147,1.5040409576286857,1.3876786972582442,1.3931297493356305,1.2392387848860726,1.186750186304351,1.0277999626611665,1.0688573152709893,0.8790318672467239,0.7849961436237406,0.6640349461347732,0.32996677473769476,0.2911626603722407,0.04962950444939955,0.05712886118009021
17.869999999999997,0.2823665350185224,0.4356571023479599,0.5249477507110921,0.7485788138932266,1.0126424994656424,0.9510173079595313,1.062242290906683,1.2242962919432672,1.4331636965526504,1.3277654530338718,1.3883077014539325,1.6131476239245228,1.513130254250055,1.3705768216186462,1.4877056321493534,1.5427889263105987,1.5470441667548425,1.490968305295839,1.5475474146212282,1.4584406501380156,1.4486517669982621,1.3756128556425409,1.2518268679098226,1.0855527541255894,1.0598131628465786,0.8701588292802979,0.7948042362813995,0.5923234161734947,0.30259756575219804,0.23152254029626507,0.08399226440438058,0.06887463947195235
17.880000000000003,0.2161609872060828,0.40208680379688466,0.5738349100460373,0.8109150553817802,0.9534405012152398,0.9246709341091616,1.0112584457965939,1.2011331013159459,1.4341154150618767,1.2021895585678724,1.3878238967418606,1.5990543088842881,1.5128126409032479,1.3424561971377924,1.4141680965991947,1.548678164470956,1.5399383293958329,1.471718510451689,1.446065969696235,1.3942480903497867,1.358571800707383,1.2407148147212945,1.1477273213495645,1.1084726457496532,1.1054010487375756,0.954566992554979,0.9385300985733468,0.5616319330529009,0.22653186483813387,0.23990413346411693,0.12325187635692815,0.20900658815471324
17.89,0.37127902620423736,0.3906035302796459,0.6198677136966859,0.8087190608148014,1.073865500997592,0.9869438753602234,1.117845845566901,1.187298564762504,1.2437882674088114,1.34893486217438,1.4522861705831245,1.5768164561898077,1.443414473510994,1.513800517913088,1.5069550848895519,1.5244563339676895,1.4905738067491354,1.4185926991688047,1.4138453399596516,1.4241782726836087,1.3899168025269868,1.3161334421853024,1.2440408575387472,1.108539216132741,1.0228056074733682,0.9277822591279836,0.7710066561302699,0.5952814053815695,0.297032611558078,0.28740703515748073,0.10721621901868163,0.10731208184499272
17.9,0.19543087099496348,0.37409856822410426,0.6415737313014981,0.8089690753886266,0.8717260231132953,0.8381846759672325,1.042071668872424,1.1588564749516292,1.3332785369818174,1.2883598294583745,1.3838649382244737,1.5745729882353443,1.5074128876611068,1.3886247331960593,1.5045106450806278,1.5346929270783765,1.5858026695370666,1.5236184874197283,1.4221993642985984,1.3545539196298428,1.3555154680434298,1.1665875972220083,1.1656419245578558,0.9583518270977934,0.9761497574565282,0.8544991815537436,0.7755707789690045,0.543862759659411,0.37134698538572186,0.32255794781228686,0.16066012905391727,0.17313495768831463
17.910000000000004,0.19098452559107304,0.37011591650840675,0.5364904999887729,0.7396398139756422,0.9128733403562642,0.9485819720478382,1.1032935637576289,1.2882761784351264,1.418134791341179,1.308333807081779,1.4536279771262564,1.5253267896023828,1.4789099754629584,1.434333035578,1.4934833620450243,1.4685798224180215,1.5276817015256698,1.4253186756995715,1.5110460828030878,1.426745743973775,1.3974889417999934,1.2994372636341975,1.1645468786376472,1.113899175100702,1.0268297978112715,0.9491849145281913,0.6796614205852538,0.6227497825686641,0.38347915834506224,0.22992719139022574,0.1870043771647382,0.2283120140272324
17.92,0.17437764330441546,0.307506142211485,0.518594461820894,0.7784694205382716,1.0434663346153497,0.8981812181570323,1.1801952863733072,1.1468577496029193,1.3058198225987658,1.2504720117004289,1.5659036828378592,1.6350822211318763,1.4849674542288178,1.3580361795652058,1.5022045250688527,1.5331922908208173,1.5216411869461743,1.4374486717303927,1.422400159688689,1.4560798065265064,1.3911882705550274,1.284207877974685,1.240846548782997,1.0729168897551606,0.9839716212480727,0.8847099801320892,0.7203625975954796,0.5659172146254119,0.3009386378874039,0.24044032779625887,0.2146023578056175,0.1862278818888024
17.93,0.24695960959169797,0.41275451809851704,0.5271778271976926,0.8210630083347787,1.0231033299128005,1.0699114195982176,1.1089334545929954,1.2013252021814564,1.463810392541288,1.3582846040333205,1.6062739432061433,1.6252716022685796,1.4236840418835328,1.3914043769469204,1.524278466536673,1.5870203832389262,1.466091817455983,1.5506798513945421,1.5946335633132938,1.3954824868214226,1.4502586784089089,1.253292239918937,1.1442506100139778,1.0951820616671986,1.0447262792638576,0.8559356299468099,0.7428609763830498,0.5878144698699366,0.24682343691482572,0.17204329768527216,0.13167704459210156,0.1060729785962144
17.939999999999998,0.2303122393032911,0.46301987787942833,0.6139262999594037,0.849299645583286,1.0075729547695118,0.9595384958143232,1.0334483400421102,1.0944806026921623,1.371237733648731,1.3673070115179795,1.50206121068362,1.5448614128755085,1.4638036498884541,1.3945744845460775,1.5100997334221447,1.4754059779581778,1.5520012881473986,1.5249727224656362,1.615330609017459,1.5046763440291169,1.4805655689383659,1.2115707551655315,1.2033364066444148,1.0376074376237228,0.9559288245941451,0.9011275593569231,0.7503855495778774,0.5659233392308314,0.3306681055726768,0.2722510127064733,0.08530867924408188,0.19964438321128933
17.950000000000003,0.2718545555267961,0.3992749925999155,0.5330114464449606,0.8419264348891162,0.9950050320337539,1.0345893358843268,1.1632663648172175,1.1920995973302553,1.3539894353146065,1.3593710740561384,1.5130166445455033,1.5312623522939202,1.4386862682383956,1.4593645762258536,1.5108161925139283,1.5160340568373145,1.6067124254061746,1.5078303558215835,1.5836997163011168,1.4251267236479048,1.3827524232701023,1.2436350795683793,1.2769050293307755,1.1414479973783769,0.9578359474059976,0.8669507512530876,0.8101592065683875,0.6246561351319966,0.35483294551152533,0.2693430025779909,0.12284464163257902,0.1441938955599822
17.96,0.29554004525858996,0.41645278735522634,0.6496780619257344,0.8720523047793656,0.9767822266771109,0.9389275756833703,1.0522904258286865,1.1284378448738352,1.3957988973070399,1.4600280100990446,1.4318021323825538,1.5043052981175584,1.6096654870573763,1.5004726824244086,1.497887193958255,1.4878075528243278,1.4231837389396353,1.437712456557503,1.5755908116618262,1.4814743613936054,1.4193996409122225,1.2879839857555617,1.2110132355556489,1.2300005752989032,1.066875005940103,0.8778373835778562,0.7112347822469184,0.6309244018432868,0.34601453267669824,0.3839335447605895,0.19323555153362576,0.1275692911681601
17.97,0.2834195671288188,0.3811635908702786,0.6308799502217123,0.7847997599031458,1.0318752116911238,0.8792225992921163,1.070820726869763,1.152539423762358,1.367830639577943,1.4227815485548427,1.5432066113536773,1.5134133281535584,1.4632676382873486,1.5028358350921167,1.5019077523786055,1.5489464507509665,1.521315892677108,1.442479325725919,1.4368216638535436,1.3235505812400326,1.3586022537865277,1.1942003801513548,1.2298898315408373,1.094967666114097,1.0269379021297154,0.8854217131616448,0.8044244846099418,0.5880279331279061,0.3527684165986887,0.34305515228732175,0.16062182807428266,0.07283315754564079
17.979999999999997,0.36003472549919996,0.41072610339921795,0.5086703326906384,0.7639885758901293,0.9578128117077056,0.9607549808870294,1.059599961058508,1.1349195182580583,1.332486523403655,1.3674941749208722,1.547235417535144,1.4515941185358634,1.4521277088599298,1.4193725317521295,1.5233869994871716,1.5127068596527309,1.5272188424655375,1.5344430963266036,1.591820584767955,1.443590022681337,1.4211846398621257,1.1869007437758203,1.2712582926817757,1.1463859787839001,1.0650553586371867,0.9790717297676652,0.7583462136667888,0.6207641407721622,0.27377774624966966,0.20069286991349522,0.14833568484251705,0.18821040831662908
17.990000000000002,0.2706493978701745,0.5292082713780594,0.7065955528470167,0.7279986804645066,0.9239896703934808,1.0224735185662497,1.1561101772740372,1.3651717821955054,1.45602028322062,1.5165638206503387,1.4798381153389784,1.5593189374508427,1.4678690926469637,1.3148730964707858,1.493780469227202,1.5318677190088585,1.5292678753253859,1.545772678746665,1.6061518021078853,1.5593112505490845,1.4742625845376987,1.3183090924283085,1.2260317643950291,1.125890512429618,1.04553474985296,0.8540530251457243,0.6735774315653145,0.5993884689947961,0.34237107756709595,0.2764993262378176,0.2087231626509335,0.16467059851993246
18.0,0.2863661333422048,0.38924828054086114,0.6618001709815092,0.8749999278796666,1.0123167042132837,0.9971027569700579,1.1999906165133343,1.1314454871610526,1.2474323697712448,1.3953232481661437,1.5274219128625228,1.633151285288466,1.5001885032079656,1.3715415254343788,1.56526731685061,1.5442743754954638,1.5807796179994005,1.4545754085674834,1.501513243319652,1.3617804937102795,1.3555937906848217,1.2652218400883728,1.154908067365468,1.1137761499253471,0.985223791370495,0.7885945794604913,0.7392789259789669,0.5664161739925109,0.28944945272365696,0.3316116261120564,0.14890843094956707,0.13650352515720632
18.009999999999998,0.28252031068366257,0.4204262007534627,0.5981599486352295,0.8272948807078331,0.9626389375935241,1.0747323506478472,1.1563313074687385,1.133096500488062,1.3948862592020905,1.4776323353743417,1.4669923372529998,1.5192900501685633,1.437011207586389,1.3799147274234163,1.5526689585255993,1.5770791100732293,1.489807249589534,1.4876759956774555,1.5938273620896506,1.3960516583581923,1.5009577800479168,1.1995091059130805,1.17481967844712,1.0752849189959568,1.0828936604184174,0.8646291025527582,0.8097909154252768,0.6188262506939874,0.3350209942009073,0.2063282388128993,0.07457567637496844,0.18023034584362252
18.020000000000003,0.24483963545772597,0.460658998585794,0.60723492773841,0.8369837814493466,1.0394639934713827,1.0378979873106349,1.0903287896662626,1.2088349264814766,1.352010135777542,1.394886753598002,1.4390022900981685,1.6363814505031455,1.5838970079668457,1.5951163987030954,1.5920155582866073,1.5855883983396066,1.6300757114167306,1.5070603703090817,1.563772774375872,1.4896390918885722,1.5077430672160308,1.3058075546654222,1.2351542708182865,1.1276860652714542,1.0052924239505943,0.915935913320278,0.8361068547895066,0.5821000775280155,0.408790344688487,0.36132938624773203,0.1165822053326783,0.1007088767880413
18.03,0.21676764144380584,0.4446155486291971,0.6339169312362892,0.8776755300042258,0.9711786910267706,0.9819289661958737,1.0703361250872971,1.1619201187147565,1.3663568501221175,1.3530962162768065,1.4825637586261289,1.4238149556107969,1.4386130515427404,1.360286532140427,1.6025035240646108,1.558676048013122,1.5674215813180155,1.4526906190891382,1.6210388918972658,1.4610944173479246,1.4764924210296086,1.2858473879998842,1.2873560988548978,1.1312606796116784,1.0922734281002482,0.9835129065812873,0.7598437879110108,0.529920063673345,0.27315914169806355,0.256005501550174,0.11084501987444177,0.1701152424123774
18.04,0.253444809665533,0.462678110492322,0.6664759649550247,0.8869945764317839,1.0613875528543848,1.0093656454339581,1.2165672629852093,1.1861186679140918,1.3547217743539508,1.3304463293987665,1.5204983088614006,1.4957210629406543,1.541509809387684,1.5257887235763632,1.7255751052540398,1.6230293453160207,1.5678770119325647,1.503570041818259,1.7164854913596803,1.434088686499919,1.3929959900029631,1.3436336855987228,1.3151002677446588,1.151727038120968,1.0559499213495134,0.9110228728605847,0.7584810956807067,0.578231213719676,0.29273120513467626,0.2948239011957653,0.15900226334340734,0.1696878570636784
18.049999999999997,0.31241301274813993,0.5038903337179171,0.6484983136926802,0.983729269974425,1.018453498962598,0.9404552171384748,1.217694813999766,1.0732987270211338,1.2957859465883181,1.463763513971973,1.531416878055909,1.5675556195981148,1.4884827605141115,1.381305241809185,1.571527043609164,1.6285161049179837,1.6225969179446733,1.501461382519739,1.5672312434068212,1.508326597035686,1.4799749418545778,1.291505400604426,1.3551853550428328,1.2520358908841998,1.0731415397173203,0.8594580218338052,0.6937797383378448,0.6217531542209814,0.4138944500612716,0.28469827970922956,0.06292141039008883,0.05404020288715096
18.060000000000002,0.2935473530698843,0.3381832933614087,0.5792101327593854,0.8539511261106837,1.0333859217431651,1.0003866583059122,1.1646156246771204,0.9885781647292168,1.3000751490258633,1.4276097471914846,1.5010393547280116,1.5372157278864158,1.4605848260390295,1.4500253327119368,1.470844557791629,1.4783164155275732,1.6042784170492297,1.5452961570745167,1.585827208144881,1.4949280821645548,1.3716948169395158,1.3088226889782277,1.2479630930388925,1.2749266055234807,1.060899531752447,0.8430885478336733,0.7972537394543154,0.6572300062610374,0.37769768963835004,0.20511461873408238,0.06343939032632248,0.08623385899959088
18.07,0.3094328061377208,0.48837542838969694,0.685681880401284,0.9246081933841143,0.9553424001535662,0.9487983657288651,1.1977530468112232,1.151027491672688,1.2848292977522022,1.2957854842321774,1.3821034323649184,1.565925738985115,1.5555046780189892,1.4834849761327438,1.6744509202166746,1.6384977419366338,1.6739168947776653,1.5008642388396762,1.6676807480645293,1.510305848525983,1.4822604394641887,1.3305291755666255,1.316160108791091,1.2150662998819128,1.0487621336882773,0.906799533800369,0.838706241420763,0.628856138089749,0.2987084715805262,0.30422131533883734,0.09567137940719067,0.1818442728725937
18.08,0.24114888478548313,0.4771526475818791,0.659504839455362,0.8734933089074929,0.9036989413985037,0.9907282718778685,1.2950103519900973,1.1223631312805518,1.2667588762011557,1.4629327119039244,1.498658741931303,1.517522867003582,1.3920631906137744,1.4467045211011866,1.6475458755775225,1.615663474406106,1.5963279855301167,1.481918009402997,1.5389455869060078,1.537314135069696,1.3924087307333135,1.2091748332365786,1.2479019254154347,1.24236296445084,1.029743372551129,0.9205917950220712,0.8583695891985594,0.67690735649651,0.32964136436893676,0.2754064080749393,0.1448234499204647,0.14893382809434566
18.090000000000003,0.3022897567966082,0.5379984768636997,0.621803163570071,0.8988418958047817,0.9610913174210226,0.9978263617859471,1.1943406364332492,1.1606876314531078,1.3236912786536346,1.351106078410663,1.4929048208159457,1.489676472003243,1.519735686655632,1.361488851556862,1.6386191631987497,1.5692430182598402,1.5828939665270434,1.5110279745550608,1.5516723082384944,1.4882099538735236,1.3661972527338377,1.3038269113327585,1.3012896163291472,1.1437484055562426,1.1004150414604308,0.9158209448857795,0.8009475687948883,0.6322880100407666,0.37937066542189657,0.2803999592582564,0.056060173891337245,0.12092327137720318
18.1,0.2200771550689961,0.48304294796973685,0.6319251830361313,0.8145840487068172,0.9574817550404428,1.114421375643468,1.2435193635483517,1.0887753845934556,1.363547375417131,1.5031480385276506,1.6090384544984089,1.4890217692109358,1.4435525453340294,1.398058176668694,1.625885519082032,1.52051784498241,1.6167558946684493,1.654191469163978,1.5639065519095001,1.4641460727545754,1.4059827541228087,1.2928058045505033,1.1950375927558827,1.104430279068633,1.1650528330021308,0.9883602773834883,0.8590652732204338,0.6126232649644379,0.38556962447998966,0.309313999646153,0.10823893274958885,0.13876696594409796
18.11,0.24234496060491892,0.4806856206574189,0.6769581908277656,1.0278984150329087,1.0750727523287402,1.1564488262414758,1.2199334158098312,1.0550478844539484,1.2892837975453098,1.5363189149026257,1.5307480643780627,1.49084046333394,1.512343959699146,1.5222716957407032,1.641231823833455,1.6114347541005565,1.6002254263005762,1.477375511285265,1.5264964602605913,1.464619186220282,1.4336769111234071,1.2350632991203276,1.3175184025991906,1.2384419890767118,1.1897312481172369,0.9746772300781056,0.8449825363218259,0.5296057519942683,0.36425277320021787,0.20535746887891995,0.04405181135341836,-0.02646386375610507
18.119999999999997,0.16966748215977945,0.49932934450029864,0.6164436655809137,0.9048967147298633,1.0218637623385813,1.0809511450667837,1.2288069330755003,1.1158011907641767,1.1868902921649325,1.3854476210158215,1.4722490093235319,1.4467427944106312,1.4265804443724943,1.4109573698813356,1.61392520718147,1.6056592540697134,1.6254850371671892,1.4838722108724816,1.5711387946047823,1.5213645899285182,1.4308141189755037,1.292273414557177,1.2443882737777696,1.0958051809203038,0.9861953083132884,0.8846091754370491,0.7753678027412181,0.5974174702156841,0.2874134789027549,0.2924946951937006,0.03613086647017227,0.14994628787736028
18.130000000000003,0.3411537653460566,0.46172091282974487,0.757038915903824,1.0559862668421223,0.9563231443306579,1.0198125454303775,1.2617441877974083,1.0930765076150863,1.356270345042602,1.4104814121180491,1.491870532436778,1.4357436091388447,1.4287309530410714,1.407750698821576,1.5442290391694664,1.556289172740652,1.6279038455879076,1.5319743578350056,1.5509550519325481,1.4897671657814853,1.4051455397884811,1.3242490955664656,1.308806359151145,1.2019579324888772,0.9686899989311578,0.8517513793422375,0.747637754824044,0.6640094328482326,0.27830591981992564,0.21687620246689182,0.061236443325046644,0.12388924389878736
18.14,0.2910323465557475,0.3656205512482894,0.7066688411398956,0.8630751797362697,0.8776753351405517,0.9768857673508013,1.2567525858414466,1.2041856045139256,1.4123148024084518,1.4706864109296216,1.4666040299855214,1.399393213810607,1.4089098902307589,1.5056838746332042,1.579980741580274,1.623166552561673,1.7027967737130076,1.5161333760242939,1.5348353187684434,1.490818528899053,1.4783462276795525,1.2886246642546304,1.2505024541244607,1.1129325263541177,1.0466019845446497,0.8915183385603623,0.7038882182178469,0.638211494420753,0.3886195325737055,0.26150929048196353,0.13436088147595343,0.11055552806546191
18.15,0.2649979186740382,0.4539439473387718,0.7113624313229152,0.8706380974992173,1.0364121182067647,1.1408998592061341,1.2548929629272045,1.0769377775285793,1.3283541759499835,1.4982795315112023,1.520338823684392,1.3588688619025624,1.384802064424525,1.4084248616727222,1.6079110552606128,1.5285449979523027,1.5436588106559437,1.393860830631632,1.5461066712551585,1.5034788535282344,1.4633656641938648,1.2509055588155111,1.2928367694550058,1.1567484855724246,1.054891738537913,0.9344568311438617,0.7986918107091109,0.6261236721554163,0.2988257294840106,0.20317101748930094,0.07961804577185796,0.1563513920648985
18.160000000000004,0.2853944413057349,0.5642122631551773,0.7514789555680087,0.9323313392562652,0.9101722406153339,1.0904263384110597,1.2302656996001797,1.1037433827220842,1.3765486832274187,1.4791566939025853,1.5489688619944177,1.4073571033531935,1.5610855896495903,1.6469393158130625,1.659743646684523,1.7056251683630874,1.6923674518463538,1.5114139075483761,1.5890432178238187,1.4715347726359767,1.4185741187079883,1.2579751219896433,1.2670433145619102,1.259212775632633,1.0658000269192773,0.8048393328762211,0.7519535467805661,0.5301223601627193,0.20876918899620084,0.34082129073169465,0.13219572432526402,0.021141656534525884
18.17,0.3210834954327133,0.5815199173266088,0.6045813305501554,0.8993923767271357,0.9711507719322903,0.9699212259676451,1.2428242615682725,1.2852009283155623,1.3142683042209207,1.4887979083253802,1.5439708503648173,1.3740624219369753,1.4281284083662713,1.5010613070476317,1.549647506896516,1.5266932956621722,1.496380520955227,1.4249733666501165,1.4731237035079614,1.4235060611145134,1.39572047482423,1.2730894246462425,1.1728099059927364,1.21581219166015,1.0051176505553578,0.7835911068706825,0.7285875826208269,0.6013773176110212,0.2864653033019602,0.22495281356148697,0.0524876774859865,0.03535336207867411
18.18,0.29057112756966796,0.5141153574069575,0.6868211513645424,0.9351282065738356,0.9085470056088067,1.0865965931606936,1.3162125624790404,1.176732333292872,1.3645166113812248,1.4020172822287664,1.4898694944657047,1.4640825739878012,1.605403667767407,1.540932075651086,1.5231391894792026,1.487616124697499,1.482878384359973,1.4629867660648532,1.519384860377887,1.446037887656908,1.456015986415733,1.2006204904338922,1.31249948100849,1.1795989441435069,0.9927198500403582,0.9353541017744902,0.716215739633506,0.5464469274351519,0.344922681185106,0.17136005895822798,0.08446888937711867,0.02862686766737354
18.189999999999998,0.2413199445595594,0.614485899433937,0.6776787235955128,0.9144479032341306,0.921702464225202,1.1325001511294714,1.2272263778733752,1.1340490480917813,1.3240993609005356,1.4509111228864393,1.4926384279454936,1.3614011190976805,1.438735768552354,1.5363572299508546,1.5814543712209,1.5978345289673705,1.5821726644391905,1.5616388253876692,1.6110753065818768,1.3872965856603812,1.4589842027065192,1.244605021699131,1.1443393491638396,1.0191807365936851,0.9335070505381665,0.865768668408143,0.893673333379597,0.7122137075816775,0.2434461986128097,0.13411295616873964,0.01278932699338792,0.05264070211660092
18.200000000000003,0.3526607493672944,0.6062815123907817,0.6927051957398225,0.8857699417195558,0.9472154867975733,1.0713868484800542,1.2218880246651804,1.1721860576903946,1.2867149114188752,1.3938337462415988,1.4376128365215355,1.3670905255045727,1.3596750076072452,1.5723214985869791,1.6399280349246244,1.5731614318311076,1.5508929033363617,1.4909835907099733,1.5984938134716704,1.4743624350092828,1.3450361305500318,1.2356635948635426,1.2229853817499392,1.1541799360991003,1.0095460523169058,1.0106557925820299,0.757835618440051,0.6072317752146185,0.30195024946102955,0.15554354061136777,0.05212560985848568,0.042225593742605955
18.21,0.2735810754581484,0.5683876544066463,0.6957345427535734,0.9000472012712056,0.9066841685501522,1.0909132452471382,1.2463251101336958,1.1410251223547028,1.2538184136050472,1.4459504470247755,1.5194554055321159,1.3555640481636875,1.4734087660096258,1.5539958685270192,1.6374337975142645,1.6865154300154053,1.6496279444404418,1.4547566477132858,1.5057202345342342,1.4102621715489727,1.3876315385279143,1.3430645721236147,1.1717578213946205,1.1556465718583233,1.0370921940919684,0.8850973067182337,0.6857224685228748,0.6110330458245876,0.35259786101629587,0.2173827651267599,0.05855174759092767,0.07601716565892727
18.22,0.3353475440260029,0.6418996947440707,0.7727584922555739,0.9912600243723181,0.9280391707213471,1.0944179617047753,1.2675332584457002,1.3004112858055552,1.325982229371229,1.4256385294660856,1.4390458904101628,1.3860824635168358,1.4812726214780745,1.5714325600297685,1.5159003438201406,1.5010525555534089,1.5200915086685,1.4820703876799957,1.6148638461643756,1.5202996186386175,1.4205188307379244,1.1859573132690957,1.2556450603878997,1.1574478698587796,0.9140976002496813,0.7737540203481048,0.7431201691995253,0.5749206810020857,0.422506902068639,0.20912878188210943,-0.03531659469870533,0.001321093502129736
18.229999999999997,0.3152331598560361,0.5308065985200371,0.7268275249057544,0.8303558261244828,0.8943331046513935,1.1019580099569688,1.3959558061664925,1.2168246041284667,1.3469024325597683,1.5547653298814192,1.5430077002518436,1.3204804478718812,1.4659498846414762,1.6152551906266681,1.6799916333228953,1.572816153938866,1.5463605453215725,1.5231570573331574,1.4707644500800656,1.448160138992703,1.3304936573374329,1.2273585705539278,1.1445451270416958,1.142874794102696,0.942925705290708,0.7688385987929289,0.6405970698159973,0.593792916363065,0.31039039498821996,0.14476528322486884,0.01427924020727466,0.02020231870993021
18.240000000000002,0.39424092429165436,0.6326590840222674,0.7079375548395215,0.8453671390179944,0.8756467640606609,1.2092494079638387,1.2353794660192912,1.1495065255365233,1.2519482174360665,1.5119270452667504,1.5033123405375781,1.3681573777065927,1.4708056672985617,1.6245546981351735,1.5883655622450366,1.5350042867167466,1.546857850890445,1.4308978840280342,1.4177441354600386,1.4005089987143744,1.407362723607924,1.1926378865004097,1.1999872313551811,1.0693603627185262,1.0205603414042226,0.827116384921182,0.7491114928062518,0.5328923889155137,0.25348309562306043,0.027456121781338674,-0.013890319864446759,0.036115296338090346
18.25,0.36189780557878437,0.5166262114555141,0.7323349399169287,1.021478508870236,1.0059972208831656,1.1617931532235444,1.1954167266170619,1.0609241384331263,1.2800195049791259,1.4699453193429863,1.4257426647123719,1.351860861453008,1.4261218432873632,1.4961505951070342,1.6041708830658425,1.5342705668436927,1.5245874735410203,1.3844698581956376,1.527741343448874,1.393549809501197,1.275730369605253,1.3169497585987613,1.3083875112900336,1.2498840311808257,1.0151699509051961,0.7884435085336919,0.7311799438551438,0.5466710631020419,0.3416514083944881,0.09899172828663051,-0.06417862776350376,0.01600697936516666
18.259999999999998,0.27786096337112165,0.5548721842267252,0.7302203214815652,0.8642558159490986,0.8864964562709043,1.109222470305506,1.2130496949625997,1.293828455470332,1.3994092553464266,1.5034965316647817,1.3168600560957786,1.268235727673563,1.439242981648591,1.5227464583418175,1.6217441825765342,1.6132659664341638,1.5512670641214301,1.4558306714832485,1.5179950912887072,1.476708628705867,1.3642429749167786,1.2243095929726593,1.2823287624724122,1.1215998258272748,0.9135131938074179,0.8195447739536852,0.804020443365553,0.6971897722361001,0.3524700596811525,0.1819377440275796,0.08986226584370234,0.03199101657189568
18.270000000000003,0.2725647218621684,0.5349214952559023,0.74231097788092,0.8574988275454497,0.9486582571696438,0.9959577328777347,1.2535381632100673,1.192325975594695,1.2535791943398993,1.438456511543008,1.4679138007091088,1.3186706932542032,1.3695659399039541,1.5238680575635444,1.508769016570752,1.4770737343311746,1.6160637252721286,1.4173157696432814,1.478338507868928,1.3520506262464163,1.3150053191838915,1.2068078828164674,1.3288492825402956,1.069237842847364,0.8751796961176567,0.8131139224505606,0.7474550762884119,0.5282428488031425,0.3195859316896139,0.15348168454416164,-0.028401366933901127,0.09417041523274262
18.28,0.34653255016924117,0.5475916789697182,0.6471497574034665,0.8924778280944102,0.8304423628330212,1.1135493016588407,1.268814393633892,1.306444547684016,1.3345856295019465,1.4783253050278509,1.5349732355907573,1.3592156387309817,1.3425846451390244,1.5082384963481121,1.5146320115770355,1.4946894166164426,1.536809969380801,1.4734885314061932,1.536351131080894,1.3757498173568716,1.315370011575868,1.2202301480456745,1.2286957322102539,1.0935642685108211,1.0042447613927152,0.7874619125750189,0.686554687067827,0.5743848998377924,0.29041386562540206,0.18319367889285085,-0.011039688769549059,0.03171535799836962
18.29,0.29266226820169855,0.6263756502873328,0.6529005543977666,0.8987708411668567,0.8962910430390326,1.0986416257377756,1.2879938697550357,1.2906571270254286,1.2644788782612515,1.469130379495891,1.5322016992042475,1.393393153221322,1.5255439734512424,1.6334215601168216,1.6987847746372555,1.5480153855796135,1.5424235780150537,1.5788696672308036,1.5172959924134184,1.3552509616002233,1.2285955833417248,1.1676466298987358,1.228201073103943,1.0447709456202705,0.8242857233529236,0.8025987373327643,0.7235805928853406,0.6127278172029318,0.3412284631887796,0.13264787677610274,-0.04999909704156043,-0.08461281516076437
18.299999999999997,0.3320118087751957,0.613372179519583,0.8003898794462786,0.898339921985133,0.8581020545322511,1.084370525705995,1.2841481493446736,1.1495807812221412,1.2287529681593796,1.4788901311661067,1.5033069652991542,1.4263745223146493,1.4883608078171846,1.5384636462626118,1.6155625635761173,1.5633970494350478,1.574171334255373,1.5222006092255107,1.4680290901034372,1.3160381073114336,1.4149504503540022,1.2214183174471194,1.122075675121343,1.0336009140733728,0.9862742530415272,0.7338363308856052,0.6575543129602436,0.5147005996319138,0.430671705267315,0.217132268556492,-0.014321399158901769,-0.006618638307533377
18.310000000000002,0.36952747388406515,0.644140619209841,0.7157098904922516,0.8618863796995039,0.9207257122991447,1.1050233073864981,1.290507356591017,1.1755363691848937,1.3380332877952679,1.410375549571454,1.4170995634248036,1.2653896520005117,1.3265942709838519,1.5444921343307154,1.5440229353190567,1.5463455887350113,1.4979193204425356,1.323151518833033,1.3904749394393794,1.4142370220954532,1.3187102098289198,1.1465704972128214,1.1744214113726057,1.1148338546050722,0.9021209621480712,0.9416937546267675,0.7300111792424334,0.544884415085716,0.42953521261974137,0.2011185367096499,-0.09207428674543713,-0.011871380923660572
18.32,0.3037830326905067,0.618578681087972,0.7202623317165053,0.9417078722790566,0.8106232428069681,1.1256599162176255,1.2679197421558022,1.2758061964498657,1.2714135873405308,1.442034590064778,1.5097555737302517,1.4050897960600035,1.376213610703719,1.5948875006148826,1.537383411465518,1.4305816734473285,1.4467838721388617,1.4748776106260348,1.5196832332723644,1.4680039240383687,1.3213972973039523,1.1935731869378696,1.1649350515687802,1.0483828871100394,0.9260558897468891,0.7971585889957421,0.8382734263532082,0.6244884465213116,0.371071974171483,0.21919936087479797,-0.006515204520205429,-0.013353840988169927
18.33,0.2823184182533236,0.511661308742835,0.6146854646377622,0.8294530674740196,0.8291401381713726,1.09742048355052,1.0504873327698323,1.2251029938126632,1.2317204187320947,1.4453460380896554,1.4928726130796215,1.3311159166222337,1.387169018231451,1.5239686679556095,1.5573922493111865,1.4701190734598182,1.4255186446639143,1.4155473684626536,1.3978251411138072,1.3488338774114068,1.4212006564951654,1.217709077099216,1.1896232570662446,1.0881641843226149,0.9361873532994683,0.7981107015948515,0.7086080094265421,0.5859706499287358,0.412187634763881,0.2098103861003106,-0.0197232844842097,-0.006754923618058753
18.340000000000003,0.22082133706034654,0.49344023617181965,0.7910434395104562,0.9109544652539237,0.8560721985345621,1.0978479347011059,1.2353449318027285,1.2447734692860395,1.2266802108496966,1.4482466555740403,1.5398131772655463,1.3688056225742586,1.462617096939809,1.5737132035106622,1.581643516652762,1.4303884666248192,1.48682333653643,1.381510934767067,1.4427293213731494,1.2312196948579661,1.2567118792268133,1.183074772014831,1.125602447368959,1.0435807474530676,1.0214365125642857,0.8065462335890415,0.5940961340102096,0.5068352083055105,0.38970130252276225,0.21263335773210884,-0.027452720948395917,0.0007553597820612185
18.35,0.3711257648455731,0.4555582997812002,0.6971969270231723,0.884535938572448,0.874989388106091,1.164552873571997,1.2713481639438777,1.2476955675941326,1.2413048138227354,1.3992809761605713,1.494936409732384,1.315047400162118,1.378060017930514,1.4769093708815,1.4527329642345568,1.4615045570239764,1.503457318418627,1.4639074676845873,1.3782458609663228,1.3625646421381798,1.4501371332166546,1.2719346961407652,1.1553452039110346,1.0611384520841665,0.9695374248963462,0.7070276479770056,0.6676513813287113,0.5408814116659515,0.39639623178309097,0.2334668910841443,0.02943455526392577,0.033149734139117676
18.36,0.31143543319706535,0.6472027002183645,0.7115508358329464,0.7079022154719724,0.8091054772597372,1.0621059024721322,1.2534326843817623,1.240242771915437,1.3289966907344029,1.356034033769568,1.465681513648921,1.3997549769466564,1.4804250070508413,1.5832144667317511,1.5668598430541938,1.4585767112827255,1.5204812807564754,1.363776003251046,1.437619501865919,1.3210920894618943,1.3361377214485788,1.197792587812226,1.2535785721343604,1.0206452434727877,0.8813762299671991,0.7522668343923988,0.6299239214405394,0.4955596686269261,0.3881783261080491,0.19009791019521213,0.024377251202114356,0.0614942188124582
18.369999999999997,0.3080714694081206,0.5703503184752015,0.7053590957160988,0.8346508414555092,0.7787481714815939,1.106093983659354,1.224827758019744,1.1645113721876188,1.2019153589067004,1.5015855830476168,1.4244053322899632,1.3195459207133307,1.355078631441126,1.5703209162227816,1.5273908295019298,1.4596147162646358,1.513713688566978,1.364266259898656,1.4792962952530442,1.3299885879185607,1.2152775732321472,1.1513552486325742,1.1661474725384815,1.0668516938631605,0.8391365833124623,0.7050365197802448,0.6164622714763474,0.5035100231681563,0.3666640638584513,0.20108126173877464,-0.047346814324723,-0.030255007863362403
18.380000000000003,0.27928691685856444,0.541257771426405,0.6393826824636134,0.8388138170669588,0.8141776772935385,1.071387772224693,1.20764440639378,1.2093226668847246,1.1880241831232083,1.4270371692363626,1.45750894468825,1.3954178719291563,1.4137681883788973,1.6253773360176984,1.5329673940200221,1.441167532858676,1.407680585272773,1.2805512226443887,1.43676926886366,1.4165888440342724,1.443494743811255,1.1905573154105338,1.1394279010286659,1.1244869144043623,0.8889080208452076,0.6990295392853237,0.6775272106873304,0.5467751287736724,0.363802328953559,0.10081942036752209,-0.005005390567977351,0.01109629562435948
18.39,0.30161350655855534,0.5880711150898975,0.768476018355168,0.8076524850792843,0.8568119231948115,1.071743172932109,1.182412842328212,1.2345729821257998,1.223202190364718,1.4234261854799377,1.359669720703378,1.3328436600491127,1.419742920356636,1.5931072484533524,1.48248553830226,1.439534273832969,1.4667980687109639,1.355827407524086,1.3744777278211682,1.2937220625003287,1.3465435583928491,1.217353538731434,1.1857761337849408,1.0663540156680185,0.853397313528415,0.7965056521419999,0.6482729838843045,0.5092881600744257,0.4296774393540212,0.2580634658882844,0.04176454574974815,-0.005778919791019542
18.4,0.3773078374530387,0.5084675715411325,0.6024329918496502,0.7964950275178467,0.8699717712222252,1.1307590625603954,1.1865120276876198,1.280397997159613,1.3466705881368701,1.4401617492957475,1.4185776649888846,1.2936692212398122,1.4034403014092738,1.5658305193099675,1.6052895688121682,1.42050343291,1.4801513984812271,1.333996798612607,1.375295269433904,1.2776587718011103,1.3485721384877667,1.1243440086198377,1.1989249043809012,0.9764198944801823,0.9130250573035436,0.7389803004807257,0.6481387637155306,0.461949660359167,0.3373002636474025,0.1628285184051528,0.06711525688618483,0.06303537643348735
18.410000000000004,0.3617586180233411,0.592536618900428,0.7039778454145433,0.712019778434743,0.8711758212672363,1.175272031403699,1.1677494003477173,1.2344973984449215,1.2826484292263414,1.451355799138468,1.4992548628551277,1.4691808607158163,1.4240434564179434,1.5900312852159728,1.5801174154498778,1.4536962718627677,1.4821766728446675,1.4389717382479226,1.4132771798049901,1.2345305707152856,1.184521070655159,1.0950540818427854,1.101278991626015,0.9844086872963254,0.8777008281192005,0.8365392903806991,0.6371202438549509,0.5237931273440429,0.37203598542163635,0.21134393967485685,-0.032140898695735456,-0.05605129306507082
18.42,0.36254623322402374,0.5807641335707434,0.6918352595689455,0.8876644989378905,0.8691434740349377,1.119451980993868,1.1797358856130282,1.363552721354103,1.1913272250823863,1.3903891735414076,1.4686470467125345,1.3176676619173446,1.4477097838409718,1.5946240829658662,1.5553785357629015,1.3423923287708976,1.397682656383489,1.4379720762541337,1.4090950480103597,1.3348936864772563,1.2354135408752445,1.2095565093614236,1.1517202831757187,1.008021791494114,0.8624317009439267,0.7596719977760544,0.6758063851958785,0.4918369609410692,0.41178720572409655,0.10364409956093898,-0.03007470136600404,0.045267094804085396
18.43,0.38808950597029707,0.5653841741641036,0.6799482347539257,0.7750519780581872,0.7647062878285058,1.077516089246343,1.0941487309908837,1.3666874625583096,1.2703010548171596,1.4179600948120963,1.4807882448921792,1.3615918501982263,1.320016459656176,1.6013210238305506,1.4526658729561368,1.437599404548039,1.3874307778787371,1.3954014558071313,1.4154479686740644,1.3206601678505339,1.3552092013425852,1.1377104136482419,1.1519502764799001,1.048557309815555,0.9391750599363854,0.9277267721480655,0.7558030289003945,0.6149378318393028,0.48915692981905573,0.155456109605372,-0.0678087939465908,0.03349320797780711
18.439999999999998,0.2612205909368732,0.6468460602306972,0.628537362334065,0.699802166899723,0.9299057231817647,1.155635795121993,1.0656269564605472,1.2277949332884845,1.242097881475169,1.4408679132221283,1.4182072666336403,1.312689344848313,1.3186344771548169,1.5481389437172663,1.5004061874713044,1.4397292327525395,1.421482149585098,1.3404563840303263,1.5410641956583002,1.3070058147362058,1.3053473959394464,1.1272784818098454,1.147646688303734,1.040211220242994,0.8795698417928308,0.8541078496592366,0.7155166428828289,0.5725725930578021,0.4303764364489198,0.18226793304244873,-0.012917794153222573,-0.020856977866335103
18.450000000000003,0.3891107252498336,0.4522803274936797,0.4924216569592892,0.7998696655204921,0.8036883059763211,1.0731829876833583,1.1987594271124458,1.2187230072633386,1.189492413307459,1.3904010405111993,1.4737976940513158,1.375937503657965,1.4294763051647374,1.6694891523182571,1.5690593612718036,1.433375685200302,1.4137014759136828,1.3023961568561269,1.3514674587222757,1.3013892454444227,1.2669707903376783,1.1412589635089772,1.1238025313930338,1.0340868784383797,0.9235404346958171,0.7593565526269165,0.6477277993855928,0.5030273949578993,0.4087231412108,0.12242955806427043,-0.04080315478737899,0.12555082740106666
18.46,0.2996290207563673,0.4599235527907527,0.6676752513315656,0.8161279718533353,0.8773195653811859,1.122058440697492,1.1323797191374778,1.2429923956784388,1.1733765955460442,1.4075185591889492,1.4130983386092089,1.4008797438288745,1.385686783212964,1.7048944962715797,1.5373051156783109,1.4103585317583143,1.4821429192834303,1.3931285990545654,1.4357656663769063,1.2315879713754634,1.2978303249701126,1.1929587047971624,1.1048998649211845,0.9822368900334713,0.8515969578783992,0.8264171477196055,0.6843976339512404,0.5351898673159918,0.4882145726953836,0.15794213541152466,-0.02774500795911178,0.05228649931780298
18.47,0.29909853714380075,0.5649495854916253,0.6435703603285803,0.6938753733949219,0.8604322639588753,0.881843133336053,1.0896231211711949,1.206013326238558,1.2147799825631584,1.4295851222751408,1.5071435680505145,1.44180079745866,1.4732436648199978,1.5984380740467627,1.584883664437318,1.4215376146928818,1.3723115088301419,1.3644537866647752,1.4541857709264692,1.310875500734011,1.1956420238604388,1.0596976843452517,1.0880698219874803,1.0396709752832198,0.98266635386282,0.7621502114649487,0.6430488933269861,0.5862748169606641,0.3729404103706058,0.218884931732363,-0.007602070553893192,-0.057444276257047
18.479999999999997,0.3397438266537247,0.5190019288736072,0.7110228997017842,0.8023824397800636,0.7836643559476951,1.1055498771794332,1.2311865729711038,1.3717520874747977,1.1476109580818235,1.3630586122218633,1.3827020122528277,1.3632538992873875,1.4444498086440036,1.582505727401005,1.49785357190816,1.3486777850014007,1.3674809783785484,1.3369243988504047,1.330725487360074,1.2120362165316836,1.317523807863952,1.1712725583631818,1.1241506992347876,1.0460356392928016,0.9669234592509824,0.7289018993951467,0.6474335519491339,0.47731160002236506,0.47158078608743875,0.16611681128739297,-0.05686748118986577,0.16691790929323827
18.490000000000002,0.33035353133683004,0.5846048237986697,0.6838542310881578,0.8057386695004741,0.8650336118373915,1.0688951521331738,1.0660994804450885,1.2514269129287627,1.2059981996044171,1.3160205643873686,1.3802109272082448,1.3471600501838044,1.3074473182651936,1.593030565553704,1.5783338028595535,1.4873023323423238,1.5182388966629798,1.3706084802558536,1.4958001551568274,1.3576128362670794,1.310075452297757,1.2011824784706018,1.13037236035523,1.088018172896303,0.955615978239625,0.7446477844891806,0.6967898722818072,0.5093004747255148,0.46341901303429395,0.17528387579182997,-0.0733732509024654,-0.12844914375362756
18.5,0.30704950429123856,0.5266827668583044,0.6361647282205931,0.6327000434449943,0.9054566658545767,1.1486875364538525,1.1000364035270487,1.2826132886244328,1.241702771136444,1.360816483745336,1.400806549528607,1.2700583268767998,1.3556607034136348,1.5162253956453402,1.5221600512614888,1.4580154298694388,1.496338274147921,1.410770519396409,1.4035150556403484,1.3542561293260165,1.318575990784229,1.080495545981466,1.1557684058174178,1.0325453262348259,0.8565437001065276,0.7132257007036897,0.6341821590488403,0.5987737421459038,0.3982076452183683,0.1394518576163456,-0.002324606065933623,-0.02405715426023395
18.509999999999998,0.352863686846815,0.6416221403446434,0.6698243413539162,0.7081839804039423,0.8832293791401865,1.2320028652262798,1.1324885798535278,1.2431776079557773,1.3072848881259251,1.3710310392164857,1.4477909644206735,1.4275669708722412,1.394192581163622,1.6256021122116024,1.565550421863884,1.4637555941148401,1.4791304011009407,1.4114101481926051,1.331353471709731,1.2965268336566724,1.3060983618212485,1.1415614764637296,1.1300297901493883,1.1441611790473913,0.9313045170911153,0.772110347425859,0.641203826122193,0.5254370790585027,0.3171666309293036,0.14369455436787465,-0.023149317481290378,0.057721831754419105
18.520000000000003,0.26782021590796706,0.4855923880847144,0.6277702316421239,0.7776209122299526,0.8917030246176436,1.1309201840311989,1.1243819425292392,1.2039399706111884,1.2221389463524224,1.405705774332505,1.4850910472110241,1.4456655680784212,1.4220359800238196,1.6464163157379692,1.4456475096948411,1.3179715946070163,1.426728743454213,1.4267465637820154,1.3915516512258819,1.2527607747135754,1.1787112427516733,1.0663640681978326,1.10481760931731,1.0593491630428975,0.9368111320857143,0.7538158348526746,0.7009095804416869,0.47434949819635963,0.3666057855897825,0.18409540232797628,-0.051172864361583234,-0.009566537503871125
18.53,0.3421811070656854,0.6233776411758853,0.7026257285131933,0.728673253670524,0.9110058391797615,1.1660697265240385,1.204060262550762,1.3372456944836242,1.2953504189701148,1.4598856358687098,1.480686291146842,1.4654999871751326,1.4408051287076362,1.5404168191845922,1.5399356632041077,1.494719795705463,1.3887068245134346,1.3316954046912801,1.3192018640570025,1.278886853441556,1.3095723295288046,1.1104486279581063,1.0424221127659543,1.0805798433662206,0.9864437943450883,0.8268184192298371,0.6906750550660706,0.49549628643183075,0.4156663009964065,0.2606766381690549,0.06586806325629081,0.04342445764957653
18.54,0.4036922336922642,0.5648368641929796,0.7518074466521274,0.7433837178164768,0.781757455152112,1.060859404836526,1.070240279330305,1.3182593187287817,1.2200802635570458,1.3844583345293664,1.4575422931032693,1.4094090897627054,1.3942316202453828,1.6047553016772462,1.4537266635056498,1.3374077361770316,1.3708128140944,1.469127086550981,1.5464019373238453,1.263447343228112,1.3244096642081815,1.0955485473614024,1.1729246217141556,1.1399627589016728,0.8694155235986383,0.7245113626395521,0.7095006607503935,0.5236854797405681,0.42693165283496715,0.1677170165426196,0.04172987711441596,0.09728298996244716
18.549999999999997,0.40054277912126596,0.44488194616484567,0.6545067736647263,0.7396998105119792,0.7742940543887031,1.0201251801292528,1.1351837291102702,1.3896498642188209,1.1725697790918455,1.2879351814281348,1.3489058029542351,1.492457520026602,1.3963452693675376,1.5762948786804778,1.4552032232969658,1.416869282395803,1.4517591741928906,1.3095569652837482,1.3942899731391742,1.2188122715192773,1.2539932806051808,1.0756090228746535,1.0677698663165327,0.9808939540404435,0.9528005072212955,0.7699055235456648,0.6556277943030016,0.4820750881359584,0.39351156424964784,0.2472236270265207,0.04038465205815205,0.12655282094300863
18.560000000000002,0.33006748628937754,0.5471794754587557,0.6446250850777377,0.767511236252064,0.9210259920750463,1.1011166512444062,1.1550738183867812,1.3169109584988252,1.1723074208951993,1.3565770727160575,1.3525340467818872,1.4215765753365361,1.4050649427496842,1.726780384229273,1.4863605201395347,1.4310552444957785,1.385205423570432,1.3646778849015173,1.287107599235679,1.2325414695376535,1.2020840811537432,1.1317176527551422,1.1049362676339367,0.9525327658955145,0.8026475823124689,0.7392338109735678,0.7323151933211723,0.5035352012285322,0.38549988447262107,0.2076101544651383,-0.06218553802917136,-0.03323984879449244
18.57,0.3076615507196542,0.5731435665545797,0.6844227736734034,0.7993720855636399,0.8745136262146167,1.0598957529416462,1.0616585152192588,1.3310697466216161,1.1456297411050858,1.3920474879429525,1.3907413856394082,1.4478009661613107,1.3428960106363386,1.5591441686228606,1.5318957288569601,1.402995706134314,1.3081911238835267,1.2233866237004345,1.467668795674624,1.356683286564144,1.2435058727966524,1.094587814653993,1.1247526192768784,1.0396160367100182,0.8036658957161855,0.742372319754304,0.6282164450623979,0.5538940390205545,0.36202994308901704,0.16915945016052664,-0.10750577169014477,-0.03536203734688758
18.58,0.410598840504107,0.6716256922678284,0.7362621930574996,0.7515334365082142,0.896817146169776,1.1319445953513896,1.1137352196806822,1.267807585443332,1.3199077415700933,1.3418908769520292,1.357515190604067,1.4342530249946333,1.4213511498411484,1.592370529822141,1.5150578496448968,1.3226058987400229,1.2672434820135123,1.2414696188167025,1.3154378769532906,1.2435387367751582,1.1539065297918385,1.041504553743195,1.1318114821565028,1.1321259511695467,0.8658842053213335,0.649902253093145,0.5880453735756557,0.43287212908424244,0.457482230534418,0.2303787556612828,-0.12693510322548912,0.003751750948065881
18.590000000000003,0.34549959408068454,0.5229615861298121,0.6388957890453666,0.7227179025878845,0.954891239003149,1.036132616639549,1.1454539601464542,1.4423184009041894,1.2356142082802526,1.357772172085764,1.3779983503938058,1.4161573262557494,1.400875895644026,1.5748892292038077,1.5010498930846525,1.4652656809927547,1.3661071397571631,1.2954851120443944,1.3374502771246102,1.2801316694795126,1.2358030470010788,1.1074542158154002,1.0834400095100591,0.9904480630389403,0.8928660561672893,0.8164809220714745,0.727911132411981,0.6408775942076443,0.4211146561139905,0.2958057768640706,-0.10581718762615763,-0.05707921761552718
18.6,0.25310350304475776,0.4993791510712716,0.646892428726626,0.7253524222075116,0.8460221249934047,1.0456286227412848,1.0492989572132525,1.3304596652482754,1.2501842282428155,1.350694406343535,1.400638667837807,1.4413649400862578,1.465839415620699,1.5620812440269254,1.4058275795640356,1.4072709469396287,1.3473904268261632,1.3084116710682112,1.4453554238266988,1.2924497135410666,1.2887916824288965,1.1599529360470122,1.0654338494005433,1.0794376793955827,0.9574519863999117,0.6996376855387176,0.6990720007593672,0.5584440311507357,0.3530671777832889,0.12673625273784037,-0.013754854209806827,0.022034887798674282
18.61,0.3574008920976753,0.5183273990691721,0.5915144294458393,0.7201066481017039,0.8969153546132158,1.0755140478992238,1.0535515185293567,1.4231977518417132,1.2162195464793861,1.2639911212748738,1.2612378938899393,1.3530395138683509,1.3816370429169034,1.4753835707241558,1.4474941140523347,1.399323752698717,1.4301042987489323,1.3290127755986192,1.3865822304583655,1.2298530403170032,1.1780426177041712,1.1256395202455207,1.120887314607775,0.9778007635423548,0.815416554285037,0.7986769808140884,0.6968568698499997,0.4755597951931705,0.41410988036267715,0.1385814609889075,0.015815276135096458,0.04302709656887311
18.619999999999997,0.3665083473401132,0.517156498661243,0.5521405974185363,0.8315773851532416,0.9103937731683778,1.148532154184948,1.1156040898498474,1.3271819595080958,1.154624845235174,1.1773780269088632,1.370601984671603,1.5650099032133624,1.386840400621273,1.5978422474565532,1.5309210432007134,1.3421363084705873,1.262310320141671,1.2436470872875758,1.3574189106556063,1.311612419564789,1.2533137507929542,1.2043578692473529,1.1217950260503806,1.094875932500187,0.8149104673000059,0.7229364686100938,0.5639051188437247,0.4193328121978694,0.38612580111042166,0.17495781509298555,-0.04041376428670661,-0.09065847669518082
18.630000000000003,0.3561319780949366,0.5311364536060413,0.6233477583997247,0.6787484591656354,0.8633729874443516,1.0841995590837672,1.1019737118801858,1.2484807117719592,1.1164634923518673,1.2945001656595678,1.3499225348920687,1.5637305789546692,1.444236389780544,1.5725374394492346,1.4288464945768462,1.3996776384645044,1.3635643245257514,1.3691927961568253,1.4134791170381857,1.3057537935195895,1.2120490711746268,1.1128530939449723,1.1929356709243115,1.0961589445373674,0.775187275116582,0.7584976187496637,0.6383958567926896,0.552349668212851,0.3795787998642756,0.11105724728034796,-0.06856768897455942,0.013399876815159369
18.64,0.357590291013063,0.5864861739502445,0.676604173709141,0.7010914170468606,0.9952994589580659,1.1453211382879926,1.164808604259107,1.2888845244064764,1.1551257937622175,1.1701510191747015,1.1915208191579456,1.416120398778648,1.2889625351756222,1.5755052015693374,1.4139769521682612,1.233684950390416,1.3125207531785827,1.3670109728479871,1.442587329568139,1.3169996406655202,1.2969769634609933,1.0947793637440684,1.2399323294280047,1.1641933426487638,0.8785611339976923,0.7619781544870824,0.6990964000500363,0.542642568189012,0.40774480860194906,0.17547893841617146,-0.022332151315008025,-0.043365009467076436
18.65,0.41260048879344563,0.5546830674672353,0.6292600503720451,0.792481076779748,0.9844120367927683,1.1022509899236805,1.1069028877763885,1.3922962455819683,1.1414007472175907,1.295586494446741,1.3723923463444865,1.5067603497202506,1.4467177339765525,1.4724712193060627,1.314357927683139,1.3255484875475392,1.2457883674903296,1.2923439092526332,1.3451442282841566,1.1756420795693963,1.344366092968715,1.1315853334861705,1.148886701146034,1.0831465717632756,0.8368234820210106,0.7582891559215125,0.694797548877123,0.4044816000877129,0.3858461513773375,0.13044072276358432,0.040820647874499696,0.10299445625461895
18.660000000000004,0.39908598213256347,0.4353267293585002,0.5835439137885905,0.7558975080754852,0.9844416339138122,1.013311651815828,1.0275495127626477,1.2748329778085283,1.2094080300496572,1.292656204656978,1.349307536036938,1.45153704474488,1.3832426463202057,1.5125367762863415,1.3742215391753239,1.3827723161326189,1.4135380118800414,1.1838362458652374,1.3803598654010019,1.3385309741406368,1.2221987344676095,1.1359886871176927,1.1533380352271798,1.0075648160643895,0.8376228637172357,0.6938399007163012,0.6875114142759822,0.5344655627167607,0.3170923648017411,0.13075158734335418,-0.022844597239302038,0.004404551524419119
18.67,0.44167336270484636,0.6036765335484687,0.7428752911328705,0.6918249092400717,0.9167404100179075,1.0617896277249494,1.0621938324834432,1.2791189626240447,1.1958450546558874,1.4014241404606045,1.325176767948051,1.4342805403667822,1.342845882209774,1.4992055786705187,1.37589932785477,1.3782293002622688,1.2855865073208848,1.2101189773850787,1.3568628821841742,1.2215361836011727,1.1405701149686323,0.9766848987504004,1.1012551962401746,0.9449121779987801,0.8841102522290353,0.7326727280956103,0.5608795813554408,0.47609377294019745,0.3262940975440881,0.13249545717712938,-0.15740443509829347,-0.022316870403083104
18.68,0.48096926974119286,0.6208967142162936,0.6689043984381475,0.7808887529328957,0.9324341683390265,1.0443294599450161,1.0301493497203262,1.3098848458372065,1.1091560996602816,1.199918407226726,1.30344074185336,1.5177459599891292,1.379801890102072,1.5271876540371203,1.3893272554732516,1.2912428813583143,1.414889166951737,1.383795874307138,1.3011316061729556,1.3295427787980252,1.2006884177363908,1.1298168014647894,1.0759381691195429,1.033066769496966,0.8378642297865954,0.5789961474706836,0.5289369999690272,0.45623456832186304,0.29682515389987335,0.0943324854933784,-0.204191627192296,-0.08944079821502424
18.689999999999998,0.42740620348168884,0.5744354619060448,0.6400634761624251,0.7531118629027636,0.945898324517756,1.0395383038298984,1.011507828054714,1.2948774952013582,1.1750846492629057,1.2006771525661382,1.2381937961959757,1.5201957354765028,1.358993862367918,1.527035098563644,1.4901900466192313,1.3627176113476416,1.3044620078668594,1.2973279447358266,1.329323227884728,1.2779564431095156,1.1906405557005153,1.1183869821398966,0.9838697716508503,0.9597458431703003,0.8409436635133785,0.7157199772371887,0.6014629462445317,0.45830368898270996,0.40244617890227913,-0.014861283846485673,-0.15258487319071617,-0.1679458556233765
18.700000000000003,0.42723352406053805,0.677496702579474,0.6308916734016614,0.6912731343309356,0.9018677831413549,1.035976895279854,1.2020197165205513,1.2120983289357157,1.0902329033590414,1.2317725542570186,1.2846780601156467,1.5170348013371067,1.3056307578495665,1.4270774727917241,1.3646963970788488,1.320186132248446,1.2868630326302959,1.2156573241863902,1.352580442036414,1.2541533138796495,1.2195334249341259,1.1401919248276766,1.156805336876851,1.041856035075397,0.8360357487577925,0.7699798290666219,0.6545970558005831,0.4208917988816054,0.27546809397985345,0.1259048367251979,-0.03336644682285133,0.04601319468213314
18.71,0.40568314651986337,0.5487828191055352,0.677164399373791,0.6846674134299584,0.9921544136980373,1.0693698689467759,1.1069152076734499,1.2933257687748825,1.2026327406384567,1.2579514496828081,1.2997724136554814,1.4875524960054913,1.3261890667488954,1.4803313198667962,1.3734346182313593,1.3674938600091493,1.316719967980343,1.2582342357883196,1.422287232370324,1.126038731730587,1.1458657104110364,1.0097833074308409,1.1616090498396556,0.9908055612997222,0.8376852465739864,0.7434890400549004,0.5748186381232767,0.425563089364558,0.2630999134109646,0.16665456943267104,0.03242764401256517,0.01894279660014163
18.72,0.42380111220803807,0.6102449983199937,0.6305907250283023,0.7193787712488462,0.988977310456217,0.9878273721661718,1.016410453761157,1.2328418092454225,1.0945702223004807,1.21605539217316,1.2945103733881598,1.4964656754259102,1.3610600386026481,1.4773083838748742,1.3917632000171567,1.2908285684353835,1.220516327203805,1.3120926335978054,1.4317870130440227,1.2124970365657188,1.2350871597006092,1.0544603569155186,1.002009673056397,0.9635446372974118,0.7993450020918368,0.6611593452731314,0.6138572226678967,0.4301931395810563,0.4249765758128214,0.24968921050204573,0.05566361749432845,-0.04681300344003592
18.729999999999997,0.4671392767457482,0.49967870354806176,0.5119355148294155,0.6438964807893678,0.9768138156246614,1.1409697975231379,1.1584182096148685,1.2529551295745807,1.1028417524738305,1.1419875610503631,1.2032039331064261,1.48603010868848,1.2670310962497724,1.3122972089058516,1.3092691149307618,1.3570247097278425,1.33392141172775,1.3442686460616828,1.2863218061536286,1.201127313346329,1.2092733764474588,1.1841489600654134,1.093864923920537,0.9540321168497438,0.8781446188475766,0.593774655603779,0.6735064438721137,0.5198426791341592,0.32564703870227185,0.17237000904563726,-0.06073041898459132,0.006065529751767287
18.740000000000002,0.3765289125575881,0.5359652792942544,0.5948722411533023,0.7633112177302129,0.932233042267076,0.9765006631351051,1.1402844183632348,1.3675383926850881,1.2341437756300393,1.238482208371749,1.2716744807126745,1.5853837969401712,1.4121878806847095,1.456279269028407,1.3525829426845426,1.4125561229276113,1.3895806862775273,1.2577348283103194,1.2552232626030597,1.2092821252146253,1.2112493246234477,1.0561903599462994,0.9474095237650927,0.9918253269238323,0.9142210322516083,0.6887386363306831,0.6017368758938508,0.43594884510524456,0.24586156397478104,0.15933318524221976,-0.057939682634292874,-0.005806105558931726
18.75,0.4886764002228824,0.591913972706211,0.6118715710546269,0.7416398678245515,0.9806701978167925,1.0608355149032798,1.1792853308988511,1.2867293324627531,1.2962860333975221,1.3393779804151513,1.260366284103195,1.485811913084451,1.3663482691988156,1.3999620956369938,1.357355926161142,1.3797183208697326,1.2984654486283977,1.3787280051824187,1.3766491866431898,1.2273006011332372,1.1736864088489147,1.0842771151736657,1.1361177660997677,1.0608071647096582,0.921941976036898,0.7016230461266499,0.5851258927623847,0.4906605407276341,0.32438017013450327,0.11348676810846252,-0.033082311360974566,0.12370439391133684
18.759999999999998,0.3693219188934573,0.5144580756002459,0.591743849210921,0.774808955461876,0.9645642247282146,0.9431234626666691,1.0853928264453474,1.315705014116041,1.164887686776603,1.267185878280002,1.2660424312757286,1.442053782824529,1.2892998749062103,1.4169352480707107,1.414051664217444,1.3463616045725038,1.297483905700627,1.1976681676647127,1.2553611018486477,1.173491537287767,1.1483849701094542,1.0804580551348288,1.0048841133905182,1.0049791080357617,0.8319944521959631,0.7664946584990273,0.620675351615025,0.43938176721130223,0.3171559712803792,0.09032689338806016,-0.02598324229715164,-0.0399569091842873
18.770000000000003,0.3900758124090631,0.5056096105161622,0.5281796026329255,0.7990162669284153,0.9437471103700535,0.9835743173973166,1.0607770933804008,1.2421865614799752,1.177773066225431,1.2072961787655472,1.2171048134227802,1.5088757825161743,1.366038799392833,1.363779933901771,1.327284416721953,1.361843776136328,1.2753013234886228,1.2865462967299635,1.3453856973081477,1.194202897151512,1.137927589898932,1.0993301547190097,1.107344370402637,1.03178969817848,0.8413989177055967,0.6851231818443406,0.5450259881229811,0.4237331305461123,0.33207903338426725,0.0955084769359919,-0.014943570843065447,-0.07992206839405899
18.78,0.35103962478876105,0.4941708170276471,0.4927974477364889,0.6860302680226903,1.0124475354632028,1.0215706390115693,1.0327329841663633,1.252386861748701,1.1443159812004289,1.1958247762002405,1.2868113382789619,1.5279309178540175,1.2634351234723278,1.262567212041044,1.3489420572515844,1.359753261066802,1.2992472080058408,1.258468249056699,1.2647832781945627,1.1914822868677277,1.1855760789239433,0.9520023867195316,1.0536878349952419,1.0154940314626058,0.8595576847396045,0.7048508423149135,0.5330891464448326,0.4398950173363276,0.26688318280254697,0.11958777473650771,0.15936432131217493,0.10968342415588402
18.79,0.39118511986707427,0.5781100480159853,0.6580058909932307,0.8227291616121845,0.98007261243868,0.9861362287629466,1.0159942579531767,1.2026169659306931,1.0932593804240995,1.0705398019439796,1.239980689616989,1.540071933403508,1.3580372867845805,1.3243275420550058,1.3224185952981173,1.2850509119937028,1.2914281766750824,1.2849905328568296,1.3183250794537895,1.1463708211134558,1.1471647914247614,1.1797385330755108,1.2024100770198736,0.9535293507676452,0.794280809316546,0.645052356546102,0.523317458568781,0.4762263380108616,0.21614250103428662,0.1310227580182808,0.036092215253151115,-0.011121819616645996
18.799999999999997,0.4153091703430185,0.6868579683177919,0.6437776083335525,0.6956816548814934,0.899793484922895,0.8619998449294595,1.0372881343997693,1.1911600848274275,1.1306774091626492,1.1513243441402032,1.1372664314409118,1.4828324942388753,1.2908751594499601,1.4625165600375083,1.285203243617364,1.281459227191006,1.2502404762027362,1.1848112878431512,1.2601256632189277,1.2344964909735021,1.1586609373907124,1.0858713404791696,1.0557751943309892,0.9750598067976548,0.7829301655344446,0.6558437014646489,0.5818268330652937,0.5059047946395098,0.2831174760586706,0.14781132629474059,0.06286520588272766,0.030774767047366768
18.810000000000002,0.42029052321290394,0.5504815344658232,0.610377968761423,0.7742299920015777,0.9583747334744137,0.8899295469720662,1.0900632365829694,1.105203755674522,1.0781464869202906,1.2069328132359645,1.1748706533583633,1.4725778988490963,1.3052941991708686,1.4086602384148796,1.2684517510975,1.3471631248196754,1.1865502549396725,1.3166873811690367,1.2508562971110906,1.242235392687884,1.1492971096094502,1.0443660749953085,1.01936286617387,0.9614249804474461,0.7765389861441399,0.651496252499212,0.600247306259488,0.36931701139657963,0.2219212256440098,0.09106461246575279,0.04110484329556822,0.005110540564337351
18.82,0.5303780787837998,0.5299218092187391,0.5245549515102436,0.7442441186318669,0.9220288376570833,0.9339192121580404,1.0746605316470301,1.134903570151754,1.1882287263793043,1.1629107610329878,1.2326995735978246,1.5536052771275568,1.3442881152499107,1.3348348453753416,1.3131048929473135,1.284252164780225,1.2447543936935728,1.316363213189509,1.3950631879779998,1.2255701517685784,1.1291586566923668,1.0784463377882225,1.0256322352275165,0.8991396741965827,0.774774773627146,0.7274504794194647,0.6800162950255002,0.49583331911104256,0.31494948884697416,0.11983733043144738,0.11664743994062202,0.0826358110776994
18.83,0.38932129544455657,0.5544181684340734,0.5261958081897269,0.6989816936189843,0.9131041720171922,0.8569517062260273,1.0671767394321072,1.1586489125211825,1.061424563614334,1.1037141005944813,1.2553171633206772,1.525912946019008,1.344988873074545,1.380047013267637,1.3610244828771914,1.4438650447473957,1.2787802539601159,1.3298059481259974,1.317193128250553,1.2271346430619223,1.1889743942611273,1.0870439002807954,0.9724276189285647,0.9708647994994714,0.8782156248959636,0.6917209148625588,0.592858471780559,0.43313301636375995,0.23288068629563557,0.039049828608176324,0.013069874791181392,0.019794052368727104
18.840000000000003,0.4997263218916162,0.5687908301992104,0.4106647945191221,0.701630400501324,0.9851935524221954,0.9755293243565379,1.1090290804210263,1.1237761586539832,1.068283186370688,1.075047882732283,1.3181521515880943,1.578433104655517,1.376609449002512,1.2633777144792462,1.3322916839083496,1.3506287972365865,1.275768817274079,1.2670223112231564,1.2832191059974718,1.2215116723563184,1.2222046629166485,1.0727207457813928,1.0453404965430457,1.0579489926990289,0.7828092632432894,0.6243550946289959,0.6251299044064563,0.5345617392609144,0.3735119394761887,0.09850629283704072,0.03612260043837117,0.11626509563961249
18.85,0.4310492736870275,0.4923597045117824,0.5552552720129508,0.691342492699354,0.9613384551051964,0.9197485788283662,1.0573380349602617,1.0408927884082875,1.11225503633411,1.2548013207104018,1.2021858116370439,1.448612096057566,1.2902063823100844,1.2922324083052974,1.2659623728483889,1.391979763451984,1.3394142262645286,1.3463104919907432,1.300961473618417,1.2559454010893487,1.2072125310362711,1.0732632681878493,1.104891121367674,0.9646607653714151,0.8519903575962583,0.6789701213348777,0.537229854122161,0.332983638743093,0.1839589414488507,0.19330828305134273,0.12673964786119357,0.044971725874839635
18.86,0.37056383097941875,0.4923249060984085,0.5311678882291995,0.6867701658896204,0.9225573052762575,0.9313608956216287,1.097001918350258,1.2453742099942817,1.082929552549813,1.1576807459235088,1.2384131432175094,1.5105940937080027,1.3324019429896807,1.1907252436669689,1.3050077622580791,1.440118334553321,1.2636020441719553,1.331696939193939,1.2788476959949864,1.1022310000485729,1.2535439031344286,1.1510852382705739,1.0714996220774458,0.872009370537058,0.7531849389253117,0.7159064289142921,0.6523440739604558,0.5404103805492595,0.320298790126658,0.10200417982774992,0.10346042158509734,0.06469455408542908
18.869999999999997,0.39145302487803646,0.440425824241805,0.6448514075968406,0.7005735474987828,0.9478985480912127,0.9724212849446049,1.0244258613249733,1.1068664994067658,1.1125257876076924,1.0901253206705817,1.2852231423096314,1.5762192010635083,1.429336538470029,1.2726655646423874,1.3178465636362082,1.332942110601246,1.2430099926699196,1.3222125770758115,1.286893821175418,1.306356459497869,1.1360727255376,1.1214547745080257,1.050433222564557,0.9194474089390557,0.7218578985951617,0.6530498332525676,0.65389913022584,0.493862333336777,0.26368563212079016,0.159002595473497,-0.010522223546941658,-0.010333896575500129
18.880000000000003,0.3333788216894144,0.3752931512006558,0.3955741587001468,0.6757293817990521,0.99719232279982,1.0231174519765318,1.0435197122067543,1.0094074240536037,1.154988272464928,1.156247497197512,1.27150223042179,1.5048323221719975,1.32260025851543,1.3580522775812425,1.2291895714116179,1.2301059790207551,1.2434474308978543,1.3759860988997283,1.331203448821108,1.299532265382269,1.2858361369002613,1.0940300411567803,0.9394026871353891,0.9423396142934014,0.9098175906302672,0.7263664481854399,0.537410380821418,0.4569781565680303,0.2833708692447035,0.13421913917926315,-0.008497432173058175,0.008419952085225502
18.89,0.3642729983602136,0.4424810085297029,0.4889868216324253,0.6806552990904146,0.926281470481236,0.9668729617821885,1.037588540792267,1.1082635521633448,1.1605981808668044,1.212695512612721,1.249871046269166,1.4272773574078779,1.391020700639146,1.349447213491343,1.3277796123777161,1.360566577181147,1.2249874706546018,1.368602616600911,1.4162919347960634,1.2533600996956074,1.1281615711660957,1.0755480433895168,0.964422948708182,0.9374503932040671,0.8256063482350813,0.7641594758353095,0.5439308222747605,0.5749707655695718,0.2375174629292365,0.14342911832331828,0.07177651099646885,0.05562775223724049
18.9,0.3620386768344602,0.5488910707613367,0.5258949630028829,0.7152161576303222,0.8874742432558416,0.8350603256496002,1.09595673427706,1.1731657441509742,1.2082025655976398,1.1682949436459475,1.2219109078188326,1.4563939413560996,1.4252157601904476,1.3374984112262451,1.2180081545960664,1.3444353317111037,1.2739793450445382,1.324465337464917,1.4206627596750516,1.3427934795728027,1.1364515642227992,1.0807815122848252,1.073943922371789,1.0502266538003,0.8258028704939987,0.7603273966138414,0.60619971937485,0.3641071455700311,0.28914600171462423,0.12922623905380193,0.1568161056883925,-0.0004514493070689324
18.910000000000004,0.4118496855432563,0.45061604166957625,0.5553159554737436,0.7521053534841755,1.0601859111831733,0.8810661881411374,1.0008677712957477,1.1274553337756585,1.0885584614208552,1.0909857869729092,1.19968746030235,1.5158904664983468,1.4624174920791722,1.2964886118835135,1.261133071112662,1.412284639192109,1.3036766409601097,1.2348969810098387,1.2411528238029055,1.198633659049669,1.1209490731644223,1.0501008496926074,1.0315453317667187,0.9341801755750094,0.7693311450848073,0.5949797916209747,0.5889908620588641,0.5211261015329633,0.19775492760648233,0.1381139583324929,0.018314330503515976,0.07251504966299659
18.92,0.44952540764474624,0.44557675402365404,0.4853867340115542,0.7572664522141536,1.0109439442346544,0.9753955101122135,1.0408878720772898,1.0181359891438686,1.2180304014213656,1.2372148971527896,1.2539038723052118,1.457710767364678,1.4133041124035277,1.2814038030698258,1.2224833426925352,1.306404095468263,1.2670642641701515,1.3521122736131408,1.362484085104784,1.2889158150618443,1.2183056232449627,1.1331329981761975,1.0792842360441264,0.9142948361096538,0.8367936536671752,0.722339530093359,0.5246579922247664,0.41225092699109855,0.20958463284753243,0.07880238714939365,0.15170805019946168,0.0222013539134387
18.93,0.4058395186745987,0.4561227477527292,0.5460625248998816,0.7429209460395074,0.9377845737417025,0.9266183819953451,0.9904368600348081,1.141378098316009,1.1809099084884829,1.2598751292310362,1.3369464043136432,1.5286684782041033,1.5086159053212393,1.2052697055246742,1.279093730318214,1.273516772930006,1.3059026353381253,1.3868962689665967,1.3454136218486326,1.3725784434005215,1.197347902416425,1.0566952820844082,0.9826262395288043,0.9615841518953229,0.9118804610577983,0.7480659961414375,0.588656858996144,0.3895005394182077,0.1968194400182186,0.041570943427271426,-0.006070623706235397,-0.08826155604246017
18.939999999999998,0.3668474127487992,0.3680649611262512,0.5306687496349305,0.6648595909350727,0.871981264007057,0.9370722249735738,1.0255926252905698,1.179342596996175,1.1454457644603393,1.2166973507900425,1.2774897340776827,1.4286438325598514,1.4018562343416356,1.3123103421592661,1.2822124105126236,1.4463005704101473,1.400898852237661,1.3394608819176095,1.2733517281386129,1.2553919864649308,1.2174904207942858,1.1267739548620046,0.9844304787903708,0.9977342039811593,0.9630360573309272,0.7747200034728561,0.59638996365027,0.4854507477765911,0.25496448133249106,0.12515308574008613,0.07894265744079737,-0.07274935943418534
18.950000000000003,0.364684860495468,0.5079086652915555,0.584129917998468,0.7717263371657938,0.9112480848942042,0.997261004926003,1.0320274086585728,1.009269467750258,1.2311011901311617,1.1033510554274228,1.2605745792150613,1.495423243268609,1.455239152314893,1.2949921584666104,1.3214675875302224,1.3692120177052882,1.357730045289547,1.4462395930844811,1.387814776475509,1.2691008797904377,1.1982875349228186,1.1671745321680638,1.0214472335507965,0.9469608447302416,0.7933926316841756,0.6878632270622566,0.5713594377281385,0.4573798110769149,0.31604455603088555,0.057810717880562794,-0.034543867048963395,-0.011294158939398447
18.96,0.447743366340484,0.4988102159485887,0.5000716950837272,0.7582371626756264,0.9065733373720514,0.9508059089534275,1.0625673449612618,1.085365656102195,1.2182626722332035,1.1480321998429661,1.3098267752417445,1.4349153613015153,1.392261752769719,1.285850811066925,1.3068810230617636,1.3578322220983758,1.327043487641048,1.397829945799581,1.408550134179354,1.2828817468023224,1.2438250128243447,1.1256706849835332,1.0053090088261571,0.786567803731802,0.8829006661543577,0.7241588641467112,0.6642123193867806,0.44925021553283645,0.3045734074986493,0.11296756762965064,0.06064367807877896,0.19520495433079113
18.97,0.44163454534323726,0.4645628362950926,0.4231607406117457,0.6560031572099078,0.937914511824498,0.825414099922732,0.9725098428732387,1.0798610759908656,1.2666967532333988,1.2418331775684008,1.2584728900435582,1.4427559486624508,1.4205944820901537,1.2702972297465445,1.3322952952834664,1.4093279001464096,1.3719828771382498,1.4141039757027767,1.3581391001721457,1.3090297607539694,1.281177484553623,1.2605022140558952,1.0862181653894913,0.8425830765323965,0.7641713596108902,0.7992756255250328,0.6460818456205941,0.46998519777419684,0.2589519618421885,0.06855865284339557,0.07645151108664713,0.08834792846867218
18.979999999999997,0.3437940532993835,0.397697360190763,0.5816366837149014,0.6779406856167269,0.9186156269567565,0.9072340489309311,1.0169881379061445,1.05801581298609,1.3206134248735875,1.208130822627014,1.2856403202818298,1.4169652562808697,1.4611841985017613,1.3271722497779943,1.3261440773832238,1.4434762794906093,1.3166085913207095,1.264780428253473,1.3660756013689546,1.336447809032091,1.283080063048473,1.2240088416265078,1.0666762654558326,0.9554105309348616,0.9254959806933546,0.7899237521726394,0.6631477468299272,0.42062411494500634,0.256656439621943,0.07071968336185298,0.07457885487227552,0.013655956478153451
18.990000000000002,0.3821379218103723,0.4219607747453178,0.5469580616470134,0.7514622932347104,0.918669292583554,0.9471519462795549,1.1206399242519187,1.0997862757539916,1.2474720724661519,1.2180132994505506,1.1996701636216371,1.4272607191281628,1.401139924260774,1.292655841910604,1.3380252251246303,1.3255980541034342,1.3311706246224246,1.4754968951211693,1.3298357915163501,1.364473692419311,1.193334217106719,1.0549087023333144,1.0051430352119544,0.957204012290333,0.8525562476135363,0.705556766969649,0.5012651771792295,0.38066692014983683,0.15924836851809485,0.10373397296555019,0.10901516338728097,0.050818880632721886
19.0,0.32802612096757156,0.40253726508298227,0.5184324051321418,0.7660477429366085,0.8989254745634505,0.9033974653703583,1.0862469461591704,1.0577067298230842,1.1819888491880035,1.269077548935929,1.3042430613144234,1.4670211062079412,1.4226963746520487,1.359235483796358,1.266992256850683,1.4139677257375922,1.4075873966789345,1.3584577077757916,1.3520897269045817,1.2987498317795074,1.1463881996384289,1.0993123795408624,0.9547924837317818,0.9284946252357987,0.8333319916379641,0.5952415654390831,0.5766233597230743,0.4727984843622622,0.3712462973509777,0.16980694375980235,0.12296542079234311,0.016666897455045935
19.009999999999998,0.37429640632936056,0.48257698857983505,0.6273480799470248,0.7326036576544277,0.8670284152386287,0.9657385739040959,1.06276976432676,1.1282097957367359,1.2476906428478352,1.2747482106541619,1.363286032090135,1.4321687082444505,1.4518095622153506,1.366219551854403,1.3794883993454152,1.460554011421407,1.418365995455071,1.395729840304404,1.276126685172746,1.2195288135999787,1.1349613423396925,1.0357026049079017,0.8941946622843059,0.8838214212101311,0.7998814451255074,0.7746958243673386,0.5982215521129246,0.46152336930060534,0.3042975458319221,0.07856155174711245,0.06147729612350027,0.068904036608465
19.020000000000003,0.3202599045583098,0.43024557506630007,0.5242406152442167,0.7408228802082848,0.8504070552801128,0.924689559905469,0.9824836355277072,1.1030025153208527,1.182153741638611,1.2497636710745954,1.3834971320801084,1.4371126134210763,1.4333667372325314,1.3385637156611168,1.411924775420062,1.4288143592806888,1.3996945383736477,1.3650660503859537,1.2325088508482365,1.276101601682019,1.1952452135073126,1.0986793130026147,0.8776339029946895,0.9218572055494416,0.7662210739522572,0.7250354935187474,0.5391772677747422,0.5424421069165923,0.29237149337461715,0.16150326186189062,0.05311679217120706,-0.0704751564428712
19.03,0.2572679821759991,0.48400382427954036,0.6754961305772961,0.7808030490927946,0.9045226039568269,1.0377828125089248,1.0293406733398287,1.0862723920977317,1.3211526744509416,1.2683177194147104,1.3793346766118428,1.4045853879478583,1.4216052152367893,1.4141388606639036,1.3651548819602062,1.389022128283999,1.4628826669788881,1.4141471767801044,1.2233142076631114,1.2439177543835211,1.1162656022435615,1.0979909408378683,0.9781619308253792,0.8991913476937166,0.8018934951608017,0.6876608247690561,0.4115570720959018,0.411142924605973,0.2906688769276287,0.16681230853913495,0.007032456003219126,-0.04736389362080739
19.04,0.4151994548558747,0.46613454959385586,0.6274728172911612,0.8081500823851159,0.8907131510045246,0.9302773473460114,1.0346519431867587,1.1791502655037012,1.3766608525392727,1.2775074133456996,1.4374975064968019,1.4347868004638347,1.4165350286579694,1.3489517100588562,1.3624343411180169,1.4376320161361995,1.405303200621918,1.368919312695918,1.238822737943919,1.1976744868813565,1.185145426240734,1.1203832427597866,1.020207392948963,0.9002581701740251,0.7439240369428768,0.6043567794827521,0.5040303562407319,0.45616752272478384,0.22885425393489614,0.029915444220860996,0.07406278221999699,0.11869725388914826
19.049999999999997,0.294102379410413,0.40114210179218834,0.5463391338800686,0.7785183867086414,0.9129978201168427,0.9589896383916289,1.1031678192046779,1.0787172013117536,1.2529999782180743,1.3123898168991568,1.373354652418962,1.393065263553889,1.3877575132364828,1.2633514362851221,1.3981564801980857,1.4805224363068923,1.4459299941465875,1.3170265352497728,1.1687637275463523,1.112225767630784,1.0978500077215383,1.1638804313630065,0.9592841682900148,0.8582119954373637,0.9368542033676629,0.822873340831204,0.5304966596717733,0.3557419945234827,0.25957647987246346,0.1339676161982478,0.061645434936377,-0.014938648607736763
19.060000000000002,0.3755185235611159,0.375083518948867,0.5778912361053877,0.7423067089652666,0.7944755511330763,0.9372921011607389,0.995227706908575,1.131434988350297,1.3600555946627044,1.2620967834291144,1.3622961242835796,1.4495980285335857,1.436021157349488,1.2796148903517202,1.3675536041512635,1.391161874760189,1.4181915988457765,1.4574943251411123,1.2309948250012672,1.228648591976324,1.181264706562564,1.1086871669509266,0.9859067223843778,0.8546325169300593,0.7741177637193806,0.6384422634072078,0.6217583231350635,0.4450948595621844,0.32107561243950894,0.14059439616672895,0.09290788684859462,0.13600637577474134
19.07,0.2951739070532431,0.4816301567689112,0.5249960362627029,0.7935604912492583,0.9426455816387255,0.8945431395063,1.0531928267628787,1.1135006857070584,1.3182550510415438,1.3181434200607467,1.5172226839309495,1.5445242040306737,1.4727216360259894,1.4584678676950271,1.5212218359366112,1.4368529378357775,1.479813943226878,1.3504343687960922,1.2153745395786517,1.1709255195676853,1.1674187962955245,1.0368108604013409,0.85268928376887,0.9360269848280685,0.8559008275890523,0.7804160337864896,0.5592465632453777,0.42425876411196384,0.2940592406708136,0.06363982236856591,0.09757723650574363,0.049472390552292814
19.08,0.38713483033227836,0.42150133350450253,0.6499798771016733,0.8071015945536929,0.8511206767913952,0.9858668665047468,1.084480273395982,1.1298519870759962,1.2336220389514403,1.3350301658550783,1.3680657714742777,1.4565267319021111,1.403330607116994,1.311443355417836,1.4021595395502444,1.3783955372992382,1.50983087441965,1.453560048880202,1.2421968661627072,1.248955127764252,1.1182802116106996,1.076921000715967,1.0116868148346831,0.9369636624799775,0.8438152895951176,0.7132100027441777,0.4962646887251822,0.37763679426392527,0.2629328896486803,0.04046751593295363,0.0683901678893671,0.024426858554677838
19.090000000000003,0.2871273599494741,0.4487017205466528,0.6303483347382224,0.9082851533126542,0.9010652222491286,0.9918118521506248,1.0826252290942422,1.1722201061183048,1.377753988947918,1.2952473999478804,1.3607245997755746,1.3771684221192497,1.4182718594420534,1.422716474068715,1.4862869055107335,1.500043865529814,1.5099683433979092,1.4015030861383921,1.2192167187201723,1.1895313877587317,1.1506535171376175,1.0808420173076854,1.0872425595692212,0.8733075645485946,0.806346942456785,0.7419841706382853,0.5721557104104111,0.442620120607258,0.272927198113573,0.21880767987894228,0.03100113213383188,0.0029595148487985695
19.1,0.38035448033003694,0.41228071711061864,0.6147422258349192,0.7867786408594797,0.7933750660246799,0.9098601707248919,1.1341891871676573,1.118012011048081,1.3226603724105037,1.2829164743860266,1.3999801584773792,1.5543275713642448,1.5275463991356004,1.426573500899492,1.4544952439527783,1.4635114690723459,1.4831814095724878,1.3495752940898045,1.1140691658983064,1.3311267501047956,1.2735254044272672,1.15343680219115,0.9566097151331909,0.8798498995392376,0.8223292794011478,0.6730146688962805,0.568530820202326,0.4891672552845956,0.34127940855645084,0.1447524044168481,0.09763100248217112,0.08251522379135562
19.11,0.3374168675121748,0.39230339735267766,0.5996297839478849,0.7981781767873501,0.8587593590261453,1.0698927862065948,1.127529370312725,1.1344752088154277,1.3118072233208817,1.3439242583174833,1.342115630276861,1.4489281693770917,1.4568976702826235,1.317423116892298,1.4803463092917875,1.385984148680353,1.4706670532370358,1.359314951804003,1.1697431514821088,1.1322136760708827,1.1512148403840778,1.1205716589900763,1.0058208722885817,0.9038240508506734,0.8479997903791416,0.7419855361356728,0.6342613818891746,0.31023567821324566,0.30193569969155987,0.17929111643230639,0.15438608101668985,0.10506282278346188
19.119999999999997,0.30903688843646515,0.47845274997019976,0.6322120655934118,0.7997742242988022,0.8701132320257434,0.9741487942447263,1.07887387541366,1.1096512300534462,1.311610614237342,1.3577365412319977,1.3918056890744726,1.4739640475355054,1.4803060646162942,1.423011920722168,1.425530416545619,1.4720385992407916,1.5088234715047446,1.432021241711695,1.3244486197704919,1.3070923056819388,1.1776343761983887,1.2350165911381659,0.89933326227063,0.8186690994475265,0.9018194528391176,0.732415163696337,0.5045645639241059,0.3448151053538173,0.24960029082287882,0.12687853625594317,0.054927156372979125,0.09757598964297814
19.130000000000003,0.37525346758867173,0.4584433848988733,0.7463616031016356,0.9022173532881566,0.8936206962820125,0.9946326148039228,1.151201219185976,1.200681634834509,1.2459557995161132,1.4352349072529158,1.4833455771278015,1.509064960782848,1.5235185360342962,1.5054603674130849,1.3985967947908262,1.3491113781336066,1.3969246494083807,1.361203426539357,1.2336236773405653,1.251909435787503,1.2535844053933507,1.0361021683039762,1.0215025287386088,0.9863703730687965,0.9067124263505375,0.7194805196500826,0.55778621567118,0.30687315835958073,0.27198882878160924,0.22381792730784228,0.0977490443080375,0.10950354672295434
19.14,0.2920084009892689,0.3683788493423846,0.622720706953248,0.828337788499822,0.7731870005321687,0.8825329636054274,1.1037262793870926,1.1286433258812238,1.4035463192687976,1.2720171170020995,1.3612919153953702,1.4009445426615696,1.4437860857089657,1.4008612817627089,1.4436748992034787,1.4626704987622194,1.4994070340888346,1.3597040712847293,1.2528259475711119,1.2529651159452546,1.2210416175488352,1.15549949532465,0.8572890120592642,0.8939045571133278,0.8684622433184161,0.6209985112985942,0.500786597704261,0.3592151411669903,0.295507348564196,0.17429036245906643,0.023860111240107416,-0.019897511292569392
19.15,0.2698599574588973,0.3737097070341946,0.6375816494926039,0.7700043031891087,0.8130495911528633,0.9346708494449749,1.2063148214183408,1.2808500737684403,1.367501207361971,1.4137407120426349,1.4493116318343346,1.4902117821611054,1.464185736462617,1.4608537171853655,1.4734008936655016,1.2822330710884928,1.4713300538039331,1.3949437544856718,1.2265837580399468,1.086976987183341,1.1783618749095843,1.130638638953436,1.0209159187495602,0.8598300868516197,0.8584629244165428,0.7487785937238294,0.5580293943839378,0.4096590101970688,0.35686173737779114,0.09469416583359859,0.008666104998061617,0.06955488950966288
19.160000000000004,0.18491842425495605,0.3418260671974063,0.7150410233284309,0.7179767406978709,0.7701248380734349,0.9108387825185141,1.0807465546546628,1.204934307318141,1.2223715574674134,1.3453459615739907,1.445343157748261,1.3537101533513958,1.3595230170778518,1.435228944398533,1.373198941553452,1.4125244036335005,1.5554350761149305,1.3855216993199413,1.2538012862251606,1.300005769318461,1.2629268379986431,1.1076544066032152,0.9547027807873916,0.8865110237085198,0.9055705184568483,0.6496197255643571,0.5013917523198554,0.5297738795774254,0.41506115310830244,0.20591119023237778,-0.08809754245803465,0.0590032607970918
19.17,0.25218242283779463,0.4203980780649514,0.6438345644929978,0.7974549763745901,0.8723431726385787,1.0167343993632676,1.1481004835496584,1.1998514424522628,1.4183310587502946,1.3192859172119957,1.406925260078986,1.507573499840237,1.5218865226029346,1.4137018805661958,1.4072069786383516,1.3876634241403714,1.5686322616721449,1.3777690120386665,1.1474771267632964,1.256628733703452,1.3144010858017372,1.1329328164597663,0.9727230912806248,0.8829813744950855,0.9287226981070114,0.7726316855763598,0.5220531203532043,0.3124874591374364,0.37978367222071274,0.16243219889551022,-0.07088642686041796,-0.011579910572499092
19.18,0.3787538653489444,0.3822307980067367,0.6924502529822282,0.8183049279718957,0.8180077177498588,0.9496125806260421,1.1956226620469663,1.227860648742924,1.3766275853258958,1.2723407072306838,1.4417950534350812,1.4720449220834022,1.4678894552003445,1.4922226559175895,1.542178638817272,1.4129344091979616,1.6074723366226724,1.4129634339541266,1.2122333477110692,1.206958552970898,1.231372832563731,1.1003420102777117,0.9414589449345983,0.9219271340792327,0.8000416262893888,0.7023411415807285,0.4953263440889442,0.4176390156950967,0.3274885579705802,0.12595748581066135,0.02010713951298564,0.2076722728097985
19.189999999999998,0.2854928105423223,0.4004200023602411,0.7179308278935433,0.794023286939663,0.739791499027017,0.9348860456151974,1.1043840236798692,1.178558214795955,1.3279236100754792,1.4888928420956,1.4959625131822265,1.4261579499436283,1.486186413882592,1.5629173312349574,1.470935707489578,1.4577764977306815,1.4676752822007382,1.4661844125448547,1.2855366086041011,1.2455960566342146,1.2538780140329953,1.0848906163055392,0.9888262004809549,0.8482129698465029,0.9935963785248076,0.6111699464101799,0.5266670306046938,0.3157417286432836,0.335366315459137,0.15750217043990508,0.06531017970568707,0.16448331963909657
19.200000000000003,0.1963061661869841,0.38265585662016127,0.7028044242934439,0.901681345707552,0.9334925027683271,1.0346078141018198,1.1876896011848632,1.1664942096283344,1.3791134706094257,1.403204262973176,1.569998495226253,1.3644575915161434,1.369943143498939,1.4391807957821856,1.591085346192052,1.4235810886952696,1.5533328368148474,1.4176344838781505,1.248555974591508,1.1724970539895985,1.2857046721708523,1.2238197262864094,0.9514291506752418,0.7944230478784692,0.8434645048954592,0.6730305841940324,0.49846101876892007,0.3521974426131601,0.24007460596928096,0.09531828507000502,-0.02281932027579891,0.0667675510787714
19.21,0.2572913781154016,0.41707657435846973,0.6487702385334817,0.8788799813896296,0.7902787098923255,0.9190695368974269,1.111153928640302,1.129757694598192,1.4424242257373052,1.4282317332717582,1.485744876611632,1.4708833438318338,1.3813446814298214,1.3755576203408753,1.465819108262229,1.4483375968835672,1.5224416559644747,1.4151553853729122,1.2279551580814294,1.2128229417150167,1.2456750083077752,1.1674076875504393,0.9865691239967991,0.866994751530978,0.8942507114385261,0.7070653121470994,0.42602035092474955,0.32770783000903,0.3152109137498112,0.08721984874546106,-0.04975172070814841,0.09125725112535486
19.22,0.25526149998931397,0.3557239063193343,0.6078402359088309,0.8624925453820274,0.8794831845252322,0.9279609348598769,1.1233481358423867,1.1409450151245486,1.2852879060311435,1.237586947189696,1.5459316684837265,1.4885084940592113,1.3432140673457902,1.4840342516705631,1.5496371772780044,1.3527532958786768,1.4307846534944786,1.4438843055629544,1.2234247079468852,1.1873863136742915,1.1952341402145026,1.1563536749880654,1.0717221961397463,0.9305786065268445,0.8777666999760767,0.7195594348449061,0.5324562118321259,0.31661622273333684,0.33361503096877787,0.18582747164818356,0.048898388126553324,0.0837891268599496
19.229999999999997,0.20469212857696392,0.4584247513801866,0.6481782490485408,0.9235898962641099,0.8867855296733412,1.0192866529454079,1.1282552924153562,1.0885327269695038,1.3519530957536154,1.454729216724981,1.4411256273175235,1.363129161113887,1.4414166986531447,1.485346329274497,1.4461794854173373,1.4382009667958606,1.5339177740801722,1.4097468981259922,1.300175384162209,1.2391875364829472,1.2632726428763,1.0660537043730987,1.040881922531226,0.8538731111870446,0.9303093504935108,0.7227945686345977,0.6230805943473141,0.4302499762726751,0.41374512239126054,0.167907615326134,0.04746042647381221,-0.046752456236441385
19.240000000000002,0.290650344540448,0.4226567254340142,0.7121243192320665,0.7889721965252497,0.9045095925937168,1.0456119655400766,1.2409982605479615,1.1668525521750583,1.2955274723698111,1.382420117890244,1.4695896248083153,1.4234020067332267,1.5555024522587426,1.3622905411366595,1.42547081959536,1.3650518704509398,1.5142811997544712,1.4331891572428173,1.2688586797532762,1.2476301985482108,1.2921363166388289,1.2228553958270674,1.065258205839942,0.9734337239159592,0.9251244880310029,0.6949985154742367,0.4655287358590475,0.4050465167865915,0.24201990120407338,0.12873159792625105,0.08039930159364879,0.22554468646752934
19.25,0.29428923172758586,0.500417133205501,0.7878855138381106,0.9093213759390051,0.8349428465619683,0.9990038383698849,1.1577906900761492,1.1237828598438433,1.2887412808555205,1.3879216235764926,1.4949438928937424,1.4620968187521695,1.3635385482544589,1.5567253309514166,1.5226188705418566,1.358595961370341,1.4449858672233098,1.3907476333506308,1.2426225836527345,1.118347648550275,1.2316466540681041,1.1649687887901417,0.9945222948921375,0.9448196962834374,0.91365922355191,0.6354938479419411,0.4997692707279507,0.4503762031291973,0.3037402050728311,0.07672658883630075,0.035770683076232435,0.2987114841133462
19.259999999999998,0.1847610039941603,0.43546317215238833,0.6784405898145092,0.8489609380046979,0.7210864331224845,0.9320036250037271,1.1133311515238904,1.2195840869313592,1.3638551376700363,1.4148633096017214,1.3889284027050182,1.4403488421918107,1.5123332866529062,1.5839690786635112,1.5654133274062447,1.3616347075848145,1.4735900089888614,1.224859680457244,1.3061301094502218,1.1901043199754509,1.2961905285549518,1.1584976898537995,0.9772349298764,0.8242650299239889,0.8884127938070318,0.6625669522889914,0.5711676788566076,0.4477938573697691,0.4218192118740427,0.20236491161337417,0.07553933515619055,0.10910525283020796
19.270000000000003,0.18753859404842424,0.44719711131969225,0.7556849250197953,0.8790208699260611,0.8349598045767852,1.0123497415697247,1.152013519333252,1.1378122091503722,1.3673792239738964,1.2329185863125247,1.5054125871828656,1.446590595444607,1.3435561914394416,1.394900128400102,1.497408564949874,1.4045589105526555,1.503208747544532,1.4636552966985372,1.2682864407882986,1.164727209219638,1.2438740012195075,1.082100288777218,0.9393342052626626,0.9081454255332044,1.0251298053149813,0.7673307504244435,0.5501088021990723,0.3963501543760375,0.3928890021824263,0.1310559148785066,-0.07374164827959176,0.09298306993686917
19.28,0.33351502498155805,0.4679913010914374,0.7117708275397544,0.7570239080969056,0.8028076841687477,0.9569908881556314,1.1738666612463902,1.228666198368248,1.307202693312978,1.3722965550719104,1.3590965481733115,1.3474282237772397,1.35451049227642,1.3991229053825243,1.49215597995873,1.3978720695032762,1.5305082130324985,1.3374997025048128,1.146073042188537,1.193173857344632,1.418708950037901,1.2413268889743518,1.1056141822754264,0.9438144630159585,0.9584666719674395,0.7472406826946562,0.5095571010183835,0.4725633267876399,0.42833870875540636,0.1474323359435409,-0.07030975581826222,0.18560978757464253
19.29,0.2833952403218443,0.43842196124020133,0.8016962942982339,0.8425417620806884,0.7820839523842652,0.9825534820816262,1.1707685154515217,1.1563048602153558,1.3297179400875998,1.4513524979213988,1.4462622437704478,1.4358068084155093,1.426888120261979,1.5004702018282847,1.6275866955252143,1.461939552872051,1.5014761577839368,1.3216134255382412,1.2316138556606029,1.1878688414594818,1.2300262513128495,1.2255401002311452,1.0919169785104883,1.0240558086255576,0.9768882348513402,0.5952293720168805,0.5105685344384465,0.3047939579310998,0.4007460543192648,0.19646616936315953,0.144654993250101,0.10618200067397314
19.299999999999997,0.34476991171129207,0.573219539975015,0.7179361586710196,0.8581697622918335,0.8209699818316788,1.0420567708178157,1.1543981200775688,1.171560718201552,1.2863885928545373,1.3827673035902037,1.3955274843381797,1.446073155356078,1.4440628660708474,1.5695152665712242,1.631784395389536,1.436020054938168,1.5382089893110924,1.497877952685426,1.3114364628542172,1.2505364808288004,1.4019842592374152,1.1773015316462363,1.1605566787549635,1.0662089539817352,1.0764212527370096,0.7469834838125317,0.597752507263471,0.4635390635283858,0.3823885375399807,0.19216748250922702,-0.04360804504986037,0.10003483479536059
19.310000000000002,0.2849561715740019,0.44298841008888135,0.7353013094989905,0.864960954458868,0.8462903351072428,1.0712521917199753,1.2229911102048794,1.0369851451733314,1.2602840288638304,1.3222181680522993,1.3967848509955196,1.413299942172981,1.477153874017234,1.5637643331436484,1.5990607793510085,1.383116195620579,1.4991902389338116,1.3777677072076688,1.299336649215052,1.246149350400127,1.2747096743069364,1.118636963462192,1.0638922874785046,0.9312957962412024,1.0050785878239714,0.7990445997388268,0.5343224262362385,0.468708057359194,0.41390956916201616,0.14664447005702091,-0.011651600307289256,0.02810018311271067
19.32,0.3149894670100567,0.475716757102368,0.6906378367095329,0.8396688374821333,0.8383402814468109,0.9957036796801897,1.2147576353073242,1.174050407535945,1.3022547818768655,1.406606797228619,1.4527145106016837,1.4160502136898747,1.4329645662898722,1.5521800278278548,1.4794712457891954,1.4268391544308185,1.5312822549277714,1.3821414152926257,1.3522159137244536,1.3192091101076855,1.362537726407421,1.1458996499055902,0.9493028248820914,0.9858960249016598,1.0292411244918591,0.6595487533309458,0.5519288865983164,0.43837422720939395,0.47373556881054735,0.1435887519451359,-0.02694261607337235,0.15052726808297556
19.33,0.34359955382793617,0.38879980284702575,0.7484881726504925,1.004244377979657,0.8697093151114484,1.0340011993689329,1.1740467506836967,1.1055696537478577,1.3742717710421106,1.3936666759244873,1.4723502927137373,1.3457806730398918,1.5335181481786544,1.5821442328181408,1.6191415606655384,1.4882973531809527,1.5110829374382686,1.3340291622238574,1.2632574494146467,1.2447210253008023,1.3646869449107186,1.1255812369883034,1.100744753449739,1.0718784312306786,0.9683303520933777,0.711200205521658,0.5419834407227891,0.4500952655790797,0.35206261212232653,0.1883186758789657,0.024757693913370928,0.20467647825952737
19.340000000000003,0.20658240887017473,0.4355764886942227,0.6834473439513661,0.8501744469756228,0.908070568608363,1.0522128086108935,1.1749120923832599,1.2482445810303995,1.3411128097711975,1.324773328936858,1.3462342591239753,1.2331432691046063,1.4458163997686588,1.557708356068859,1.561843481633133,1.341687113198768,1.4257555809856766,1.3361755402746456,1.2702824069633785,1.4029907515590312,1.3586126073361915,1.1478986908692193,1.1352027060480085,1.0093694836051648,0.99954294263485,0.7789698567269192,0.631423234887352,0.5170618028125524,0.4436769292307747,0.2333218244034217,0.01914959752018067,0.11330847506100558
19.35,0.16311883879797112,0.48177443743314563,0.7626138826322697,0.8972715982088156,0.8188757446429425,1.019081500598436,1.1636961998412174,1.1498459611366445,1.345980159171262,1.3922630847697772,1.25738718277796,1.2316836751499969,1.403021613099148,1.5337750806975239,1.5716379275535624,1.4717673402619174,1.5087602109071319,1.4118743758621746,1.3292262517749998,1.2990794061302928,1.3300018698488418,1.2349975974457152,1.1417972470242825,0.9882515805151733,1.0055498843522206,0.6130997697188723,0.7032966177936393,0.4468244987489485,0.37631681821975543,0.22126943646527197,-0.005721327487195383,0.08387459868045904
19.36,0.28468209320016746,0.5184466366426627,0.7258352408076275,0.8244455979453402,0.8669930833588486,1.0245003841282998,1.1572562927103924,1.1145509999404153,1.404114441642721,1.4226003206955822,1.4627372450272926,1.388649426125191,1.507648068561444,1.458906943998889,1.5312335954165144,1.3294134349345192,1.4486635760433784,1.4167212835613698,1.2515200448842418,1.2164716908964095,1.3103688031089264,1.1706312174376785,1.0594158020193047,1.0325375051481778,1.002201351487958,0.7241126315117142,0.5752205949494533,0.3874094742820264,0.46577901884222406,0.2689379998395948,-0.0034915435464782374,0.09561030233352585
19.369999999999997,0.2186252514064344,0.5185909417485227,0.7552396552573057,0.850004446296022,0.8543158093297065,1.1062753241512129,1.2288865778388498,1.2139135004574602,1.2640061436344392,1.4029788013201787,1.3718058059079388,1.362331367220286,1.4967765486593052,1.425652540052422,1.488839502204164,1.3916891647398637,1.490852056389134,1.3581088640955794,1.2809483888620643,1.307481473259711,1.2959382443325973,1.1042493410496115,1.12148501584462,1.0425022882999417,0.9982922378272346,0.7157952276186179,0.6125785598210816,0.456328752622345,0.45683066223245855,0.26756940360081766,-0.0554218885812839,0.1440580878827451
19.380000000000003,0.2639448107296065,0.4498948911451813,0.6830913497407557,0.9280424473112343,0.905640741839896,0.9331869221019511,1.1760408434198608,1.2175548355497303,1.3252683520967068,1.4297178699534097,1.403136925420581,1.3152907720026448,1.5485270182905493,1.5394827371379949,1.4805322738406328,1.3195576197662087,1.4530664404861653,1.3531114804505562,1.460613116638869,1.348821063039773,1.3571231528586025,1.4789844235609881,1.1322328388309573,1.0550240146419045,1.093705330875665,0.7601013756243209,0.6276056899822194,0.4469676804639864,0.3978552752537962,0.2969036569828412,0.09578963286313864,0.25413537022421756
19.39,0.2458425811049157,0.6195627057623989,0.7237673150963253,0.7994541766961608,0.8026319473265582,1.1132623316713532,1.141101812704945,1.2504865558628246,1.3555766406692351,1.3132920759861713,1.4323997992554935,1.386723607176425,1.4623775735295945,1.6223938655491634,1.5704735292750116,1.4261524274862782,1.4893167201958462,1.4164319264206067,1.3677198562609112,1.2452078141997343,1.4485231534551488,1.217172517618992,1.1547317722417794,1.014200198836353,0.9849732302623958,0.7607885203896407,0.6320908899984685,0.49187970710020934,0.44837240008062457,0.27430529812827503,-0.04356470920933895,0.04363270129619565
19.4,0.21477050384522545,0.47823574752828824,0.7418539045914457,0.8341032425967901,0.7476699345539064,0.9377817874375849,1.1823908286025826,1.0988796404639376,1.4194152447880026,1.3850833410029175,1.3906308007183439,1.381473577777649,1.5042804628466162,1.572071568225236,1.5668437569098705,1.4554319480322016,1.4638526549870692,1.4476575460741472,1.3403312362425766,1.302779940367618,1.3790687635690693,1.2904861703199357,1.1363545311122056,0.9858551534179394,1.0333485199340724,0.7723807118550096,0.6043714163325354,0.44158332261514166,0.3794087355252768,0.23363648092897674,0.14542378784960208,0.1687487880521179
19.410000000000004,0.27636641237538184,0.42485068548215515,0.7454265996619598,0.8142105283773733,0.833758890728371,1.0247272886018732,1.1492952689137805,1.094797484851521,1.3062319651020144,1.3946862486001168,1.4637708189684524,1.2746646009512141,1.4377507968781964,1.5392023925991238,1.5072220854779341,1.4835001790502367,1.5179494195740086,1.4704913776272348,1.3792295102402008,1.359253967470025,1.5109971141204885,1.1985941977053851,1.136554782640235,0.9923660843948467,1.060217300797529,0.7807269928449844,0.5775630672679773,0.465632225626966,0.4309370482052996,0.2349164053763808,-0.04325031547469155,0.15539997334781014
19.42,0.1645403159521998,0.49707515231977945,0.7673633822412417,0.8539853972221011,0.9258997278482544,1.0740399403331427,1.1986431770266996,1.297511062610825,1.3859057583153727,1.3917280248278505,1.434117749881533,1.33491235526018,1.5376136727167726,1.4885455696086018,1.5588856689695914,1.4991888541988085,1.5087121558789778,1.4940873060186615,1.3511754775187919,1.2631672953644326,1.3954990366968065,1.2340593259897101,1.2427372704264297,1.100639087388525,1.0782587664048926,0.7716632940402729,0.6530366183035851,0.4556777212013924,0.3843711037284475,0.23279991240774592,0.024172856645425223,0.0570623836960487
19.43,0.39676379851529403,0.5209575981215869,0.7159376418136545,0.803724127657622,0.8305132615761587,1.0203036287028393,1.1079959964282242,1.250177217777738,1.3557337221452597,1.393433976058515,1.4835695910520044,1.338038602441815,1.5452786045984934,1.6541559511910566,1.5965492602010403,1.562929492772729,1.5092926717854542,1.519521402758851,1.4118990568591492,1.3884863373673437,1.3804936429563188,1.2051106927372364,1.119111948925266,1.1738762338493456,1.0842335702108918,0.7945554610682288,0.6787846607027236,0.4675340809699055,0.344627851991582,0.18488709950939552,0.006228864784821098,0.13098476661877675
19.439999999999998,0.32561635965571134,0.5105840286551407,0.7511352099966303,0.8873222427178209,0.8777121732253153,1.0880039690640122,1.143801047022981,1.2241433900295389,1.3611847129617645,1.3781080422465464,1.5226231405281123,1.4227306838241391,1.5738936408955533,1.5002153592431213,1.5234508199695207,1.473644940890162,1.602778268197031,1.4833794333705872,1.4804241752030294,1.2654171547568271,1.347757174730706,1.2803605426240519,1.2089255268870214,1.0869561650182553,1.0686785579910358,0.7626762600743066,0.5687885351362366,0.36698967561685436,0.4051681376108933,0.2815489253705823,0.08787840807411929,0.15706013952516934
19.450000000000003,0.2636611055392985,0.5481366079823486,0.6191490133332644,0.8496223363482346,0.8850392541926853,1.058056374583067,1.257872613527892,1.2259744985049637,1.4309324476128151,1.4679168458226086,1.4113794689463623,1.3883802220886667,1.5850091685854442,1.5815550035918435,1.447026028145132,1.45433393141159,1.516474635160477,1.4301522338345591,1.3620669167010613,1.3108360767898952,1.3413647236634474,1.2439201427293163,1.1800352075126133,0.9875092116335343,1.0255091374397949,0.8034455816758255,0.5535849444310487,0.49074162014919387,0.4549887815866308,0.34222589115685026,-0.046498150159827445,0.07337478732181896
19.46,0.3062470686169147,0.5170410176787539,0.656862364955381,0.7673022493321617,0.9258760471570812,1.0972725411329116,1.0869122717438664,1.1957333610461125,1.3610652933444467,1.3501372006304415,1.4344614911240297,1.3250612953333822,1.4645845730008291,1.5773509798470247,1.6332955910517162,1.4953753583042324,1.5294388263355163,1.4238126773043,1.2870303913443955,1.3566500455379538,1.2806894328135698,1.2463262472350132,1.3254687013927857,1.0363817720592816,1.0233528184543137,0.7374120448453897,0.5764971660661294,0.3734091831775736,0.3718808986732109,0.27420247157269817,0.07282995644293919,0.10819716905984755
19.47,0.3120755978883046,0.604539219898146,0.6558479456164726,0.8183173789681978,0.8947404649185602,1.1028087910534075,1.0956446314034063,1.1920646413706255,1.432788465594917,1.3754737232163197,1.4669929687432144,1.4143258347577192,1.5077401582238408,1.5769528578469976,1.5678374086906768,1.5364741150909262,1.4929790979603432,1.461744775682513,1.383873955222931,1.397835032343292,1.4043427540333755,1.2678267823832967,1.168557373452019,1.0017161582720253,1.087914738496983,0.7816733903247548,0.6734533853275925,0.5568794783666996,0.46759472534848795,0.25749754035206746,-0.05204282052670026,0.07230019138298312
19.479999999999997,0.20186325279127104,0.5424658733995263,0.6842494843134002,0.7188938721056076,0.8144099145072563,1.0440224660993358,1.1095942242134071,1.128367535144947,1.3064597027471339,1.290193358809332,1.443597296587074,1.380502508231297,1.5161809717174513,1.5157659483187544,1.5772799866134766,1.5159459067160135,1.571429738931061,1.4875769379973962,1.4107045434759764,1.3480293845630342,1.459723739341166,1.2846416781432133,1.074030981128412,1.0191437198042563,1.073940322466224,0.7358077594220116,0.5518432487855762,0.4916570937160783,0.40792624679138556,0.2593287376711166,0.024253289049335734,0.05730658173115463
19.490000000000002,0.2803751820221245,0.46084577788031167,0.6005768742420196,0.9063327907047124,1.0253197273285801,1.0984362017939775,1.0935444058102215,1.1897526619585213,1.3933061190585978,1.45794143238688,1.5326481282775735,1.503985678424572,1.6330817910923303,1.5662239640325892,1.541469215612784,1.5209504874886597,1.6445649387495467,1.4785435359055088,1.383635307923953,1.4325657727181909,1.3543054639805472,1.2458578937721034,1.2417620921747097,1.040886935627531,0.9565376314353825,0.8141004487870128,0.622961918150089,0.47569670013137433,0.40197030693594143,0.2628792076964898,-0.055552269432996154,0.11096992019560012
19.5,0.2210101123033278,0.5286872058245221,0.679136298848875,0.8381165214270605,0.8692179622417623,1.0639194461654458,1.1702860863364248,1.3495614434132328,1.4454244360790551,1.3775203377269878,1.4896955512557128,1.4193470342029895,1.473221932294425,1.5164920355098876,1.596509030824541,1.5621161301762174,1.6031508439008155,1.551791882752664,1.4087516884123985,1.4397140681422376,1.498037984786636,1.325555731100183,1.2200805761327762,1.0836021647347456,1.0317299185149722,0.7941173915836754,0.6523216966677643,0.46472594898442127,0.3376061826867785,0.21646938901066376,-0.11370281267123199,0.038488290979571585
19.509999999999998,0.37069306890073966,0.6395358000724223,0.7056491082630001,0.8047128612255442,0.8611394250927309,1.0541512681380882,1.0659160901088316,1.3062394696320314,1.4687529594936297,1.4526796703065998,1.452705025301139,1.327680342726682,1.534268754382703,1.5213306822079669,1.5313439589666493,1.5004776135487212,1.4835222261514083,1.461739069612432,1.4234837133763958,1.4068178623096308,1.424244004261592,1.2016666124355286,1.1862269896806432,0.9441435088695624,0.9531023383808883,0.8567868644323182,0.6765493755362987,0.5412771917593628,0.419383901636473,0.2381876072096604,-0.003240431943167983,0.10015121773783037
19.520000000000003,0.33854009836632715,0.5590094547956759,0.6358238698825129,0.8027334115367168,0.818419350550448,0.9082757283903597,0.9941995863256151,1.1791707796185722,1.4155316792901351,1.4579580539569232,1.409839031277588,1.3680513592299806,1.4726283454309235,1.5414039164221442,1.6252756587512418,1.4954105186980882,1.5729149573225107,1.6199735613036828,1.4398414732260238,1.4720496861506782,1.5407969622699729,1.3672137127526778,1.2100178451110593,1.1299263243811184,0.9194853971157411,0.8017436279449622,0.6436403978627462,0.44311387705866295,0.4448428682560653,0.20755381430022973,-0.08138974591782448,0.07926165575221295
19.53,0.33175548988329573,0.6569427432296748,0.6815471523328555,0.8214260284129428,0.8942408115958728,1.115949029347596,1.0689677750530735,1.3197776992895052,1.3265367650226432,1.465276241658546,1.4383930952016224,1.2739207178529708,1.5065570941548363,1.5828926698730967,1.6022808253859213,1.5498103919287034,1.638556820454247,1.5374767071467546,1.4706891954377541,1.3478827608746098,1.4600081503727171,1.2925982608081734,1.1791231509758313,1.1118397808935525,1.0670316640857755,0.7435520374403352,0.7073623825055931,0.4482797174511829,0.35080746658826006,0.22359392859481408,-0.07014830816487015,0.06302029340783723
19.54,0.3079508456669344,0.6343527799740418,0.7112030894835571,0.7925603382567958,0.8872264132491683,0.9671545458179863,1.0683190417269828,1.3253192010593011,1.3124623132334787,1.3887996424264142,1.4891764605327373,1.388895779810776,1.646698451914679,1.6432767936003687,1.6319121055953787,1.5611678952341697,1.5729126633178625,1.444216443503788,1.4543368884045207,1.4664104831857043,1.5040314725764714,1.2825469416003923,1.113184526631416,1.0627704810489786,1.0328265408101733,0.8072833867836656,0.6666536762189741,0.4587955473997518,0.44452830310487296,0.3062425373963644,-0.02885594044110401,0.08593608931177835
19.549999999999997,0.32627382635827895,0.6269629747902622,0.597846529002471,0.7674419381954143,0.92063421100667,1.031951712720139,1.0450224193234314,1.2387287196955323,1.3635484713016541,1.470249307584446,1.5196296524525181,1.399240592798723,1.5578122211427077,1.6401636367048402,1.6006003918053981,1.5575737199632116,1.5491817895072346,1.7111729273625553,1.4272270831605882,1.4068285944182959,1.5048161814550791,1.3885580790232606,1.2350106600638766,1.0700542849289996,0.9334673798590725,0.8237806301797838,0.7566802155324446,0.5700922682914444,0.3939723775076044,0.1751705689876244,-0.021467932447298662,0.045303281000672324
19.560000000000002,0.42626350714639516,0.6792429837825603,0.7813060362862232,0.794430268796051,0.9539960821452876,1.2140556654065235,1.0975199250665058,1.295476877950029,1.2673891424984598,1.4272121808032123,1.4377137105928965,1.3950620782046115,1.5216792404896085,1.619037757398016,1.6560390319049625,1.5631159310041238,1.6138628239417994,1.5537509228991646,1.477933609707396,1.3278434410163378,1.4081103828559096,1.3183151085051414,1.1325730622736068,1.0016057035988872,0.9429187795416154,0.7935860672139863,0.6896361099988629,0.5232693059108455,0.4052273456558882,0.228209057492079,-0.019814454573859545,-0.030469749636139354
19.57,0.3089763054613435,0.6781233737520301,0.7017816581472388,0.8584246567451932,0.9655181771821114,1.1051969894666707,1.1412253678967255,1.2631072424279994,1.3597354042440515,1.4551102058808412,1.4970563988162602,1.4266512011004095,1.6090111770795812,1.6664680507957574,1.660321776336096,1.5659070558189376,1.529736003768806,1.5940067539940865,1.4288403855199698,1.4295474885099968,1.3737630690499103,1.2855458437758878,1.2249278370266272,0.9985014349316018,1.0148810872440581,0.7548396080598866,0.6878732716311229,0.5642050335521248,0.4362387583369288,0.21697776051498444,0.04145177044417733,0.10953179644543386
19.58,0.31956966659107044,0.5336424697068023,0.6076429061508741,0.81118146356481,0.904663626437785,1.0414581314277562,1.1629879661287295,1.3255007214946781,1.3777090818218607,1.395889928211424,1.4810465780549182,1.4895889494817365,1.6028554515315654,1.6032802063911744,1.7261334479511676,1.5908518168482393,1.5671142338329065,1.5564982982017062,1.4543018173542324,1.3550782452345234,1.4290247119866497,1.3290165574296116,1.270266803731235,1.1329768792336958,1.0865718529016895,0.8142496046862946,0.6878005888218194,0.5450175324628886,0.26158007582241033,0.1896901920401115,-0.04433019659106816,0.04711659401771383
19.590000000000003,0.30389928699734087,0.5668757404558542,0.5757127315498841,0.8321354819095468,1.0055605168161952,1.145116465233773,1.128064016100801,1.1825676564929855,1.3399182163373742,1.5165519807744416,1.507135041324867,1.358388343229883,1.5330133123708294,1.6617793090727533,1.583652762933885,1.4694448073516717,1.5269586174523715,1.5701435946882298,1.485395622399683,1.6332216982320245,1.4049459197468939,1.2908654225743175,1.215162230437205,1.1051648033069517,0.98882339981725,0.8893799981345045,0.7795778819693109,0.4861896589279126,0.30136161806066036,0.3007112339466171,-0.058395984394667616,-0.009371589524365398
19.6,0.3496330078956693,0.4896121633848072,0.6266457416664885,0.8085611543969891,1.0136985630949977,1.1229822996075034,1.1809527652931495,1.327477349669635,1.5705622857392694,1.4477910360176365,1.4152926995775335,1.5383847053639543,1.5770151455160843,1.4941079754950326,1.5546065093488737,1.540529697248524,1.5081505063729332,1.5406284825648258,1.3649962584276065,1.3021858705150229,1.3485792184930239,1.201483400749676,1.1738112989730696,1.1165660307469139,1.0331716417359238,0.840188581391284,0.7013945537945625,0.5170499319942599,0.3295970532186219,0.31517918982811755,0.019881865794718557,-0.0005566964166734065
19.61,0.35131256273933575,0.5794233232407278,0.6978405953755789,0.7047252485000676,0.9392070459536411,1.1394490435714366,1.0574493234784097,1.2711588925034918,1.418903692072129,1.6039754362547767,1.6179436110700018,1.4279088803302158,1.6297780375736426,1.6310173923087359,1.5941813349040006,1.553969121722026,1.6584007819064088,1.588111871227867,1.3918253899284934,1.298771925042265,1.3287393572049357,1.3161909920589467,1.1845287588062068,1.069633187344699,1.0077562698259395,0.7917709643352977,0.7149787301886448,0.4859940915711525,0.44412102957100014,0.30164339069681806,0.0412499230621779,0.09348176516135902
19.619999999999997,0.28525129674514976,0.49253055719074873,0.5670497550852905,0.787045965449614,0.8714404626117647,1.0105565337815534,1.150357366525282,1.37381396709887,1.4067017449663735,1.3989664459271098,1.4987066952654706,1.4364108702752492,1.5344885713418042,1.5608521277495122,1.6595455693061176,1.5921605938855814,1.6221059564214495,1.5428798948188163,1.4493274855535163,1.483354993361948,1.4059190620894322,1.3378176907838015,1.2605891515502214,1.09196509905511,0.9142015968770039,0.80516622942714,0.7914711496538823,0.5574292617022126,0.3712526283289931,0.2716310165644532,0.01576742606247756,0.06580023048694843
19.630000000000003,0.3613917039382838,0.598269512961439,0.6345710551717872,0.8334008181636153,1.0442996461596608,1.1066849129296568,1.1600626847703313,1.3154425378955172,1.4360201723104475,1.4644492321627618,1.5477947108620074,1.417266330979736,1.636568330760512,1.623912473665215,1.5625350493228316,1.5573714935390552,1.5889863038248726,1.6218938652862431,1.4498522310372834,1.3221599535322617,1.407482645891477,1.3243145920530728,1.1809225559493024,1.009266584190815,0.8633930585032131,0.8370251246569993,0.7728159976056053,0.5694843298308575,0.3669354285156799,0.257949377994906,0.01128734470448548,0.04533948081656561
19.64,0.3709015757621936,0.7203648247309028,0.6329432968701778,0.8029044836649006,1.0144228122820758,1.0904956387220153,1.1041795894054838,1.26389091025018,1.5103181326548374,1.480356121024679,1.5106064042164027,1.464377931250797,1.666921872360628,1.5412247918867785,1.601411840573805,1.6432843876197065,1.5854092470657501,1.5448528653610663,1.4803408609698456,1.438451400565218,1.391985191473247,1.3633730724683895,1.15257321817872,1.040232092933992,1.0499941124901382,0.77727663530741,0.6223682092710909,0.6033134843467367,0.45482544619700693,0.18955872709357108,-0.024365610488857246,0.004093170577245259
19.65,0.4183140618621522,0.5462400024860836,0.6095229539930314,0.8245691730250527,1.0061115690139009,1.0123549023953946,1.0380164699457575,1.2578421826354622,1.3145497903494827,1.5015610290758223,1.4638271429669347,1.3381009026872008,1.6566218928370227,1.6209384943362606,1.5513834863530422,1.5541894695994618,1.6171391085555489,1.5747350050337445,1.4067898383281172,1.3415515303952794,1.4590571137954198,1.2811282606649113,1.1907474295499871,1.07592809211144,1.0020625904231475,0.865346740383895,0.6903342910776579,0.4669558474022599,0.3014338358002126,0.23007741546879149,0.052113688288560216,0.06547245761776094
19.660000000000004,0.4576683894940779,0.6759664038294133,0.5508419895465447,0.6619966059928032,0.9443340757496271,1.1298478579472797,1.0737986867845593,1.290058012549635,1.4081688728519208,1.4017458077264333,1.4330686247589057,1.394138815442376,1.658888152264855,1.6514569331276452,1.5549704111577023,1.5869451385790765,1.657660448936574,1.4896426982792463,1.4648637753453728,1.4443575959772301,1.3427934543211881,1.3986572562611572,1.1967020240565822,1.129492302273108,1.0181527306470444,0.8372274787139589,0.767063171478573,0.5896136808702603,0.3594941946914946,0.13430682879198583,0.038529197798894965,-0.02489249272787103
19.67,0.37034702532089503,0.518770906743204,0.5558714322665854,0.7478048003498078,0.9896819432364405,1.152987578281541,1.0621249479305432,1.319139218753623,1.3186711080432216,1.4959320459113994,1.4372880463339062,1.3417644464639753,1.553814954093702,1.742271129047552,1.7184586963605282,1.5990333561874497,1.5205124124438394,1.5477521340054163,1.5420300180976836,1.434371673767752,1.3917812191606045,1.2873049422336857,1.1580225246524916,1.1451003041076575,0.9234775928127575,0.8431956339118409,0.7762327430656996,0.5987593760978838,0.4171630322997351,0.24906004876921162,0.008627164438896872,0.008436958746597202
19.68,0.350307080391258,0.5579999977738698,0.6160794900091567,0.7910132427243731,0.8933933761351193,1.0586465965806653,0.9507425207495949,1.2619995837657554,1.5000183343605547,1.3917395733539182,1.4045714034051546,1.4634178000909832,1.6303306590624445,1.54754097647391,1.5420628499927733,1.6142847851577844,1.7020627177878123,1.5059524233068025,1.45170811133323,1.4187196644375726,1.3630027765025923,1.158863170542013,1.2964103268078275,1.1917365551518664,0.9775404333656055,0.8016882294881933,0.6357537154503667,0.5173674115015692,0.3453398427880526,0.1147803858184526,0.030453626177788084,0.04518747895371133
19.689999999999998,0.24311157295735236,0.6050198826321539,0.5526827190812769,0.7470123045909586,0.9683846668224679,1.1260765610799168,0.923234514123985,1.1454856412290169,1.429855494100442,1.439531352927499,1.47469032968258,1.4781270440154128,1.6922554886022385,1.582605455226703,1.6641801616760703,1.6408639615311442,1.6272506991819182,1.6244318482359632,1.501968108771189,1.471062136350156,1.3603276730294551,1.2802411668940192,1.2229079494265207,1.124022193502118,0.8334100146671682,0.7209260820831417,0.6350665006903013,0.5787065907432937,0.4009301071934519,0.16256792280238236,-0.06365534836087847,-0.04927243035182381
19.700000000000003,0.36980857082951496,0.5753671745918221,0.6307202649745776,0.6595681486660019,0.9655780180000114,1.0556831750408915,1.0767887153752773,1.2644131410676225,1.4166508263408177,1.4932134703108226,1.4969121538130867,1.4894175661741982,1.6331658705565475,1.653887519024683,1.6068983315209844,1.4975051991646602,1.5536897272554533,1.6140905232979728,1.5428248990115803,1.3901402291295817,1.2874080743697114,1.3231050903568455,1.2467025536926852,1.097751981956223,0.9035018148156835,0.7706414997446346,0.7705273641899986,0.5324966632652681,0.40339399076941745,0.21683265667993712,-0.04056672193986267,-0.11541363545069466
19.71,0.4025225274402875,0.5986350069118959,0.6497013468360993,0.7005050906021113,0.914752594186291,1.0603065496152366,1.030197597455692,1.23246041190081,1.408207516806338,1.5478948136195378,1.4747296078371561,1.5361330047183257,1.6742102791877809,1.635297293954027,1.765927081951621,1.6899486062819051,1.660108429061538,1.5941895805901654,1.352359471082032,1.4246049730115342,1.3664605162367789,1.3592918086544155,1.344216321309324,1.1994993018082978,0.9392684227362745,0.8782502269606765,0.729649254912318,0.5628395096419745,0.40463546865969696,0.22377719110198516,0.16863291689888352,0.0632035376344186
19.72,0.4727388832503649,0.6643898647300419,0.5742466434669272,0.699382637971449,1.064591552168842,1.1339837537577178,1.0619865443435663,1.2811200108244973,1.4493447743939933,1.486941226321518,1.5292368552128932,1.5553776680540203,1.6713148191185119,1.6404930655822845,1.6382709613364363,1.5805206295863652,1.582057363657017,1.6203111793916252,1.5970450326749475,1.4282069256840346,1.3980540667123262,1.3205362138627117,1.2610652137238254,1.0977816434397776,0.9101418779282603,0.8264928642595377,0.7198245169510147,0.5029910473160487,0.3833576319895789,0.21456683067424626,0.08160642121986952,0.0173381723231815
19.730000000000004,0.448475605037021,0.5550620463340046,0.631620503839148,0.6995701502818131,1.0229310222524814,1.1638667540265242,1.137701660274438,1.438941441307378,1.440846421756555,1.488531567157694,1.455476334350472,1.415021440735785,1.6035215358119526,1.6829658587296092,1.7001754855993327,1.5491366339280184,1.6631218293103174,1.529042853800554,1.444870883047415,1.361169083059523,1.387652016521034,1.3396616167100837,1.2440459405181832,1.167689986253701,0.995966425866086,0.8143094482178095,0.7155046026062402,0.47834322113969496,0.3095281384881201,0.17497840059809822,-0.02140838275356852,-0.13270303611956852
19.740000000000002,0.4891450653716163,0.6395683622497598,0.597715097084791,0.7598801662018377,1.0275190570187014,1.1093978675209377,0.9912919196551575,1.3324050549129647,1.5277550064177805,1.4554126112406203,1.5478426913509493,1.4564021479105107,1.49847585448121,1.4578934065312057,1.5640755313818941,1.5785214846042779,1.6360977994330423,1.6877389220392451,1.5438048052128626,1.4937017719449173,1.2823985587273226,1.2839199327260586,1.1792319150910928,1.077125151215428,0.9579418173989565,0.8073364957002596,0.6771719635265584,0.5540127038242175,0.3649840530781068,0.1825002997919515,0.06649161498038517,1.3486225836231713e-05
19.75,0.36624897416176666,0.5770581702038329,0.681067491054017,0.7642017221020744,0.9304944343327868,1.0765211301072197,1.0544958156770974,1.2916037884658345,1.4538376854670154,1.441677093384079,1.4873533181756775,1.489483745666972,1.607809941171198,1.6078989024733374,1.6188544413518695,1.5869932117655854,1.6127539918828502,1.6287692209062512,1.410632118510474,1.3525760653475916,1.3313857267473175,1.2761976087151365,1.1818351511387934,1.0840768049254441,0.8886095864075604,0.7649844067365658,0.6792859169339032,0.5248734586629278,0.34174900885880494,0.2718807655286621,0.08859477024000298,-0.040659008960711736
19.759999999999998,0.2725416275241752,0.668960912450794,0.5754090366463437,0.70319118652365,0.9210944352700735,1.0742255907112073,1.155830465145783,1.2708441640391637,1.3923145375785826,1.4997909046076137,1.501004371502411,1.5395899569455567,1.65768144804964,1.6065434536076726,1.6357630189851258,1.5684685663856759,1.6309453698863605,1.5748847962291637,1.5768825748340876,1.358137963644496,1.3164401468315459,1.3864320668169057,1.1741550322003753,1.0163732058267692,0.8825069216628458,0.7597737405512783,0.6328742853222349,0.47792695177426914,0.2524813761452274,0.12843718067713114,0.02222881159288748,-0.08362532722147265
19.770000000000003,0.37867275143005663,0.5782553145562717,0.6500590155076917,0.7484170336573406,0.8948527676069424,1.1084704418919358,0.9897092454471214,1.3652802281334449,1.4159115335785946,1.4586443440220007,1.4920743923079254,1.4263765906915378,1.6466198517378887,1.5409239547566962,1.5828858804120869,1.651527622311772,1.579059266312585,1.537211302947691,1.4736895243859511,1.433653942691617,1.3307650971882632,1.3608845937274618,1.3097876829611166,1.0963198579589897,0.9172528196376559,0.8027917468217708,0.7583716471063198,0.47444044519397094,0.31713404358174746,0.16880114691252,0.11097894356364926,-0.015550064129342955
19.78,0.35372548679800087,0.46330252318878873,0.6035377499998613,0.7420119131124121,1.0166734558780697,1.1277039557248956,1.051803484902298,1.2775429487120977,1.391432831796986,1.4801607051915482,1.3996034638604402,1.5542995975040774,1.684617028887531,1.6326864332824007,1.5562369676784216,1.500089369163077,1.6438630672865404,1.6011822104559132,1.478057088111304,1.3430426735299557,1.3514633039753754,1.282415542967256,1.2446177428381946,1.0894864456558742,0.9554577379265621,0.8308884280326932,0.6893597885788342,0.510722324219482,0.3950273571926453,0.18281649860049545,0.0828234414120995,0.0232160685686097
19.79,0.4027613989572881,0.5747408523187271,0.5235172933567254,0.6408836118570941,0.9588272742867623,1.1007254540427103,1.068852097055309,1.270097527399506,1.4750765130160481,1.3472780239491309,1.4446508319793028,1.661009556201781,1.7381317920956119,1.6318479923628222,1.6514840579166212,1.6282040732689511,1.577956260065124,1.5071911414379848,1.4721496329250585,1.4492674586332956,1.3699305062131193,1.3636107718005823,1.191486606872135,1.0466439030333332,1.0319253946244793,1.0055271293442918,0.6613528456021309,0.5548865805095363,0.32902621115003494,0.21036330770953446,0.0638466703074902,0.07307341197405018
19.799999999999997,0.39580018276071155,0.44516162524576114,0.4238862098551094,0.6367113991775369,0.9473285477426309,1.1151684230007184,1.0193023931063918,1.3309863140059688,1.4008017337101333,1.4347801839355445,1.5155430431313688,1.456360284815285,1.616186720183868,1.640523685443036,1.6409523321670632,1.5833549096066588,1.6171125908506452,1.5017192517920757,1.4470876035262967,1.439203680890771,1.3261869000436413,1.2591379698093568,1.2577135812447626,1.1214271905233217,0.8326426945319476,0.797645616111014,0.684034907320794,0.49565372565822996,0.302608327960154,0.17901523407549838,0.19070972411352466,0.13836238782150503
19.810000000000002,0.42709854959561,0.6085989330271121,0.596261237952327,0.7395042273349791,0.983265384646004,1.0434006245546568,1.0070111589452773,1.213853955450379,1.3357624440340508,1.4456310362954408,1.5664685528821094,1.535093506457098,1.6326570279335788,1.71323494199148,1.6389746729315247,1.612341581681244,1.5791477951828867,1.5829603900531937,1.4922583357118244,1.2878044270472926,1.3148483096760863,1.2523041716686887,1.182146381271162,1.0700240804609236,0.9198026882716037,0.8158162796976245,0.7277106422019658,0.6030986698738392,0.3847780670509012,0.24309520758212394,0.09414176191004724,-0.03164433143083382
19.82,0.5126198875397128,0.6387541464418438,0.5106771940578414,0.6190374592884186,0.9164376715756762,1.0980178803068277,1.1229232799110107,1.3348399641795234,1.437396943664166,1.4558223553110141,1.5129026739586804,1.51508920658218,1.5781126753648989,1.5477520960808557,1.5602391739872132,1.4752948426676549,1.6522867630604605,1.6578627808265047,1.448154040091596,1.36281999718865,1.351502103996389,1.327952851719226,1.2764905433705604,1.1403882909659335,0.8194421112128395,0.7976459451684456,0.6809123469936174,0.5366040678181581,0.39947013539345777,0.20408991232492013,0.010985635615375543,0.014112213066125062
19.83,0.3611615108844138,0.4476159237159307,0.5654982036063381,0.6534257790961331,0.8902979206249063,1.167345585826019,1.1798551632657899,1.3583019433615635,1.501781178174378,1.5095225708007838,1.4736027830892184,1.5823520736829253,1.6681863699899486,1.6277684271578274,1.547160293183863,1.6357660359456578,1.5232715502693501,1.5016143286476011,1.4047870915901777,1.4343672368126448,1.3953016555781563,1.306078768645635,1.1942918386338595,1.130600160246927,0.7869868867056479,0.805919453787764,0.6970394103622372,0.5853202967955298,0.3000916253149068,0.1277912569547781,0.060934079670544164,-0.07584731844307885
19.840000000000003,0.3448221523177856,0.49127036363216875,0.534566198056854,0.6583791356571341,0.9605827818975183,1.148955531617772,1.0681911384353617,1.3097836913770518,1.3563893690024587,1.355990892211337,1.4123816375799745,1.563516140504007,1.6079606229432708,1.581499818168235,1.5596864643683965,1.4957258202417225,1.585195056893287,1.4881266133415245,1.4988486198549031,1.463279495028737,1.298232393052756,1.3071090805588055,1.2679880469863685,1.098448220438326,0.9438184138643034,0.7573923399465973,0.7401742027408228,0.5156715136813353,0.3698769500183845,0.1969292372053599,0.09895873000503978,-0.06660570016472797
19.85,0.40858357906888876,0.5295490036586443,0.5634868245507061,0.6823566923124648,0.8885315164923017,1.0164174287686663,1.0303251512108977,1.2832827453220843,1.3716512006262815,1.4625201587073948,1.4695450197617863,1.4300018928854992,1.5590762622835537,1.5601302803864563,1.5569875533539106,1.5526693611240945,1.6142122102394867,1.527387677600773,1.4912533074399261,1.4709046143802762,1.419601521966758,1.3110303495252282,1.1916470232867535,1.0599338462952015,0.8116115788943518,0.7927904765729179,0.5630856487366254,0.4530184432959535,0.3915272430842326,0.266206384257321,0.07792197880053467,0.04995396618609556
19.86,0.3889234986488317,0.5247881236255827,0.5519311151010273,0.7139269051507532,0.9793299035502284,1.1720733077553454,1.1068805327634965,1.47504419052146,1.3878942508780145,1.4741042485621372,1.509041855021755,1.6496285377985422,1.6959361660788288,1.807813689587941,1.5919253503892719,1.5604780766708277,1.5318014220980505,1.504184647182933,1.5068089602699215,1.3067891866968224,1.3076626897082821,1.2680926880237782,1.1968451225606838,1.219782915098661,0.7610073923787806,0.7444984763712359,0.8117689750967129,0.5389029848595304,0.269863819236156,0.1654281092822699,0.07478062741680716,-0.10015062706800759
19.869999999999997,0.5573574316425315,0.5544236574272474,0.4129871024925466,0.6307231368136472,0.876349917539812,1.1977950015712688,1.132447767747545,1.273525788179381,1.4285763349387262,1.4189829293701857,1.493782466290852,1.5492233939695657,1.650177677326751,1.660851882559791,1.6170033285705638,1.6385494283853994,1.5694991362210953,1.5382995063436724,1.5055436814818706,1.5134720001675968,1.3002768651040186,1.3553956449032452,1.3183129377557294,1.0960784780949606,0.8972797486771373,0.8870845427720598,0.7058359556689469,0.6440341230700737,0.3178909905161403,0.14830974300033156,0.1679231396832494,0.0773612222451817
19.880000000000003,0.49366696696302365,0.47950182270966424,0.5948736157200134,0.8100883540598905,1.0196449343917016,1.082741413315756,1.0607385829175777,1.3463704656667368,1.2982601812131396,1.3316228190460042,1.4380567112342486,1.5914357229752196,1.5705268964318029,1.491883690966692,1.5435935213381968,1.5337799503112832,1.558595407970879,1.5499269531828683,1.5075451879775603,1.4643204780983432,1.3016790435198835,1.2962041163637301,1.2180557006346504,1.0689524940268889,0.9000083179762532,0.8724031503377095,0.7075991956008605,0.578795719622509,0.3781646901648731,0.22717117618957586,0.17927718603982817,0.08491235060832206
19.89,0.3507284474359773,0.5814319078620033,0.616640719658007,0.69031718417076,1.0694267724484092,1.1302540386513191,1.003333204516987,1.2958095341700164,1.3355633797234072,1.4449233894940348,1.453984713415654,1.5697779611983478,1.5372783508489725,1.6673966430080696,1.6111932440865788,1.6143743048752728,1.634327166903772,1.5520364059976874,1.5061518926745134,1.5098658395112956,1.4312463876677994,1.3637755367272875,1.2411177858689166,1.1451443413428422,0.9093944873120048,0.9337166673373875,0.7698338483411901,0.5069794364118972,0.3569286284253675,0.2874761317350524,0.15376565621745467,0.06985899596532161
19.9,0.4249713506298636,0.45414487251885105,0.6437249876646567,0.7856596260658102,0.9378798928973059,1.0507914694416969,1.1181774930785873,1.259920179411775,1.3178523917601985,1.4419386798210239,1.5282980872144003,1.6168637188197055,1.7661055922962945,1.650416214957682,1.6125437056581353,1.6278567107651274,1.6634723991129774,1.5085743640837335,1.598573591509555,1.4665999214016459,1.3596481783521013,1.302065458367136,1.2659863916709726,1.1854924577373014,0.8648145289686299,0.9043798922319477,0.8157673657328578,0.5828917463239216,0.32599766553826104,0.20919050278155255,0.12744979555448857,0.03883833884145661
19.910000000000004,0.3068555993132524,0.4395891333913711,0.5456600232818548,0.7270258917284937,0.9390578183501936,1.0808370849457571,1.1211266680045495,1.3320818070325942,1.27177443181849,1.4454141476417683,1.4598333024582357,1.5780795735099937,1.6028866665664647,1.5992970880589048,1.6264968468493903,1.5330857350558988,1.5732632311857935,1.5924791645139236,1.594546352604681,1.3630574818793868,1.2235881405015367,1.2549240798816563,1.2335646777225555,1.2204924915811286,0.9182811611849214,0.8223162123625639,0.7174473807901011,0.43921548501667956,0.24593790228552914,0.11409186108431567,0.13886338000331647,0.09825024690109298
19.92,0.2717556156411355,0.4956227174908005,0.5234640823839776,0.64773425590481,1.036973410430837,1.1162261623086456,1.0463808960368217,1.3159835483233442,1.416185325274793,1.44521172614599,1.4741562577001903,1.5998452223594481,1.6602317564144835,1.6013856024048823,1.6065630577662935,1.6470082767941074,1.6497014324181989,1.618439476404319,1.527815054420522,1.468532430177849,1.175308924877438,1.2884315724736197,1.353714000452268,1.1096550285882811,0.9095387595768042,0.8931001164381098,0.7040509647154691,0.5511041932154073,0.3192183991782142,0.290405575452318,0.09135591755832644,-0.01417661778855766
19.93,0.43137108708353106,0.4649693470340958,0.6160343241976022,0.8106867813676709,0.9784002920418902,1.0218078745308623,1.0120459796996277,1.4125470794507096,1.3853772102858428,1.3994542027979546,1.4739882432197928,1.609161481390906,1.7585226450884162,1.5694149895649905,1.492369035109423,1.5542606966408814,1.6330116437179238,1.593136045229839,1.5799554775169542,1.4456769298142256,1.3289331416006414,1.27364614570838,1.27258849029837,1.1497562496761031,0.9133520124545895,0.8488337736814789,0.7431856129825378,0.6166498584580681,0.32376206334532354,0.19335169598231478,0.19919212999385194,0.09510589738083303
19.939999999999998,0.41012968734971655,0.4818187637276261,0.5790395144499971,0.7394611834498586,0.9469865189198666,1.0543583665741478,1.0510923800493615,1.4019055053403822,1.4368895913104704,1.4229776094039646,1.4386157928381844,1.646992888496696,1.60427681748906,1.5958177656401664,1.5721773722703756,1.5538167480936582,1.5388336184650084,1.5983344823493542,1.5461355249986206,1.406562790460951,1.3289219502550762,1.367794768481141,1.2683941549163829,1.1651932379940058,0.9821674380913527,0.7813477463065657,0.7033665632843219,0.5737633216567444,0.30976106095071226,0.1552421754303612,0.0003434591596652922,-0.12716725881262164
19.950000000000003,0.40366027783629854,0.5325602485639687,0.6126174589872131,0.654777717780708,0.9915358138850546,1.0432248510614526,1.2100953067478852,1.2531493496107258,1.3268334146506926,1.4550301270927455,1.5400151436938785,1.6235728473757245,1.5239684300474399,1.5557676164200704,1.5959407884665553,1.5414333928472266,1.5365973409795224,1.5736737411979356,1.575623663693036,1.4549385882643722,1.3180698199991223,1.351710012989425,1.2330373237247687,1.1259499527176748,0.8390980489346793,0.8171307752268956,0.7033011797920237,0.575282406172015,0.27300999783782937,0.16278735535401995,0.05738515313920959,0.04372280815257423
19.96,0.3727816027303243,0.4241043161186157,0.614395386740785,0.7114526574641051,0.9720606166030562,1.144395985069228,1.1596422341022727,1.3013312185232784,1.3115328184567703,1.3664014812162932,1.4663976953464006,1.6571144727560307,1.623272197249408,1.5684947331921508,1.5574452730418535,1.6000844894981892,1.5535350997203214,1.627475146669041,1.5369287143979249,1.4079122887068396,1.3377585853953466,1.3200364309720358,1.2425556159676248,1.1531961580275012,0.7797874079338432,0.7642923040085848,0.7165621801760337,0.5283003776463455,0.3299423728670466,0.23112719600411358,0.1325988972325332,0.0417770512784343
19.97,0.3995239251697745,0.4439168828774941,0.5726491729872807,0.739885758357637,0.9165337028690121,1.0905760936996722,1.0990547632024064,1.3736006033178645,1.3542238932649298,1.3748439857842576,1.5130588150305484,1.6436518213612998,1.6933432974951923,1.5913844567750655,1.5308161679128323,1.6280038532026597,1.5693095173980878,1.586405072923218,1.5429501557846175,1.3560982940899229,1.2456858236327064,1.3283570921560894,1.265041059625657,1.1294861175049735,0.9478920939445271,0.907366046906179,0.7046536022990564,0.5789872320644751,0.3012344790760015,0.259039948686902,0.03775881672326351,0.09072167565945422
19.980000000000004,0.5595512264880868,0.5255532608575699,0.5783550268359454,0.8208949463848644,0.9436295748396721,1.1310242465730709,1.1326395891227266,1.277753820815229,1.3741671932326245,1.3510114707524725,1.5480159917400076,1.587792569565215,1.645222027576528,1.5896127760869152,1.6579628430613158,1.55223903814584,1.581473729170575,1.4614717188554207,1.4825198412401606,1.4128018186879363,1.285049216047025,1.2939103724989038,1.1826149644122659,1.1134293427212305,0.9251531623292011,0.7928847000266604,0.7098266413613143,0.5623202427969828,0.2826284454869429,0.16536876550447346,0.052506690177121874,0.07461101065593341
19.990000000000002,0.4445215887154399,0.46419721173741324,0.6279183873834155,0.8534635047646295,0.9874751722981415,1.0988364009089189,1.194475484645986,1.2733207740458572,1.3279455584548503,1.4547098102146034,1.5404720720068272,1.6828534463626716,1.6598091515758113,1.5056162113654465,1.5874747456814273,1.6106184595311221,1.499455162846357,1.5750844398269055,1.5925294184583372,1.3572403611472164,1.246490373607789,1.4203090605495274,1.2235047278373592,1.1475455851490766,0.7874355754355093,0.6836760484644602,0.7426025455456641,0.5456216742186125,0.29018675251346593,0.16212967916763527,0.034512174671886504,0.022061904050335403
20.0,0.3380000936788567,0.35913909467457167,0.6166683078742028,0.781046082315217,0.9303792807698703,0.9183358386245296,1.1196615190909691,1.2836340214494748,1.2974668129117604,1.410410313479959,1.456927563386118,1.5772833748161579,1.6450093956657188,1.6196795565068802,1.5178974568289831,1.5582607867205671,1.5480885660947832,1.5386825523527319,1.517632578456785,1.4236676208939096,1.389615095899598,1.2883217454071323,1.223549418125396,1.1252102533620274,0.9263398605182188,0.8001414880014156,0.7200310690799682,0.5174922868708529,0.2329478816818105,0.1970692740118986,0.10182343141606877,0.02617342066425391
20.009999999999998,0.33786718988179454,0.3742803284539983,0.6901542311276386,0.8156439934292972,0.999533956810185,1.0959044611730142,1.0888099240624516,1.239253925659338,1.250012226886951,1.3423816342446746,1.3761258574914643,1.4832719653087023,1.5653729389812883,1.5649588264595375,1.5818370947140348,1.6082230415049232,1.483069675183979,1.4928479432520043,1.6418732453758484,1.461961988376936,1.2732035221274096,1.3472041283895682,1.287982412735337,1.1131438664955813,0.8771989304700148,0.8535402986688567,0.7644789607986354,0.5515071154245803,0.1916512819919774,0.14644540840826883,0.01443500085018722,-0.041939211397212774
20.020000000000003,0.3486123663020525,0.3894818031579602,0.6838798022009044,0.8129730220182936,0.8802441659569886,1.010248285652363,1.156912241904463,1.2222338718248382,1.3138868054646273,1.3996321916230259,1.4095837534109508,1.657066214092386,1.5703975318166328,1.4561828116609337,1.5280879583578528,1.5106068319981554,1.520957273847462,1.52789327535399,1.4631740872130017,1.3851082233153935,1.3439854391805273,1.383090653231123,1.2144380524428247,1.0122351774999592,0.9093681464595873,0.9325975896472364,0.7257817046253243,0.49625147393810265,0.2254150307256402,0.16566311159374453,0.10859873715137598,0.07165091650947758
20.03,0.3215248450465755,0.43112202894863116,0.6533065566038812,0.8689815291172771,0.876521824545627,0.9987293324177429,1.1888431979737717,1.3916810851440506,1.389002300757035,1.3969157777549273,1.4684709215098215,1.5882437567469923,1.5765489147069933,1.6152746032406264,1.546363508960129,1.6173880638918374,1.6311484102310283,1.6225962544392487,1.5862678851733252,1.4626111406272033,1.2131428615843542,1.236641297280694,1.2552320808734838,1.0823948916051918,0.887875922342728,0.8205343312467285,0.7905265551969366,0.5406224482851947,0.2641096853250259,0.1655356029778853,-0.0025622542257527055,0.06543982478323057
20.04,0.4313171262731237,0.42937894896997786,0.6577583342871807,0.7577370177244208,0.9158731428294493,1.0041708435413115,1.0058849442482447,1.1526074345106712,1.3143717948287696,1.380619507677434,1.4418496887442664,1.6109584738306955,1.5824536975905095,1.6373439777839431,1.5905974654532267,1.5956192322228153,1.4334816742581362,1.5387330313362162,1.5769703662115424,1.4182149793222376,1.348359653509808,1.2585154604509308,1.232541418165698,1.1125545491912323,0.8872916981554038,0.884707660277558,0.7235813182044668,0.5914199443388897,0.2912738552828701,0.23854946086085155,0.08124163029982588,0.10230361425566073
20.049999999999997,0.3223811995227734,0.4103984372114055,0.7015893307368225,0.8706045749827064,1.0112287336972368,1.138603697645307,1.2577594972088473,1.2507348815769825,1.2673137031825135,1.3887550885638102,1.4833090249402403,1.648264710359097,1.5892620629344403,1.5398085259277898,1.6177577467078037,1.590624270210042,1.600629373666703,1.5878397504099233,1.496664199906268,1.4195154130640302,1.164373167684151,1.2964857527426457,1.2021505974803164,1.0358882363399062,0.8363741782728311,0.8688013112068935,0.7482085209831696,0.47266430247377406,0.24520768836220225,0.24153540609935767,0.010508743384566836,0.043634274058419936
20.060000000000002,0.3681448212176185,0.4442169127140962,0.6403839509446331,0.8399404428544364,1.0994863613434145,1.0192190451354268,1.1556852431794162,1.2660228430015938,1.240634485798085,1.322834187005904,1.3866651854843626,1.6659403903648253,1.5860400431160249,1.5496550871482229,1.441066235380151,1.543970005185005,1.5133553712529697,1.5705220455232625,1.539975638578138,1.4545886590055357,1.2697455428763778,1.2692865718414523,1.1261002028943794,1.1447618884710162,0.8926324469474494,0.8609068477709383,0.8087664390453388,0.540019810893372,0.18092505566612258,0.046407723379029826,-0.011277855523015683,-0.039359760609577014
20.07,0.41165557301340305,0.4660753288107652,0.6814145621907379,0.7940582114853779,0.830091905966588,1.0271496275813954,1.2247920949328301,1.386820185003498,1.2183101208956433,1.3541781830900725,1.377995665735722,1.6922478480225562,1.557300760568009,1.4833032747781802,1.4730005016088754,1.4125503262326597,1.4080871605163656,1.5217268869257823,1.474119638297976,1.4721122437227867,1.2461314155463108,1.2943738178480668,1.2217717193472992,1.0520961823157366,0.7940658141616261,0.9167841958241641,0.8045162453948187,0.6056272608509028,0.30528006062248014,0.21530381536267254,0.09613206758366022,0.02088169496890603
20.08,0.37759685724220987,0.4192671040352021,0.6646478932848917,0.8333028519468386,0.9575743223494438,0.9577675218847546,1.1868761110114914,1.203120748362992,1.3178997112711341,1.3343746819769593,1.4730285938253298,1.6611679485589974,1.6184212463748957,1.5624690000869854,1.473807865620066,1.4786848448218834,1.5002122879176112,1.575351547735495,1.577394335482753,1.5603101511449877,1.20891549587737,1.1559772949599323,1.1470535148168142,1.0580982511930728,0.8220014789336427,0.8567089053578293,0.7720639014973244,0.6402158489612362,0.2989423832912727,0.10982432231390689,0.06351168840364059,0.07460554077511712
20.090000000000003,0.34023689368999643,0.4915502614921932,0.7890457536997262,0.9586660967780458,0.9974817941363522,1.141266527342384,1.2814128189895113,1.2579101501847059,1.3138497202842325,1.2619508726319308,1.479268399618577,1.6443168998141944,1.5436143236166364,1.4261358977320142,1.3666675255289271,1.5471856664486263,1.5345513582740113,1.6024432484459161,1.5963659165745627,1.4030494681043881,1.2253596644143785,1.2513145132344952,1.1603317292476374,1.120792740077341,0.9512971873480522,0.8995763558260723,0.7778552503816498,0.6956075721154376,0.4221687489429452,0.16628254967634662,0.09540585793356345,0.10681136821525378
20.1,0.24762876680713664,0.48268911499158496,0.8455508719585194,0.9240678018376188,0.9621622218491818,1.0373607211232303,1.186525013907029,1.298510044698767,1.3479307078842717,1.2349482297101702,1.3527507904376823,1.502189153105645,1.5138293292218792,1.5351941097359227,1.5496201857256937,1.619092185847519,1.5299145800325782,1.5399842512886808,1.5150260538367089,1.4495442194350956,1.310466375055093,1.2977040713798498,1.1773728502446397,1.035833236374516,0.8259179708928384,0.8446872009166771,0.7414864075419703,0.5985001449467743,0.35897074441560206,0.23786284631756818,0.13146119542025403,0.06411577540471838
20.11,0.4112488908612056,0.5083832607719887,0.738729237400237,0.7917382071912971,0.9002793799019704,0.9689531339922566,1.2340761274916043,1.207479272159351,1.3395675565922698,1.320573489482187,1.4365673490309838,1.5482007315458601,1.6096221620562148,1.5337465564276,1.4657573999527451,1.5211994045955344,1.45392816054008,1.5299560337525897,1.588315106337326,1.5562753908906632,1.2303721375251033,1.335945810327647,1.1527120425555055,1.0810980656312288,0.7746797104453944,0.7856636031319669,0.6694993823045161,0.529529782968477,0.27182273576222554,0.11084505156495077,-0.04339282056039083,0.08481312444531437
20.119999999999997,0.39791342987733225,0.5017819385734127,0.6845572481770779,0.8669309524453777,0.8717022635272537,1.0173388884504067,1.314612631228325,1.3295974591070108,1.3506955298180123,1.188742912375187,1.329804617041542,1.532840553589088,1.5473620207577836,1.3866080659391784,1.361739956624764,1.423777136873431,1.391501162461986,1.4455142784187922,1.4963659921374581,1.4146461759677296,1.2651986678709541,1.3367404530258773,1.1138157286730739,1.0581810420024604,0.9440224907794947,0.9388108611751507,0.7536821591666246,0.6496166617550221,0.3289230882712636,0.13113192295543055,-0.06646032677329416,0.02996535730837685
20.130000000000003,0.36193556491449236,0.5357615983618802,0.7567512669790114,0.9179759559509925,0.9284902917429029,1.0824182672496048,1.2413863443044373,1.1874399720607705,1.1897358679269274,1.2470614929648824,1.4277329945202457,1.6361857462384615,1.5278933936535524,1.4137139903283253,1.556778996486051,1.5659320240343333,1.4004312587584533,1.5508472984329225,1.5719670077755197,1.3275960683463917,1.2216658577724868,1.3735957257177995,1.2170749181131668,1.0087931839364022,0.9117296397827096,0.9807579511568691,0.78732218939527,0.5981630789666321,0.4226217113246985,0.27256219332823106,0.08803078431918146,0.016153675671148397
20.14,0.2907955066363964,0.4397408383746183,0.7802340574745776,0.873230569128572,0.8234412177611158,1.0971720320164589,1.2313802876233717,1.152168926631176,1.2692333014014567,1.2575640620894226,1.2737764340377724,1.6098137685735399,1.588573321083723,1.525247054258851,1.4144255386654936,1.4850238962849118,1.3174060721842762,1.4601887765693016,1.5473151301411416,1.4720172576207384,1.2780529578246556,1.2976012051796362,1.1367366247965507,1.001386838336775,0.9590613173018816,0.875586753715826,0.7644222336132438,0.6326543746008768,0.3498219400520285,0.04775848991077136,-0.01255396984343232,0.09935936603016579
20.15,0.2682476401030632,0.4515004806509602,0.6099912058973916,0.9032058883245051,0.9243009544990549,1.0447359717269868,1.1771637829136086,1.293604451137321,1.3812766494826652,1.2380443898778184,1.3305313808923411,1.5184400862557137,1.5361095426621143,1.3784496123221368,1.383664794147572,1.5741714837543335,1.5658508888716145,1.5905592678210383,1.494905405303905,1.4333529569941508,1.1332079514008588,1.18228284647662,1.1233664317687264,0.9658773073420106,0.9123100854080892,0.8772736655282712,0.7343842562400699,0.44260092614019547,0.34740803085328065,0.12942552589043688,-0.07283874502127835,0.035950066730635555
20.160000000000004,0.37479599981183115,0.48306915344898826,0.7442177507127746,0.9694185972193023,0.8745496681455175,1.0492802515683697,1.2421181610431002,1.210987719671803,1.2970883293993865,1.3363297120487296,1.3160148991207072,1.5124895739134503,1.5335809442906334,1.4524734669247457,1.3721739069440322,1.4420372856173165,1.3189900488945479,1.4719106364508145,1.5908301950086978,1.518327106628077,1.2403057240206947,1.245785184027219,1.2327983465483991,1.0116401958514107,0.848573631776148,0.8094290039502381,0.6986677063580734,0.5642054128638129,0.2805828547986987,0.1034161267000894,-0.001504915051302345,0.0806769268762502
20.17,0.4377292394700676,0.556807765432557,0.8011528499520333,0.9779965818225044,0.9349540520203314,1.0614830043833483,1.2902750691979885,1.2467224472498926,1.2966130720685647,1.3268209146633614,1.4319573790287028,1.6645287629438947,1.5349082249789394,1.397034902181657,1.3069243566519504,1.5108137100277026,1.4162577053653376,1.4928205263286054,1.5504356967289998,1.4619636374239235,1.1827507070619963,1.2859436534578135,1.1129806406024092,1.0315760821507816,0.817716398742472,0.8540480243020026,0.7101754917881051,0.5791090912714165,0.4678919664928582,0.09510451554950361,-0.04434996566092727,0.14918856373809677
20.18,0.4039300066693859,0.5265153489598181,0.638194188506389,0.8715404219283258,0.928391807190352,0.9885959022508292,1.2217879075157545,1.1903724951701582,1.2947225272200227,1.2427763460922543,1.2533982127906023,1.4775526621269055,1.504838830664593,1.4334666567003984,1.5185080624093352,1.5822298129605896,1.3548085296826506,1.5431284390867996,1.582344981718029,1.4457843313513437,1.258968863917364,1.330700765603654,1.1840802803473123,1.0443702115926574,0.8885243274121852,0.8451776738442123,0.7076844558163667,0.5733330101306414,0.37619961935904833,0.05496998955980277,-0.13084794867065858,0.000758458302441159
20.189999999999998,0.3863917358189457,0.4503939692239486,0.6842936709801846,0.8971412459388363,0.9007028135505202,1.0855834049823927,1.15972301026383,1.1926534739862404,1.1840570022022223,1.246764784152597,1.3125221168866408,1.3472329655339075,1.4517713921845152,1.4207168818278826,1.4356356215262986,1.5457849834823172,1.4134104366723,1.582703249573766,1.522778518590637,1.4133756257576404,1.1469202571497092,1.186882927051844,1.1663400744154897,1.1350873960121322,0.8829984678944127,0.7715621632144976,0.7572634420928069,0.6290658578459999,0.2943661742527619,0.03184957175084746,-0.09438784838978372,0.16099551403369744
20.200000000000003,0.33056451400738185,0.5109754894452385,0.7234034737207466,0.8904325180686438,0.9272169555787584,0.8549015851677493,1.0781190686334166,1.0188845838655998,1.203982628581519,1.2283078517641233,1.2733260118687706,1.4801656802702454,1.5022137281655379,1.436755742031252,1.4341264263870177,1.5562864351323187,1.3524224409693626,1.5396475820210698,1.2978665693100868,1.4660828308164662,1.3374259468962477,1.2786201285770193,1.1444333955102142,1.0152782493868893,0.8158032608393118,0.9776469926827795,0.7926718411750832,0.5453347965471751,0.36648968900677065,0.20708721278618442,-0.0735365493571805,-0.01683318697089531
20.21,0.37353309844716187,0.4864203255441206,0.6894038139773582,0.8552434474776389,0.8487399211461808,0.9163129519894284,1.1447469904850498,1.2734592804299134,1.1969130408816189,1.1698539477937522,1.184759149977095,1.4578285078980748,1.492687054950218,1.3111610681158206,1.3239359355637572,1.542101155063672,1.431691317542966,1.5535515062255782,1.4890055752699274,1.4617633229579639,1.2334726005067471,1.1847566140187522,1.1107800628854259,0.9970634249728555,0.7968237785088996,0.7661954420349981,0.6880643633351573,0.564475943880327,0.34078375706847847,0.15222488738161022,-0.005819061234903564,0.05305441608376117
20.22,0.45055097186001136,0.4927547933193925,0.7437116729362809,0.8805635151123288,0.8800136627503201,1.0192813343881464,1.3237118643561143,1.134966351662169,1.2316332914385744,1.2398268839697488,1.2031934114078306,1.414598594468223,1.4883289721720758,1.4640006511440762,1.4486536611291962,1.6106888999967799,1.4245576900264025,1.4459754896573571,1.3739091405275266,1.3330460904111407,1.137260918311827,1.3185924287702586,1.14465581443506,1.0761300081172787,0.9331775322383997,0.91321831349166,0.752911193589447,0.6534872540691121,0.3252494903872019,-0.016567092019132708,-0.08068787567036198,0.1468481403794249
20.230000000000004,0.39235861499963304,0.5659067427927598,0.8705177143262234,0.866225607263958,0.8360030361726439,0.9644383984007991,1.2993228363788076,1.112032107953043,1.182037477716154,1.215349861210881,1.3029243007368092,1.4441616877294774,1.4925622841030706,1.3711019008305247,1.3555297986811752,1.584632117743222,1.3849705282903997,1.4982188984849807,1.516270810179409,1.5169614829096059,1.149526951502842,1.210255197571059,1.082633795663107,1.0242624467538586,0.8454514724829493,0.9273191515121594,0.717446983994552,0.5585522826257024,0.33902513868555567,0.08656820416453168,0.037182017444068474,0.04274856909517829
20.240000000000002,0.38194815958792494,0.5343804404771758,0.6914752429690527,0.8314128484613246,0.814831263269336,0.932916176564596,1.1575886822829615,1.1755553822975378,1.2383081953751782,1.247922555909042,1.2492275716477104,1.4078785743133746,1.5156975951091243,1.2313258676938632,1.2335710603547478,1.4882510675254137,1.2861285009403107,1.484742797458587,1.4395621529250606,1.4589466819220804,1.1944994878050625,1.252058089438952,1.1597628648927079,1.0348203874105046,0.8672928838247118,0.9731994429733202,0.7612719513150379,0.6480401377464332,0.3554938205922369,-0.025515079447229208,-0.08582646822304589,0.12413513980263031
20.25,0.308666265415744,0.49274367708462197,0.6914306968839034,0.8849336822264141,0.8392754774830355,0.8407060152190879,1.1766517995796764,1.0820522515955378,1.1776603853042502,1.1607907342690498,1.3369465602127382,1.4313208678412774,1.5106696446719121,1.34059567461544,1.362788868107933,1.637651287746557,1.3381550839977132,1.4906682999024292,1.4641329613418335,1.4007682352233013,1.2055776644770304,1.234278260281433,1.0998527215212324,1.0271575514096194,0.8731095488417572,0.8232623172127029,0.7343642030312267,0.5370707828517687,0.34635197831817377,0.04743039075067568,-0.07399561065936344,0.09550214524695999
20.259999999999998,0.3550048095378167,0.4883582587505548,0.8125481991587302,0.9663814573334608,0.8750364846540106,0.8869569209764301,1.2012283622537168,1.1101636046724213,1.186079974367971,1.281413972282417,1.2796766745897488,1.393437191984262,1.5419890227730573,1.2278450232948148,1.2444875581704105,1.563793493601516,1.3985156837017834,1.549876446432001,1.6299547287800542,1.5077886653466672,1.2399242153815686,1.203846080992451,1.0871219835366197,1.0323425705947857,0.9337045994268713,0.7900307235819841,0.6150292636650188,0.587708645577615,0.256739611847172,0.004577592724200543,-0.07855119879068376,0.12941232359379373
20.270000000000003,0.34620831936250207,0.5259563741541337,0.774693860638398,0.9235092692190737,0.8962293133059,0.9589367689098218,1.1894357817145218,1.094531809610616,1.1943194374426647,1.2649769554536707,1.2268273211928316,1.2967881139811228,1.4874568846319454,1.3050319783586015,1.3988883805729553,1.5002021318726417,1.2681138847773323,1.5095226562073,1.5736202171656413,1.5136294851425356,1.305879131858823,1.2760954625568084,1.0768353458228093,1.033924817325732,0.9223671952890565,0.8524696267063954,0.7421734404781833,0.5646932864976171,0.42661475251159797,0.12704315047118134,0.06894428423717651,0.0721846296059327
20.28,0.2481211010812897,0.49003872345948957,0.6711319996163501,0.8487983832945336,0.7990580611895659,0.8758316381629272,1.1003845453599925,1.025542526106553,1.104767208648296,1.1265437988855773,1.2777774575170535,1.4855447548541885,1.4773444090991372,1.302056538266046,1.4300283020581692,1.6475390719465521,1.3390289066643546,1.4421821662269916,1.5030104041683325,1.4306588175340795,1.235240271486373,1.2468077843097831,1.1050826879471891,0.9668235878782401,0.9347703922633256,0.8079864146087902,0.7536623925267341,0.5268431429946098,0.4139495741051256,0.160247266189778,0.10912279038793646,0.1513552924112095
20.29,0.4441575876982481,0.5175843878178583,0.6707253510966614,0.926796391665583,0.8652588875987558,0.9923352865027888,1.1504855964157399,1.1496027720532742,1.1679127466187533,1.1532711345483904,1.2371072141383597,1.333782925354201,1.4589315777680107,1.3210871341863692,1.3683921654830096,1.5788263180466156,1.4479749548838003,1.576657931954744,1.4996126068754323,1.380595022684321,1.2579846597589073,1.248606684145398,1.1250031043743123,0.9492004748765904,0.8462894820403297,0.9105000304063532,0.7144158393978906,0.5888953507335207,0.3927087068621343,0.12857293377748616,0.05108235922726874,0.1684944836244775
20.299999999999997,0.2843373130038868,0.5701808167805881,0.8214341479006162,0.9001573213551133,0.7436862546836946,0.7848990862807035,1.2009276546152376,1.1449722536846934,1.1970700183343825,1.2534008473379101,1.2864178021141013,1.3578288945650292,1.5927405147324112,1.3197070154559891,1.4054789951155437,1.5785348515852742,1.373367833793233,1.5956718988780076,1.5506152886213436,1.4430123795593162,1.2897265553748174,1.2774883327365876,1.0588857355762307,0.9558681329139593,1.0005368656878257,0.8946483720174382,0.6411099140434767,0.5200171678858094,0.3739189944018895,0.07556282496899838,-0.06518682919869952,0.10556826505311419
20.310000000000002,0.18744298160896247,0.5376379580267959,0.748060591847547,0.9390110409054165,0.8556923824901672,0.8708049957746467,1.168873095824496,1.1665008482648047,1.1075868232866903,1.1818786418104295,1.2576569025242141,1.3771240647494634,1.4825900233550797,1.2977338570253265,1.2855533299030637,1.45248593148475,1.2820618172089122,1.5358845253170115,1.4908424686234927,1.5425382889263393,1.3684806591339476,1.330363036844095,1.1202195429561788,1.0235219186591593,0.9054676904315826,0.862093095796849,0.6763490501952489,0.5529740930473438,0.45694314231698274,0.1129754325417182,-0.02614492235438413,0.044064581434744066
20.32,0.27738660574625995,0.49467131664581776,0.5788973238077167,0.8234115014751845,0.9185742111818596,0.8613855749821294,1.0708808456245138,1.1574835539424129,1.1139652457880282,1.1469417190263633,1.3032064219418928,1.5049285265522454,1.5240559746502276,1.4568309510903248,1.3802526576241185,1.6345241224434601,1.328860169684276,1.4908726959700478,1.3969007279704897,1.4630028176345273,1.3178393991370223,1.268632417308949,1.0435650970385986,1.0507189766469447,0.8769467577479753,0.732305220422775,0.7328099145060788,0.6498618927782996,0.3672890626350936,0.11050475911699498,-0.010224557380723651,0.09613836536459572
20.33,0.32543076092331885,0.44025450682355993,0.7115595304947225,0.8385583348471698,0.8149573684759824,0.86495758897221,1.0456108330215643,1.0257651826034935,1.166009304077417,1.2270612349342027,1.207975256437226,1.225127523448355,1.4361375579710174,1.2950353937276613,1.3629985007911867,1.5565225526561637,1.3169281728792557,1.5604777609267422,1.595062719032117,1.4494820024110213,1.2210092015455905,1.2181056833825603,1.0608478985139869,1.0486182973210838,0.8371671505646348,0.8252406283217174,0.6628875590245048,0.517774164122519,0.41238685266208586,0.09219847598999398,-0.06959695762726031,0.14760363560755418
20.340000000000003,0.38987416777767125,0.6102681587768402,0.7450291753698386,0.8237309933822924,0.7973790911529536,0.8747852811313948,1.1338032329939272,1.1263030364602673,1.2149953701757663,1.2146317081585172,1.1769339349543624,1.4361445972139513,1.4639184010837056,1.3150862674460106,1.4660401139376085,1.5421280254489225,1.3079210522747995,1.5341821384219874,1.5304896482086876,1.4746331447858052,1.4161648607487571,1.3509370024726937,1.0768419532663325,0.9100256690161219,0.8614604645484978,0.8187499548428853,0.7988583381410332,0.6491726912036236,0.3874945355116966,0.10028572773646506,-0.049564400781451176,0.033736080613840196
20.35,0.25796123115290637,0.5936208902037919,0.7439967522622191,0.8763998613352756,0.76218038012749,0.8425616052368772,1.2135558892666434,1.0975816279709862,1.2604510309497967,1.1547292426137459,1.222097881138051,1.3863285619314487,1.5150508169963157,1.3012135827160776,1.3492948297512273,1.6494516130619865,1.4462136755312882,1.529836809706364,1.4823015624443105,1.5882608452808453,1.2944753724311937,1.365980577760927,1.0415843815988823,0.9236022703173471,0.9127194030786289,0.928406487968302,0.6572423838310071,0.5740199006247266,0.4613079331234158,0.1526578467256076,-0.0670347785375121,0.09133653340908396
20.36,0.27858415645640533,0.5906511259819319,0.7402630415375372,0.8850396438198567,0.8351478152079687,0.8988236109723879,1.1799428667373144,1.0569700746458364,1.2062247870449974,1.2412804350771591,1.1917525244098428,1.3729872040909261,1.6026080630965986,1.2851964194741052,1.414685828070322,1.625768211626908,1.3710031931945041,1.448802060799593,1.4232172736718955,1.3799873277183021,1.2529555440344788,1.2806193459093993,1.0038234428333048,0.9273638174765289,0.9669667267672629,0.8051904456118489,0.6296281257845442,0.4623516274817294,0.34216509308262016,0.17299748824663652,0.055958809864346565,0.14555568618429898
20.369999999999997,0.21317677972394683,0.47721573083709035,0.787654432774799,0.8429916244061696,0.8289363986487114,0.926481198493139,1.2005996863334392,1.0808693883567566,1.2247268731846113,1.1797267251445922,1.2683969368736367,1.3923272190323426,1.4752866390277652,1.3249540973689526,1.4064705062195,1.5562752755390679,1.3776301445258623,1.542352007629179,1.507506739935104,1.4354371528226921,1.2679903749254762,1.3655517569004625,1.0602405188100705,0.9424194440729218,0.9282548177879532,0.885822421693547,0.6770714312161741,0.4850908204350107,0.45826884429933,0.1484381258482623,0.03716172274382229,0.16437901409942104
20.380000000000003,0.40676051361363785,0.5157810354147002,0.6967857233452116,0.8343933021486001,0.8442844178976574,0.8572613611784664,1.116065436143774,1.0881353097724331,1.1902245043932969,1.1157371762843544,1.285192789993967,1.385021583389796,1.515768285963128,1.2554076345399205,1.3506755507475525,1.575308253964986,1.4432428063043492,1.573000148232642,1.4274894081273253,1.5126280235238547,1.3021934994285516,1.3321068805019485,1.0614213001068546,0.9827996418496102,0.9514795455656085,0.9191490354657097,0.7045525986465436,0.6174398045503294,0.3479691121560324,0.062233440619797756,-0.05256061228698118,0.08947220475683998
20.39,0.2474793341338726,0.4561739197698748,0.6191321116202517,0.777765265469829,0.819518902287095,0.9782120530283185,1.1289590164088494,1.0985387740655805,1.194940372041888,1.1634520819646381,1.2297376439794259,1.2826951274466263,1.5788458251420778,1.4170165953725555,1.4199402531705845,1.6401991065095027,1.3840381274844042,1.5091002326332397,1.3779342012893552,1.4074957001669672,1.2484319429892763,1.3239646533238778,1.049833587015419,0.9664819676220454,0.9477643388035137,0.855395893384831,0.6661299968205692,0.4527942675012032,0.3639639507404324,0.14293562715881009,-0.013632720497446293,-0.03491965098392048
20.4,0.39587576127381824,0.6062892114791907,0.7244060681056204,0.8068332971970745,0.7264181237881876,0.8530084338403188,1.146370055647136,1.1149747044726692,1.1646517284013225,1.2317983479284487,1.2719540129224984,1.2937053525271016,1.5774246633901905,1.3185401573454996,1.28078496395204,1.5239114240038962,1.4872563397921241,1.617714805312462,1.4999392624488357,1.5045818444099133,1.254992080233328,1.2848023735783212,1.0966006820127658,0.9053246707344,0.985480202769923,0.8763682680139611,0.6564050614278142,0.4930712592203948,0.4763118720195364,0.2404665831068925,-0.10557453823269734,0.04097069795891037
20.410000000000004,0.2465703950764761,0.5310261596156614,0.7422741112619728,0.8169607142433967,0.831973546498461,0.911103615135496,1.1441267463090727,1.0423108065056956,1.164152703548961,1.1945643115626996,1.2331724245697553,1.2714825127349922,1.4642107017110786,1.433190020221545,1.4505047935244895,1.5811560094892423,1.3557293183336636,1.5628560500728623,1.3002830400912686,1.4478696882538868,1.2882748685364882,1.287455626150236,1.0799669789357933,1.0443380838635496,0.8480474020419885,0.8194550333545962,0.5874421866753412,0.6999930865428687,0.5482301715060404,0.20600386228332646,-0.04802878915699349,0.0774124943285193
20.42,0.15268456164125047,0.5998624511549144,0.742097472513591,0.7623004939331022,0.7444603677159818,0.8831836917408041,1.047337839759528,1.1198244844232161,1.2644877504979277,1.2453666852031091,1.3579799461582385,1.390581769262802,1.480026181139968,1.260848966692284,1.32845603451957,1.5917514269953628,1.495847925932628,1.533129179329005,1.5664519064055102,1.4985305750724922,1.3037162205534925,1.2289962516055641,0.9836689405738522,0.9162204030526692,0.8638677014263624,0.8830319676400815,0.6596123286736361,0.5307922357994651,0.2934238293253159,0.0773822051931734,-0.054945667238533724,0.06352901556502122
20.43,0.25824375043296943,0.6084260996100485,0.7741031175833768,0.8369715545951611,0.7533274039237394,0.9337335996867491,1.1179448291203467,1.149944491265137,1.2481733547335898,1.1224173602690335,1.2658628454980185,1.3510369852129107,1.4209425118744767,1.3298996069038869,1.388645720767841,1.668459607608233,1.5126914615830196,1.5623247468713561,1.3939040697956053,1.3849497998519154,1.203237133961935,1.31423943841586,1.0457591678990652,0.8966091816131991,0.9642055784090636,0.8987256179490505,0.5286293986165767,0.525375867128015,0.3901507123359245,0.19174497888969788,0.016421809939925234,0.04527775915634437
20.439999999999998,0.22067242686326394,0.543191508874127,0.728677747102853,0.8909217234143112,0.8052631850841128,0.8724392736358445,1.0771128931152547,1.0312170929800009,1.18554812361182,1.289878490720072,1.3082006760968874,1.4186329225322076,1.5852305458629357,1.2441226787145787,1.29797464573934,1.5464183059985281,1.444311146196809,1.4696200191803879,1.3240439520686202,1.4148120529962975,1.357729979551939,1.3414725206534701,1.0518304389850057,0.9282950068624335,1.0416311845319184,0.9240750811554337,0.7000743555266482,0.5939959614231216,0.3521134383917021,0.20755625443956896,0.01017372098466979,0.0038834165612383065
20.450000000000003,0.2987650448412737,0.46878414534967877,0.7274068835347824,0.8359060098212754,0.8732677587280688,0.9272589328923087,0.9499765722704381,1.1169412708208168,1.3435428965800678,1.2210502416963858,1.2245004095539413,1.3392140845950649,1.4886389841522591,1.3482795082218155,1.4176714028876969,1.5430192129113096,1.4124959699457484,1.50474333341147,1.336476318102192,1.4552051989525265,1.3065032393701526,1.3116892024234577,0.9910452570734518,1.0459848981195725,0.9434005365002334,0.8695001966237543,0.5664635322781532,0.5455968328676838,0.44466623588869325,0.20587145430121828,-0.0933060507736254,0.004195169209496405
20.46,0.29959041231793415,0.5537805978129857,0.7548011196572136,0.8030698081212324,0.8600212637317572,0.9702223153828728,1.0923460197781665,1.1952619081271858,1.1755452598422615,1.1932198325669698,1.1702614456577822,1.4149280383164324,1.6101155832319038,1.2864728129381386,1.3331303245022417,1.519581982489476,1.3620099394682912,1.5050042008361384,1.3877614592096426,1.3126590276375236,1.3141662657554019,1.286609020427046,1.019578500841531,0.9426625467675799,1.0682961131939712,0.8145450702012771,0.5568930795955843,0.5761011606467258,0.4740199190751929,0.12697546953959243,0.015896565053598127,0.029637094314322994
20.47,0.2743653732354132,0.558694301856396,0.6379465656038861,0.7893709435649063,0.8112695255363105,0.8925903242828465,1.094588650916931,1.142040692566498,1.2203261159246037,1.320624811507047,1.3332487035400444,1.3817540076472052,1.4783542117691868,1.3608443513185722,1.4169172718818601,1.507718206116127,1.4426953434139236,1.5138076449261373,1.3395538103173068,1.3793930407415333,1.2376920866979173,1.1771401115564615,1.0917614705433845,0.9349089347609036,0.9144932144836204,0.772173142611106,0.5653614976444872,0.560064703257267,0.35968257319393815,0.1696031715547343,-0.0032984848881018785,0.031206282223906475
20.480000000000004,0.28157734569884135,0.5161070760121914,0.6828450609190782,0.7665824481965187,0.7595387904390671,1.0245635995615676,0.9624888279749654,1.0998930653561951,1.2326259967949913,1.285772166612224,1.3980124256668476,1.399364385722443,1.4563970916062716,1.3206697055271677,1.4037329928028566,1.5209435468184445,1.3814828188445567,1.529872966434461,1.408018725457272,1.3713205285028371,1.352627946801774,1.2641763771582646,0.9787935476777159,0.9754588274138907,0.9395835250426005,0.7919502539531684,0.5043288841953271,0.5010935689774684,0.4182572407106962,0.19125907205269158,-0.05967039047637712,-0.060261345054420046
20.490000000000002,0.2894874339789858,0.6757772538869514,0.7698587021884371,0.8130677911616608,0.832600578398041,0.8721865401378612,1.0557495156768593,1.0936866953690374,1.1796706133236077,1.2938699906076665,1.3562823735296279,1.4355905720088338,1.3758557716450042,1.3331375008842392,1.2885301419928492,1.484031314767492,1.3359960709509906,1.4480410659946286,1.3599507883960804,1.5213200520189814,1.3150941181900404,1.2705949301093507,0.967163213191302,0.8459602686116514,0.8986862154883247,0.8506349960045327,0.5967873147043488,0.41971995045983357,0.3919877074381462,0.18842221488183625,-0.10102908703527862,0.057086021911997124
20.5,0.22037413827642102,0.46258212157228024,0.7042481293893024,0.7147422835870312,0.7006865476556364,0.9744996313316452,1.0595732933481838,1.1934223567047055,1.2130618430780193,1.2481011975144094,1.3436141543754772,1.3181466071810997,1.486528045945956,1.5016435087693702,1.4349237718449408,1.5324191648100656,1.4821853709544988,1.530650122234547,1.3838653125354337,1.4262102693677903,1.3282907197473004,1.277055300795076,0.9666768912005305,0.8184349652659205,0.9461232181837295,0.855572022021895,0.6611624631495531,0.4564591186900111,0.39556665877109726,0.20689028695456405,0.0069687849916001765,-0.008490501928097225
20.509999999999998,0.38986717619001443,0.5986192246509218,0.7096232236189483,0.7491561847065004,0.794402421671067,0.9040039255372798,1.04707007984628,1.2375209570306809,1.2723047229781679,1.2948389504331792,1.3603565874220998,1.3720779328007275,1.559700282470993,1.4661843184448897,1.393801694216021,1.5492800421030943,1.4592524173779622,1.476640659938716,1.3683665897736528,1.4949992411991768,1.4522171989810693,1.2593628479876753,1.0911622496558406,0.9550705308393964,0.9297022987265046,0.8259887568165123,0.6156223948762615,0.47986559004068996,0.4170837073128664,0.1827538543015915,-0.043323054190702856,0.1111876557921966
20.520000000000003,0.23023773529619412,0.5214466471426362,0.5901095800048721,0.6694104191458937,0.7465464486000788,0.8907018394810017,1.0478482436846708,1.1429498561018046,1.20521093212858,1.2374816812096374,1.3223054615582697,1.335886818935236,1.5286359999540922,1.474944606449525,1.4421060053595405,1.5114835146543029,1.425479967884485,1.4225976487541425,1.3587038329456353,1.3455295740726207,1.2857948702644981,1.195964948278242,0.9839776267216633,0.9769193174039743,0.9159208858349407,0.8472609121596565,0.5409185092310409,0.53185422698887,0.39460140423507517,0.0796907474134127,-0.10478388613015291,0.008280753422068039
20.53,0.1866339768538618,0.5402341122706403,0.6975724393039574,0.7265462523990468,0.834329169037449,0.9700113880040964,0.9958345075665931,1.121121144678172,1.2141626344602532,1.2251875218320132,1.1986102559711331,1.2383116440034048,1.4194992384023732,1.3713656847804818,1.4649761634002727,1.4873594846610254,1.3496977638847745,1.4017186610654704,1.2676226772893162,1.4120478887555556,1.3271700097066148,1.2225777643438378,0.9733669405405534,0.904127208994354,0.9667029897535891,0.7826091932830501,0.5682537421856175,0.3756097303945217,0.3609754335331658,0.22066590106347378,-0.02667422476840842,-0.06638132966669108
20.54,0.26820613411485716,0.5707465669077061,0.6495899596711427,0.7831977409045039,0.9330895804100077,1.0029313204452055,1.0617959806796056,1.1029337659487883,1.2157514663896412,1.2106632858619424,1.3189048146568725,1.392496601053819,1.6084215292497896,1.504058605900902,1.3775258240253936,1.4724568903330697,1.3554549961749123,1.4018541591616032,1.3761649296839245,1.3754132216550732,1.2593030256821567,1.2029733350496674,0.9995670400436767,0.9368173272770569,1.0034419969935535,0.8081712567012087,0.5936112468404499,0.605225968713585,0.37594621559666974,0.28620872854321117,0.045095874909855026,0.0265013939985147
20.549999999999997,0.3434446550061014,0.5831184379311306,0.7026265879785555,0.6496739100469917,0.9273481605338585,0.8793343574906707,1.0319470451867727,1.062079609219433,1.1694606011056126,1.1946045980331725,1.278696064942603,1.3362059063157683,1.512851104615439,1.326571814495863,1.3936283890504075,1.5190461570546863,1.474198897129722,1.464346657378253,1.3077093213530064,1.3606676724289213,1.357838968279944,1.2112946217596332,1.0382005236656395,0.8446130598985524,0.9800002695625594,0.8336916942240296,0.5582861056716345,0.43580992908930083,0.41834366026801967,0.088177718787937,-0.019959345090478402,0.029173095432656497
20.560000000000002,0.3166146934032884,0.5304821969547148,0.7197234539817158,0.7727050569600787,0.9515460167690437,0.9683550702387448,1.0136583262603391,1.1341197805874867,1.1713285658949169,1.2517439068981524,1.3177587703253795,1.2703221653301158,1.4002255503281376,1.3679429352438692,1.3602835378995675,1.4958182551853052,1.401628618431779,1.5225642981965035,1.257817839149082,1.5536836944751125,1.4358063771664644,1.2808294241549487,1.0991116520497872,0.9795674365678665,0.9802493771394326,0.806212838461224,0.5554891398870303,0.5680429308737169,0.485842126838217,0.1539410999872838,-0.033352258200488004,0.012925631641893493
20.57,0.2920053305560093,0.5456072396473011,0.9182108946445269,0.7899706026715982,0.8307499640755989,0.9006763954988812,0.9762004012627628,1.0747676806258377,1.1560239123703906,1.2936111623663253,1.4183460292706744,1.3883978863684114,1.4959128944702393,1.4674757587527378,1.546199275859872,1.511928316656141,1.3737449082054591,1.4705603547303012,1.2688106142148614,1.3413523809248955,1.364277050315243,1.2288255391294587,0.9367923347717804,0.8439478499020435,0.9793118263068232,0.7959264454113117,0.5229318915953017,0.4351367559842275,0.46079592757322,0.20042353500807056,-0.03630219557137591,0.012162524760133558
20.58,0.3087800372247778,0.5761026844588567,0.6817807651626989,0.6951281290877458,0.9110947507679397,0.8906614235317529,1.0149810756625306,1.0266712683044619,1.2074290046826393,1.2834050122347653,1.265538436387277,1.3788685090945798,1.4237581359984857,1.3275550572390702,1.3101136958289836,1.4251068763516128,1.3733365085082332,1.341157288442145,1.2210444313456554,1.3032174567085888,1.2785228602385277,1.123953842186099,0.892400109764152,0.8509650633671935,0.9780135984047792,0.6971837657785501,0.5337009351647257,0.4527725052523488,0.38870686557854306,0.21472251074868465,-0.01193916872734507,0.0679287765399072
20.590000000000003,0.3953542125359732,0.5353302902765513,0.5880095996443457,0.6383824624399812,0.8224683197862591,0.8882745412537476,1.0984798398620108,1.1568669932838485,1.2984154114377573,1.254161102406877,1.2425358662741903,1.2905722041009122,1.456127011090682,1.3282672374090758,1.3171213987862853,1.3643977495658062,1.4153490018059633,1.4445034547461322,1.3021794164859903,1.353666880227535,1.3225051307571007,1.1983168299917917,0.9758234658350767,0.809615639513462,0.9831763688837198,0.7832270317122197,0.596389674614171,0.44379027408117344,0.3104744586605489,0.21632912787826736,0.1286519062985099,0.0952463655331616
20.6,0.33083594395468846,0.5271517976409331,0.7040888532582604,0.726172639923437,0.9388201256445349,0.9037507850749497,0.9756230370379873,1.1508460170018346,1.2548399881764842,1.2279641942243453,1.347973554158635,1.3358545337670154,1.4454384748921563,1.4053634988222548,1.3986705162347726,1.5066463420280805,1.433692240537989,1.4690700365223512,1.2981523908433477,1.2381293068408792,1.3284970337015296,1.2622938028702284,0.9333886708650211,0.9228810386931081,1.0050026366498717,0.7717913982316491,0.5838589546993305,0.3902349700700582,0.3547939651602157,0.2001485260894502,-0.01621718284481563,0.014586837376905935
20.61,0.22933300430661419,0.6036844782017186,0.6694552094655797,0.785483428668209,0.8980049911938613,0.9150919783306127,0.9928144390904607,1.165932029765866,1.120316715949567,1.1996344453408017,1.3095717166019938,1.3350163453952983,1.3670415023185591,1.3396347871263203,1.344487959041572,1.4482288057684412,1.3479769131854797,1.3853263558229632,1.208204244787307,1.4257965619978967,1.3457299383341794,1.1519437919197544,0.9980028149084385,0.9387256193557647,0.9216046860392814,0.751490162166654,0.4885516162875563,0.435477206711469,0.4188161101753637,0.1593114627906642,-0.00409093477733193,-0.02613471812177479
20.619999999999997,0.29244892376821496,0.6561498755967999,0.7239961490566065,0.7403484249030868,0.8793048187133717,0.9683044708225803,0.9780488939634785,1.1728213728499315,1.2087994946555416,1.1393072197951994,1.2374615573538328,1.3910877372178612,1.405758471415163,1.4139738352920186,1.4021447651633738,1.4412423706120134,1.3281114325422767,1.379982253216668,1.2763020495314932,1.3472989555236312,1.3604448557730309,1.236981432322978,1.094183739911273,0.9186633146290503,0.9659982852134117,0.8074711517341804,0.5737591449323699,0.3619873478822685,0.34232841602873065,0.20535712129017705,-0.08201934252269705,-0.006786565488893247
20.630000000000003,0.2925668018841542,0.5180601767764801,0.6268951102066458,0.6669160096526356,0.8661499528424119,0.8719950656729754,1.0276371257474206,1.0930626154421748,1.1436844695254915,1.2650092417782965,1.298563857668625,1.3976388266608355,1.3917154964427398,1.30667605136807,1.2871502585324754,1.3239113402576759,1.3657073868702978,1.3288990552359299,1.194090267267253,1.2590070090167633,1.309730186616879,1.1546080563909595,0.9324732726403666,0.9398929534287997,0.9551848923889947,0.7615380918723557,0.44359863176193964,0.31210438550770614,0.28570728087458674,0.2598098146130527,0.07964695421221353,0.07368475939044641
20.64,0.37227680940641406,0.5366697258091875,0.6844923365770076,0.7381914705397713,0.9276487232243551,1.074979896008696,0.9791145886134103,1.0197884467693277,1.1005264712613387,1.328726251028897,1.3256963623241538,1.3319026724174603,1.4770872892486113,1.4078775774637213,1.3795731414623957,1.5228258522286757,1.5115299877426294,1.4213105485306257,1.2479504472945304,1.3454115025347717,1.421916242050312,1.1897338505099562,1.0674852587796757,0.8486775020552658,0.8975497803118611,0.7177986770438871,0.5674633564262449,0.4089454892354928,0.30625576868721416,0.23681751104232948,0.011096070621396316,0.0012856266631161087
20.65,0.2073897219128496,0.49718085720433347,0.6017549845321062,0.6552938278881236,0.9833903103086138,0.9254503825796767,0.9917046333325368,1.1094048968694745,1.1935039290410323,1.1898352758909962,1.2866325431324774,1.3194774585741722,1.4130723656596988,1.3841373737923715,1.4105253175575057,1.4601055710742052,1.322141802348891,1.349883823126627,1.2460949171087008,1.371696333391825,1.4640341180933736,1.194418165395672,1.1229526893206239,0.993436944411721,1.0154686643927262,0.7777905369288163,0.6035071822412995,0.3964580125963279,0.3747304674997179,0.23815365777822037,-0.007978638636797906,0.015876416997459827
20.660000000000004,0.3606824756363987,0.6562474303290992,0.7328669437366042,0.7530917754461202,0.9527583349080945,0.9857721181025941,0.9376856621690697,1.0551600856793817,1.1639260777339895,1.1625899409095077,1.2482444202748295,1.3092266636034766,1.3989232860400387,1.2543038136436357,1.3063604947276477,1.3792803201291919,1.343992388471817,1.277696331098347,1.275733843140161,1.365524650531632,1.3709099036699566,1.1574256187782104,1.121351046530091,0.8754471290554626,0.9649785852554462,0.8166575583931018,0.58412598521077,0.3780933787236029,0.3717819236233238,0.26228538872194807,0.08030485812459182,-0.02476159214746875
20.67,0.3187342471787806,0.5936781326462919,0.627963020084088,0.7169281849080602,0.9448548169820647,0.9248156977459117,0.9275332685453197,1.050655767345025,1.2033949369728238,1.3033753725669381,1.3026566999384934,1.4052483713070334,1.485128744835118,1.4594502329050367,1.4178144375180641,1.4274108597009991,1.3529839948992752,1.3713873438925983,1.2434463881035642,1.3145548670244434,1.434164121126975,1.1747035812058395,1.0116425977420638,0.9226768937322829,0.956855876106405,0.7253120626386206,0.5522292406044856,0.46715053915231824,0.33171509907161056,0.2270429043794323,0.051093883888119224,-0.017510663638509297
20.68,0.34247417061249663,0.480610774371692,0.689379054350759,0.624743422230757,0.948384331521812,0.9660828933304499,1.0113141573518571,1.045585483273981,1.0940882222875665,1.1809314446614252,1.313004184823565,1.4049182557765927,1.5221501852923223,1.4737608802189084,1.3882415390124685,1.363338263129489,1.333095272776579,1.3297168928027217,1.3417855309523707,1.3806829243744276,1.3942353062585633,1.1441847319559506,1.077718512303945,0.9295402900998905,0.9423095585597813,0.7366062428232011,0.616852709098067,0.4988216052003813,0.3391255218159428,0.24704562026717156,-0.03685783802222291,-0.10920672107632548
20.689999999999998,0.33334103961224437,0.5680783650621566,0.5565361717877774,0.6791976774841635,0.9090923312254334,0.9866955672083301,0.9407541963562162,1.1049617186371865,1.1972522643720884,1.2826730798664308,1.27253559721624,1.2510991237171183,1.3609373355664254,1.412322969963768,1.3256078230448802,1.4723033010472601,1.299226740064327,1.2936236633315268,1.184941222493281,1.2876700372468926,1.428686578821829,1.1663252729237072,1.06745042976026,0.9379151179587797,0.9645980091855166,0.7129893081441291,0.5245685483631437,0.37927453648023474,0.33691002990787927,0.22687200982774078,0.0028687497666245545,0.01970126151490052
20.700000000000003,0.2682845475071042,0.5685365250280535,0.6622386195985654,0.727239398949368,0.9708082737436537,0.9107213453601698,0.9378712728477532,1.0582387275670824,1.1267749391170152,1.2497243542189078,1.2104625127394908,1.3139167940048844,1.4365684992092136,1.3257053947427035,1.3053899769088155,1.402698244019263,1.2968026057724042,1.3496580571576309,1.29967003214991,1.2894371592822704,1.386084425011944,1.2099456220845286,1.090508214083246,1.0693201162815136,0.9102240761365424,0.7680240026415142,0.5800247207138767,0.49373928103255077,0.30507020130881896,0.16157689271727094,0.030742098421093284,-0.11042821608257689
20.71,0.28163777399861634,0.4811030158663605,0.6109502625091143,0.6576091954822354,0.9632435518521386,0.9898521610918757,0.9837088208750882,1.0765189354015368,1.1376421893040136,1.1636388819411783,1.297624627806514,1.328568332689923,1.439381054588304,1.3414881768589277,1.3649663046472638,1.4030909424299751,1.3320131384400427,1.4328561914991722,1.3242528933300453,1.267235394526326,1.339171225727664,1.0966246696408488,1.0051365463323512,0.9953370701885426,0.9312323977188538,0.7282180566209377,0.5428098537416688,0.39156995920257615,0.40791523722208495,0.41499441462176295,0.06279276343516726,-0.0028209113379066633
20.72,0.3276469588283793,0.5566112819030054,0.6395608619814672,0.6372212246462974,0.9252912308491142,1.0447233039178887,0.9860340518975458,1.0786973869294294,1.1630123219782618,1.268414535909953,1.2732002777818219,1.2873918567247233,1.3872368610454098,1.4254850474031007,1.3988734052220781,1.4786572481067872,1.3339352130408968,1.437844022519303,1.3948530455494697,1.2539577298015667,1.3833463214199617,1.1775527786186095,1.0605475630740202,0.9959877984068256,0.9844477253638627,0.7401239139105875,0.5791792824642752,0.40486528576163094,0.22844083020426095,0.24175411430371166,0.03826735311099376,0.035024344194921876
20.730000000000004,0.30044528608781484,0.5153861589412906,0.6712116457165536,0.7484702766340086,0.999138824444637,0.9495425636809374,0.98952004892704,1.0484757297039509,1.1891133196423085,1.2151462684450367,1.220998287872684,1.3256526609889638,1.3074425822875178,1.3078313204177276,1.2910341848856255,1.422064433245821,1.4083012850582919,1.4506201945688832,1.303912789168237,1.3004336354869008,1.4438379665784862,1.121436630360889,1.2033901394982227,0.9811960267923527,1.0324067846113778,0.6998616862884453,0.6017209244879917,0.41661946315861004,0.3846112685037482,0.2815237852041029,0.04667467948246774,-0.022298309004187084
20.740000000000002,0.3436983902080234,0.5362239124460375,0.6406329435752491,0.6791631747433031,1.0318086509106352,0.9836754065508879,1.0144353433119235,1.1444889345486475,1.161969698443277,1.0823026368324524,1.1105299092020828,1.3018249620667328,1.3980145818430196,1.261277852145673,1.2815767541322058,1.361263725795736,1.2187679599482641,1.3358294528237091,1.3019766677797964,1.2668749006774782,1.4176225261527424,1.1686218356842988,1.1665022002869412,1.0796638032662282,0.9110926129426601,0.7617847652433047,0.5528747813718579,0.39994431374972517,0.3761481698339258,0.25412574362804574,0.01302152685492526,0.0089794337421703
20.75,0.2078992210606054,0.5108199699303999,0.6679878832324901,0.725948902462702,1.0007994159672209,0.9729212818331223,1.07242381122846,1.1109305873114783,1.1585412645801805,1.289768095601546,1.3158762619669724,1.2708714416232159,1.3748779488084408,1.3446577278936522,1.327229327248847,1.4526883118578402,1.296156506486121,1.3525720310051497,1.3241274587762502,1.2761045736183794,1.387611898662689,1.0869266277329495,1.0413516188984173,1.0055747042646834,0.957017031906124,0.6314533309020811,0.6241791066617419,0.48298975289838697,0.3955273130607094,0.34494341419415897,0.13864992195233017,-0.03308686563042368
20.759999999999998,0.3681879923227261,0.4604643064496865,0.5844517922003601,0.7206281783081175,0.9149648991519803,0.8446766173715805,1.1128545458257877,1.2155467114599356,1.184915243848208,1.258595870336606,1.3401251394601381,1.3397025503106645,1.4406783503653942,1.314222199392421,1.269504275852582,1.3733096575678225,1.354140007786141,1.3159425725386868,1.3349194073753856,1.3684081303618998,1.3569144208034412,1.2197840638419881,1.2287592012867696,1.1119643057948205,0.933974935048742,0.7169096190657199,0.5163128458516781,0.3471506500662846,0.24703345797452478,0.2174193692213259,0.10482717883811901,-0.04357137967948736
20.769999999999996,0.45870058288839816,0.5397626338589042,0.6434119680535481,0.7270650715710134,0.9589272813940567,0.8491142546375386,1.036157186091284,1.058907140941439,1.1737358507513824,1.2538690471837173,1.2723892384930957,1.364909145703111,1.3007638517381952,1.3390233906014621,1.3353084449228747,1.4154849999970618,1.2259652881973793,1.2806265210600694,1.2530601148079,1.2798746751351329,1.4119238600524076,1.1566482157590687,1.1857781658684765,0.966067839170539,0.8923993489818048,0.7750173656954339,0.6225421201274218,0.4838848960801896,0.32586797725941197,0.26763169262301895,0.039286082130914786,0.03757470675592016
20.78,0.36046358241980037,0.47594879312758265,0.6637878319657405,0.7277657402045797,1.0645103436458807,0.9405608888354601,0.9984468772160691,1.1001071711388908,1.1328723224252428,1.3057602746607195,1.1313217957552002,1.2221241183005986,1.3033664034274963,1.3212500536584437,1.2864830170921275,1.3524900539402804,1.3500459274832701,1.3872171863649545,1.311952560283384,1.2904732888234625,1.376516180659672,1.1417485293304948,1.1417139146018704,1.019253567717541,0.9453655637537903,0.8107295732087362,0.6272948960103102,0.587901736462893,0.29937022358929954,0.25042419638669866,-0.00336595342497289,0.08346295017462171
20.79,0.3816834771711752,0.4569580067559107,0.6593235357940933,0.7093359890411325,0.9426253788185605,0.9008670408563529,0.9663762246812403,1.033035090010611,1.1561390357194041,1.1439142718209272,1.2504820421868479,1.2577346006008598,1.2580442955998394,1.2539796949932116,1.3507606836986892,1.4416764802631714,1.2904619084541564,1.3583920870661652,1.3502080297518182,1.4320359171891985,1.364071774740968,1.1351308301172238,1.1429681781165468,1.0526685283127581,1.0030385073694716,0.7264664832229552,0.5698708599723143,0.48575906024562,0.32726498192593856,0.23907165218452844,0.07570274786484218,-0.043962601903083195
20.799999999999997,0.30158402332322465,0.541916209825817,0.6674478868708229,0.6753647722082472,0.9026577327990435,0.8766661708399734,1.021623518533231,1.1237828955490627,1.1539237607639317,1.1858727734504693,1.2629668471502362,1.2460973558087491,1.4066488338144085,1.4317775393786023,1.395184127502561,1.3156137667520378,1.341780492709773,1.4491882297615302,1.2978797360926921,1.3407902307254935,1.3807010537936897,1.2681745523162868,1.2158970172814518,1.1275015697307442,1.0291614029449805,0.7055762931260806,0.6595956546104752,0.44676970602347565,0.37886954247431365,0.2753387769426505,0.060951254157286756,0.04054478082833568
20.809999999999995,0.31551873340639525,0.5347516739093396,0.5987557510175329,0.6096444563679089,0.8855394187625353,0.8928212748833069,0.9562127297018557,1.0954802555780874,1.009587429451688,1.1983212286978477,1.3023598922563375,1.3418256331373346,1.471398604238978,1.362659036163657,1.3580549372188746,1.4060908090761297,1.3023538692928414,1.3712245670174632,1.3571218202536626,1.2809344675658025,1.403763762697854,1.1469743147976343,1.1742709404598464,1.1052593033332214,0.863763300799639,0.6962149121070113,0.5309205766419838,0.43333571395321163,0.28869617355408456,0.3441559613389133,0.052465731474737105,-0.01817435820263001
20.82,0.27274599080043305,0.4746139090050277,0.5262151975088302,0.6586566378211359,0.9399150738688825,1.0194088133293877,1.0723256471113407,1.1104084712380862,1.1655686884551975,1.1175302126190565,1.2660306012953615,1.3650676416211345,1.4435002494569913,1.369969251586683,1.3665703686304143,1.447501313315841,1.2522128986508414,1.4063953695837004,1.5419676911472866,1.4053494393214305,1.453177516025383,1.1721370849071575,1.213332066474923,1.089636564082324,0.9089601972469049,0.7248925930525852,0.6269993852759309,0.41636681438705414,0.2908106412701083,0.2308451886137145,0.06615091184237874,0.007697896630006012
20.83,0.31899867410305893,0.43965901237681126,0.5868754267240665,0.6210108473804556,0.9358213229167958,0.9294167753359108,1.0156754183447112,1.105913675210887,1.1572706318945336,1.2733685964273305,1.328928018301977,1.4156257661871465,1.3725329824786456,1.3692512808761308,1.44863811537989,1.3757442830791293,1.3394492963158224,1.3946475907758522,1.4044909450539873,1.252972248495491,1.4029983986083743,1.0871507691911997,1.15528000920799,1.1213658102576973,0.9019388392532948,0.7467987063918433,0.6349773982758179,0.5204902930401676,0.31528758100539256,0.19093063798089865,0.10735977355879933,0.003086523114229127
20.839999999999996,0.2708489325291915,0.4426320394427627,0.49911367617256974,0.7356985850512261,0.9961051296641206,1.0644965521759169,1.125243922906576,1.0979217116852307,1.1110426253194285,1.2013447105042565,1.2473922436021905,1.3259215524963188,1.35224613892411,1.3168766609264462,1.329650373382817,1.2791372755961417,1.2148945965884013,1.39188581028764,1.356319592538326,1.3311361712355037,1.466191991769017,1.2087760303630002,1.1860213135484012,1.047506062173865,0.9036680756172417,0.7152150976624866,0.6262472001215104,0.5039281161030891,0.4340528523679992,0.3089358093044607,0.05146235494080852,-0.03889117416196679
20.85,0.3918141436377942,0.3939239231909366,0.5066047266451167,0.701584893596466,1.017260495851394,0.8640297587937009,0.9933388717652071,1.0854205592754655,1.1755924782252787,1.2347345648014783,1.3057927114390697,1.3847763851773511,1.363518857007492,1.251281748945329,1.3192785791306438,1.3759474128551537,1.3380264353504225,1.3049166428983183,1.202876101086178,1.35750625484693,1.420155151654306,1.1464925780245347,1.2108234576688417,1.0510405803311513,0.98820821605821,0.813527982333347,0.7247193441718192,0.3983439555155631,0.2908942635960028,0.26703331667172775,0.11357206786444106,0.06016960618111306
20.86,0.3538456721470196,0.3263697956713103,0.5037394480643369,0.6481210864363158,0.9791201158189546,1.0420716373413328,1.057423826410618,1.2489063667809117,1.1679677082168887,1.2409879291902677,1.1837890829358213,1.3316544877693368,1.356841519358205,1.3343410460950176,1.297937990422958,1.4951066992697528,1.3300181369488362,1.386969512858356,1.387145559264116,1.3088114457180526,1.3143073581594906,1.136599936939419,1.2809056018875464,1.1833656946150817,0.9739189826672813,0.6388581694578878,0.6222928197353583,0.4885450715281241,0.3107431988167988,0.251486365438793,0.11354360889282886,-0.07807914343415207
20.869999999999997,0.41355622439350115,0.4683794164077165,0.5909330039882521,0.6199603989258751,0.9076554403145444,0.9568112405277291,1.0369947564510036,1.0202701501466362,1.1530618387343936,1.3098844899062472,1.3495492363435335,1.404666501884144,1.3902158726544402,1.371004216821646,1.34807178031577,1.4474661302198566,1.3758721949509736,1.4820986559315277,1.4359380402832076,1.2884933414288184,1.299353703776445,1.259718515736502,1.217613360800042,1.0261485065604221,0.8901189295302109,0.8328886823424941,0.7040174736669855,0.4178868924777136,0.34465761034293907,0.24629141680548197,0.09498659502377922,0.030408823110324043
20.879999999999995,0.3306257457995979,0.5024856533627162,0.5741974276033787,0.7798110789753734,0.9712208555709819,0.9564428437567705,1.027868148703439,1.0903578355809391,1.1000830444534158,1.2486509199741085,1.2616099694657383,1.378569580214921,1.3297882607864266,1.3689387149522514,1.300946614840143,1.475944671108507,1.3066384538510925,1.4059663810660465,1.2700813795674406,1.2612063811873315,1.305289117592193,1.0932825258670287,1.2712836526306739,1.129204770540634,0.9455134017617386,0.7375169076748193,0.7228949429709154,0.3932694832412489,0.27406336843527224,0.19985267925873942,0.031338808670252176,0.027790371545082244
20.89,0.38697234372639233,0.5602682951559113,0.6047493096452689,0.7935459871227397,0.9973874263214462,0.9287638394565101,1.2478431033813395,1.185014287944881,1.138848041934719,1.198783661612477,1.2323617386900458,1.3812373501840138,1.4396738239155675,1.3069349022614967,1.266384487548105,1.367467181447216,1.3621432594085991,1.4404867064000282,1.3788850767253398,1.3663097616095106,1.3592851856355674,1.1955183851132887,1.2466250961706833,1.1810710765651857,0.9339507725488375,0.7415758094859939,0.7472094260635398,0.4691370529297096,0.25406974094204055,0.23271517885043436,0.058367269434830116,-0.031123079263855172
20.9,0.4542822554769752,0.517144038313,0.570610262412223,0.7426413837493773,0.9576906088786561,0.9434709092759276,1.1085732425086785,1.0611510410218,1.0401067254113094,1.1897755114095288,1.2764137200284298,1.437851880436731,1.3759587763074044,1.4222803779663016,1.4047720070265755,1.5042871690352513,1.405997126114774,1.4874270865520864,1.3620111782460083,1.2884127304316786,1.3348397105417358,1.1201724572068867,1.2033137289983864,1.1079202789435054,0.8945132650377975,0.7645875725213567,0.6363316006143183,0.3422498749690693,0.2114763249872876,0.2217063394400018,-0.012259538912738465,-0.10434091625526244
20.909999999999997,0.36902596268403864,0.4903256932951791,0.5810104430251085,0.7295549880620178,1.025916441851387,0.9658253962551262,1.0805890150365023,0.9834125783620005,1.1613073089735653,1.1949460369244456,1.264225003724511,1.2651411042368836,1.4372069879705094,1.3149523612349898,1.3940157867853489,1.4563863878998957,1.4416990985500586,1.4247450139201283,1.3345903716997858,1.3796992251672278,1.4098582142747293,1.215843552063554,1.193785371485168,1.0641456249838757,0.8241689575413482,0.7411699189352816,0.6691609627820857,0.48002637986023367,0.2259061615763998,0.16625004701422907,0.1221224569217704,-0.08172827407536257
20.92,0.35754697160493754,0.40483639627902485,0.4951321217193975,0.7553537258474645,0.8983268456636251,0.9368960386376465,1.1059427817661396,1.1691599216448822,0.9997433323474971,1.1611053342950897,1.2430444997497123,1.2750067892679324,1.4008999507594457,1.3880159859705796,1.439740864070671,1.4164723317742345,1.3911188029796135,1.3517517676778052,1.440267731000157,1.3391194559300779,1.3858693640116688,1.2221645533001009,1.2503637140413761,1.108777821857439,0.8181900196317516,0.7772569390593368,0.6542281788890496,0.5155746318084603,0.32473892861125475,0.15103225960071873,0.027392338269246353,-0.03351674203433353
20.93,0.42763119399837324,0.4570876016568934,0.5718275717204533,0.7819845961958952,0.9746623207234698,0.8750438734942287,1.1522459242992795,1.132781016278486,1.0523674952115576,1.2896746754130384,1.260879618333665,1.3650312618884979,1.4697266876506965,1.3818474170046429,1.3964300657594315,1.458905353285329,1.3401400436010402,1.3262694705725586,1.4400128848365255,1.4182809402900307,1.390979737884158,1.3009397296018714,1.2947552540959637,1.1272775036335332,0.8711208949630508,0.7363648232381094,0.590774865345219,0.3816327190197128,0.24795889164728407,0.20960912820283636,0.08355427366674378,0.06037169193553235
20.939999999999998,0.4071566845336154,0.5064243414030954,0.502489582211258,0.7301435782919167,0.9703574297791732,1.0420505086826812,1.1872434711254019,1.0955866717096097,1.17429088919008,1.2576698403842828,1.3450355772174758,1.342690999135852,1.3633763282959692,1.2818486102099313,1.3989921133397496,1.4774457294796521,1.3734051266125047,1.476261649663486,1.4397715544695295,1.4195947593085472,1.327781480942451,1.1655565503815601,1.2579969377320592,1.1988710786318408,0.9558322859683991,0.779658979316649,0.7268755855236423,0.5267914319980277,0.3224137055390287,0.16630417492873326,0.025235657447566156,0.02366533441576717
20.949999999999996,0.3084283459492704,0.46990124139703077,0.5433239864648756,0.819360037402478,1.0058787672901088,1.0710375248779678,1.1325559574770503,1.191341216280403,1.2629250402402148,1.1917873191605046,1.2748172185359048,1.258901455306145,1.383828965222275,1.3861630123078528,1.439822779092635,1.3522300137536358,1.3658089733970962,1.413633768685359,1.4416507996468173,1.3634479931427497,1.2883977679568483,1.2015738914859082,1.172129006560959,1.1076915746783322,0.7927790053384347,0.6908635465442905,0.6666495106828939,0.5121093952151943,0.29286484886123626,0.16427746519588296,0.10169721335318456,0.12171594128353855
20.96,0.39561383330991495,0.5540366219856875,0.6378155353974003,0.7850201362148481,0.8965407046286877,0.9586261369868133,1.2183878303904674,1.1132460564710194,1.175180560786307,1.3134020442728163,1.2881351330094368,1.3303742927265838,1.3906987868257796,1.3849118354411418,1.5083892898590263,1.4272934144952043,1.3563850177604426,1.3589788854682194,1.4438085914670427,1.3412294569515812,1.2833702048183702,1.2267456360146387,1.2284785680692971,1.0995079039962086,0.8337740240727558,0.7311201766233232,0.7476941990573791,0.49943217787768185,0.3004056876075383,0.2682840936216894,0.10598832388642464,0.0396682751436076
20.97,0.4330154087742576,0.5361013180907324,0.5779292816542514,0.8546449290808829,0.9885530714263474,0.9413051375133555,1.1342274097570906,1.179926769331723,1.2376071470125998,1.2819099507410223,1.3273145410903944,1.4327689755163235,1.3921262485270318,1.387915202587874,1.4222258141786062,1.3974280480945107,1.3266572624499988,1.3551792751107967,1.3777203883202498,1.3072918592744922,1.312116712490234,1.1855611428034534,1.283705700374691,1.0974577665824328,0.7336925051724432,0.6957602549083078,0.6352363511925695,0.4031020556849606,0.30658717557810655,0.22236946035572386,0.032383633345395645,-0.04132035699600719
20.979999999999997,0.468921128983607,0.3950238236986329,0.5500585014983139,0.7203351864444465,0.8796338747265409,0.9287676036981576,1.132840488163184,1.1348728153062084,1.2234307082613785,1.3207589973952625,1.2815771133876874,1.363799778357215,1.3878419383635963,1.4342484606196302,1.3803100169551112,1.3483454434794857,1.3328661058068452,1.3446280910254975,1.4170725295139464,1.4303665277863933,1.3692646404838509,1.1656783703788582,1.1668909822637406,1.1034312590586732,0.7260436802157241,0.7319924381918084,0.6863149712229984,0.4413985943527719,0.25638596931832797,0.06266417265187563,0.08771966239136655,0.07547324049584174
20.990000000000002,0.3446252865880948,0.5043206164599078,0.6321402758087313,0.7934445300519107,1.0097008373558607,0.9876522768721958,1.16302411751973,1.2171912361500712,1.1751582815356079,1.2777921569371165,1.3600828992100003,1.4111272717895755,1.4268474702746667,1.50270635328293,1.4511362858240362,1.3907370944928354,1.3209459170464861,1.3709800363731262,1.4502596371676983,1.3529463243893254,1.2471549772660806,1.2120173394221168,1.2214679468361123,1.1411348705523108,0.9295099655356014,0.7916049488328294,0.7516862477425034,0.5882628494860593,0.36559832681325255,0.21945040058525972,0.039142129306792825,-0.044961522712039334
21.0,0.4263318326524949,0.4187051448277679,0.5424314299357935,0.7827096326326007,1.028549403884086,1.0944734701762497,1.1847506196975939,1.1683544388836589,1.1614084834585254,1.2828086047100438,1.391110189519267,1.4487443401657507,1.4855137043859163,1.5045604534545856,1.4135685756418201,1.5361459378975504,1.4681607879132137,1.4443667755097696,1.3901320509635668,1.2473347842235771,1.1622900732192587,1.1113796993950256,1.269098154757285,1.0596776087700543,0.8016449405800218,0.7333323956754454,0.6539774108634779,0.5258884572760683,0.2753188377142042,0.19824706173662643,0.134525205693096,0.08369174474953117
21.009999999999998,0.4400154236721752,0.43474310296831026,0.5628520668956678,0.8430395982922699,0.9954663451948519,1.0337941061975306,1.1500198012147258,1.2200800112167314,1.2161709388777007,1.3371828497834375,1.3840979752917766,1.4451648535306767,1.3712725325866861,1.3420940565405326,1.4832610589940138,1.3850040770877525,1.3674443941468193,1.4203495609695942,1.4310749942218182,1.244812723811086,1.2083483754519002,1.2067038577354825,1.2652141549391582,1.1643940634566663,0.7990241434027283,0.8329269162952379,0.7418790389972282,0.4638403151094052,0.28697768509876875,0.08561090109363245,0.07214693394799014,0.03044538331954203
21.019999999999996,0.39465199026740094,0.4555696056572824,0.5584447638066731,0.8927005234149353,1.0361924496959738,1.0208205114738216,1.2468630106280516,1.206283777133866,1.1723073567220597,1.2558564322667078,1.3427758347910896,1.3751961073903252,1.4233576442932523,1.35113798089981,1.4384683146924302,1.3540345792281838,1.3750936918431405,1.4598665599125,1.4201010613806957,1.3163979775032686,1.1474083691614907,1.1645112343480892,1.1923578078806982,1.1211075945223237,0.8106805953481073,0.690813946484676,0.761834056781121,0.43325939106359024,0.3090792311034285,0.20425024744670336,0.027915751604006268,0.07242207183774574
21.03,0.399271897018652,0.3399012844727131,0.5648521012766446,0.8593890634633782,0.9040692761773861,1.0096053369951603,1.1682741931271217,1.0969457895419277,1.1578059117277695,1.3005185635899918,1.3926585102415416,1.4306402274962708,1.3705420886854454,1.3806335925660005,1.4020520334817175,1.4476870381997076,1.371108377550201,1.372402220050994,1.3890756038320298,1.3202328169694515,1.2687681912200746,1.1509377762060382,1.1938697976156578,1.0916673526100937,0.7859788113552024,0.7485550857989021,0.6966250871392009,0.4993514285783277,0.29962309168757145,0.0805211936328739,0.05741324498953139,0.0710939638563095
21.04,0.42234799908779297,0.4889158195614951,0.6003485743700522,0.8401839076305632,0.8799111162362777,0.9886313455953458,1.2465743722635219,1.2239117584451549,1.253552809028382,1.2764633481872139,1.3523322504320632,1.5702489273735722,1.3881202199899867,1.4410629144229685,1.394304749099056,1.426967757488965,1.3595380402656732,1.3117595520490442,1.4687960954937973,1.3288654741199482,1.2612158493666075,1.1144461422878658,1.15381122928113,1.0464056672419053,0.7375460328080942,0.7066625375011872,0.6758027685267006,0.3841925921963858,0.22478299673175117,0.1571789229096143,0.06000576246532713,0.013146418855635035
21.049999999999997,0.33345678862328465,0.42901075948191797,0.5819109511382033,0.8284605559322205,0.9014809373046448,0.9848054750954774,1.2601937211013623,1.1312817774280601,1.1538055147885224,1.3332249834368137,1.3870742731739727,1.3270932324411682,1.3734917368725288,1.4024631061959618,1.4192551500277095,1.4033886194755114,1.3709526763530808,1.4367751310163102,1.4839025591699317,1.3252216849131355,1.2042003875500877,1.1975368706219198,1.2320074446396694,0.9996463230161067,0.9057133633921797,0.741667203561571,0.7058280220440496,0.5452711374845297,0.251694417317934,-0.002426924217258878,0.027469618716338906,-0.017252492427695866
21.059999999999995,0.4145784074347521,0.4681883795323871,0.5872737647978395,0.8752373670442742,0.8978406008066967,0.9666823370235829,1.1715660907486192,1.2258611157640573,1.29622925114864,1.3296463619995518,1.3776034098381476,1.4356656534919716,1.4357408767223396,1.4714559639899858,1.474098437006457,1.462509126352317,1.3987059922197944,1.4376168311837099,1.3912561634046507,1.309785557771955,1.2619633176284937,1.196792343714407,1.259838946580593,1.172993994041514,0.8779466845713112,0.7456557278925067,0.6605896866942751,0.44224763864852623,0.3508930764378138,0.13667946319040464,0.020327231734665652,0.0484434693000739
21.07,0.3717656118961593,0.41918615684921506,0.5906281941116099,0.8706345000593456,0.9457742486603464,0.9777662465840055,1.2866095072646144,1.1773470413301477,1.1999949024194787,1.3869164408145092,1.440384229431681,1.4444270657280192,1.345759305394454,1.4402000994850854,1.467425356834652,1.42537614697807,1.4019226195252814,1.2970231017022789,1.4961922260076606,1.3398787491232647,1.1681142076598006,1.1209428895874396,1.1402720533314692,1.0213440404286898,0.8540796834668288,0.807042596836315,0.7494072686417923,0.4934955728082929,0.321309846800748,0.06673568572007246,0.040042439520586726,0.08192231048789217
21.08,0.4485760971662865,0.36809952449102956,0.6138315143714592,0.9338278135369759,0.9901156654993847,1.0598047047989896,1.2342194041702663,1.2071224129950233,1.1838083716206809,1.3123260409392812,1.3582065708910358,1.3588476809762127,1.300082210116156,1.4505569535604816,1.430541849390475,1.3711103763238992,1.3700713725704712,1.264544534610413,1.427298480440627,1.387365648165064,1.2593071584871276,1.2253563519517658,1.263809248322444,1.057346272759934,0.861980000780691,0.7281138831101628,0.6499033434360126,0.4589552762204635,0.2563004394756645,0.08391899519599381,0.09510527071971318,-0.005165160289635651
21.089999999999996,0.39514921568696476,0.5391285452173054,0.6163026427247797,0.933500290180953,0.9849734956379287,0.997064936629562,1.1304035065293732,1.1878838683840567,1.3677168866516882,1.4424746171686513,1.4000030025743815,1.3093478404148817,1.402757428932115,1.503693353985397,1.4624947804590311,1.421162111408429,1.3939433396501453,1.3608406990465027,1.3991808135161254,1.3912780709254904,1.2600867969707519,1.1225732956954402,1.192726130700056,1.1628252060830457,0.8133417074045401,0.7318879373050947,0.7147865040866382,0.4805711381691539,0.16620690323968648,0.08973290437644611,0.12524087979194914,0.06914724901094646
21.1,0.3735477752552381,0.4897013979179695,0.5791747392793511,0.8457021575542644,0.8889229176039076,1.0751792751173954,1.2025485206492688,1.2814822938197086,1.1707520265144022,1.3146550711329108,1.3377676571767567,1.3758659791900814,1.4788408939233337,1.4559327795197075,1.3721655820950809,1.3123618479996593,1.403854442923078,1.3138354542910295,1.5117857839576128,1.2420695305214275,1.1971915558422048,1.1755364544167082,1.2202306328292645,1.085970280721545,0.7964894242462219,0.8430816296416931,0.6682492929629238,0.4899657513202107,0.3959577685857313,0.150002750081628,0.09717566071765515,-0.001954272365897028
21.11,0.4019179522301871,0.5589117554112356,0.6847942836840024,0.8782065331175701,0.9347448004164263,1.1129463412535572,1.223902297340727,1.2851784540266136,1.1662641199522392,1.259910572017432,1.4290337441329357,1.4386161818711836,1.3597925792577727,1.554803730869322,1.4435636174257735,1.3266638464310452,1.3776053002202044,1.4177258626927045,1.53394172790422,1.364425936798704,1.1353750776550837,1.0658970735374986,1.116257133327175,1.1943887609087251,0.8194700490909752,0.7606975847636018,0.691875773185687,0.4859045182345399,0.32413831264630855,0.12932807338505894,0.1000185826559306,0.083906900199362
21.119999999999997,0.3515152034582889,0.5250992565646603,0.6675416021406344,0.9606437012822335,0.8850108140341444,1.0019987057665358,1.2001646060710145,1.3094430883429646,1.3377937676463743,1.3278797955355444,1.286754757805807,1.427834730115,1.396151221041839,1.4344114020649816,1.4906732523889432,1.3723090813722603,1.44432178014106,1.2768891899030324,1.392767358610841,1.2784190892721103,1.1952177473835277,1.145637471761123,1.1755555071049635,1.0907935130584505,0.786170316121602,0.684569151959893,0.709511612760304,0.4529044296867838,0.3268034223832382,0.08175691021819108,0.06942479412906559,0.0893652673278392
21.129999999999995,0.3593698955778353,0.468030762384356,0.5948825115822761,0.8677575123457596,0.8050338526975956,1.0001221402103888,1.1646957097229416,1.2713045083144505,1.2510359352111085,1.3447239998373488,1.3575447700228638,1.4657221917309633,1.3745287650824083,1.4698817154923496,1.4969852587349193,1.2998180456328814,1.2953163395938414,1.282070782053765,1.443592479717339,1.3018106809248093,1.1216237782696077,1.1352422622588045,1.1799547334211733,1.0829862291844596,0.9652553478197448,0.7807629941681095,0.6867909880823728,0.48548289221250107,0.3298314822414419,0.12746312885634983,0.1315468881748206,0.155215335897024
21.14,0.33066138359900904,0.40897046056218367,0.5755310246834633,0.9734237305194919,0.9278881385291935,1.0983480284530613,1.2758278949613269,1.2128327128250649,1.1884122279603717,1.2654870916350132,1.4105853765064005,1.394945297370927,1.3901076599775983,1.4068834674523107,1.4244391147749378,1.363364836971709,1.4522527662672358,1.3297351036599876,1.3499958667431975,1.2152309611194756,1.1421629855112818,1.1807229839264763,1.266942633897694,1.1587234380410423,0.8445237209790781,0.7824804593769931,0.7241882437222128,0.5408169740657485,0.43548673068033444,0.13287613135036577,0.1372233267457902,0.11953094398203798
21.15,0.36963704901914013,0.40789169959768445,0.6113448997559945,0.8753503906711404,0.9445196199017012,1.1261559454010106,1.1956924148967134,1.216406398841572,1.3346782704554179,1.3747141765820319,1.3858973063385145,1.508028815474497,1.4557854263859786,1.5541825054589609,1.528622823159894,1.2975870573209844,1.372497235679275,1.2335522996284773,1.4125630472739679,1.209470348203929,1.2090837299107986,1.1255953237388805,1.242468857526526,1.1106951538313312,0.8259793529467391,0.7317078358101964,0.7123068444557717,0.4826667403339739,0.3328585666577241,0.12041183681650758,0.09539117133855864,0.1503851988481407
21.159999999999997,0.3075986251863278,0.4451269013603456,0.5848856583535522,0.824257397556998,0.8617114269419673,1.042327497202122,1.2443514992406792,1.2939273367828759,1.3228891492346213,1.4197189449387069,1.477096882340945,1.4260131475157005,1.4232882870099766,1.5669658549834955,1.5448443512233525,1.3518339124761698,1.4783954593581226,1.4267013196565137,1.3844259436098967,1.2574096230786034,1.186001089495678,1.081485777903668,1.0535984261567286,1.0525702599471982,0.8388935446193289,0.6800720256740505,0.7400008990489769,0.45344721478589195,0.24556192726953033,0.0648773384728511,0.05015700097306411,0.16125265985793838
21.17,0.3121585548585342,0.45331470973462906,0.5941673480307461,0.8798446022544599,0.9176338589328819,1.0548451529539913,1.1306933263264232,1.22839226468938,1.226469531770425,1.4228064036410888,1.414234453611044,1.4358443459472026,1.4445142883590987,1.511755098181908,1.425019820515195,1.3690491129137712,1.4273088454560685,1.3071752655727347,1.4809860780935,1.3126058653761463,1.128835687432706,1.138777974182918,1.134600082225606,1.0883209496640862,0.967842013873865,0.804487811724102,0.6945436508518569,0.589284301204442,0.35599742714092336,0.18696052732679885,0.03483847990450068,-0.016895307990831478
21.18,0.3633399636418293,0.5063954499849603,0.6318931994245431,0.8760243813286918,0.9003241204340228,1.0438882895149717,1.221628969817838,1.1857284561491361,1.263313692805739,1.3633590195522292,1.3644636065270581,1.4135336413058273,1.2541406108818383,1.496311224278647,1.4573589244691576,1.4338095382240423,1.402718633435024,1.3347337930995318,1.4455498713862966,1.1649235061705323,1.1746449852966405,1.1215284989378778,1.0395842046732127,1.131748225297896,0.86997795832518,0.7153405086220929,0.7263062750586532,0.5274834150394189,0.4590955118844312,0.0696942998084828,0.21842450517143602,0.13500204366261978
21.189999999999998,0.44716662323798323,0.5294449639338669,0.6356167921311531,0.8341449185305625,0.8122146906624373,1.111713601705997,1.2555950474491298,1.2379555316421123,1.2151022193298504,1.3733569110097144,1.3581382926567562,1.4774313187578663,1.2677494642146754,1.5342691075870647,1.518068030200384,1.4883798397064614,1.4744621506252629,1.3844320432880899,1.4657236924385681,1.2149539766188755,1.0803235637174653,1.1115788076819897,1.1834233484659789,1.0194116707553647,0.7912490795867271,0.7427963677386887,0.6681985367605788,0.43613605102284353,0.37695487412477857,0.14040264997448135,0.052166654446551344,0.10628246770412426
21.199999999999996,0.3368166704749868,0.3974964409623644,0.5107240676669321,0.8153270819336523,0.8914659900527464,1.0975937734733707,1.216767274982772,1.2555664519773508,1.2940518999718449,1.4320266971799278,1.4005180916526125,1.4848436677820775,1.4732740251948968,1.5334298504786585,1.5520982129730478,1.4074745803838637,1.4461231783556434,1.412014729124077,1.4451336499461247,1.2912800894940963,1.1666868243140984,1.1517201744241619,1.075248771185545,1.105232207606787,0.8913604476802641,0.7850586533046174,0.7701088407964641,0.543667004959482,0.46946062590826376,0.12751842689676365,0.11895997864348237,0.09290281853830663
21.21,0.4820492196231544,0.5339605055053012,0.5786498145241127,0.7945595323930215,0.8709247647448243,1.1004218711712972,1.165206729521761,1.2138748334549587,1.2543330520071634,1.3275708233110532,1.3874170237575356,1.4775229874171103,1.3064003758424563,1.4386003696135208,1.5379522367322505,1.4430896601645902,1.5170414363425628,1.3550118091136847,1.4072834827392553,1.3270556229576178,1.1354907171167439,1.112604368735012,1.1327897069717867,1.0864877647432607,0.8613220575308806,0.7960260206087771,0.7634241755031017,0.6569894871363066,0.3600410300651109,0.14017046174463865,0.13383765943737466,0.12314484592616579
21.22,0.23022069196203143,0.46394512460416765,0.5611588307094021,0.839036707246316,0.8609127304162858,1.0244485317230305,1.165122518186907,1.1662974608534593,1.2426291243681091,1.2962896043433962,1.3445011265081477,1.5845915108286108,1.3620378209590667,1.5011970100810412,1.4915656142514544,1.3747383651668796,1.3397367785958365,1.3496255773687937,1.4825156941812996,1.19901833326823,1.1994964767993315,1.1217999060073236,1.127355390006008,1.0918033590768523,0.8271895559434008,0.6862969404164406,0.6870161437054559,0.5540091285727999,0.42124437069303783,0.17414723122361453,0.07096859860335937,0.09387792121976463
21.229999999999997,0.2698093070029325,0.40017174378982345,0.538496100427729,0.7613902988237752,0.8902342190736241,1.1298886793237146,1.2106338880815388,1.2649928634404797,1.2194192149424814,1.3788387192133333,1.5015063571855978,1.5413534347627644,1.4732830841670057,1.5718404368851073,1.492516156026568,1.3650275622780648,1.5066648701236305,1.4053581438257259,1.493578119406253,1.2359618564320118,1.0433164297165403,1.1295455714510128,1.070932013086573,1.078154113045795,0.8111932804916008,0.7486499964855896,0.6933213725349473,0.5751268912144655,0.4326863785109511,0.11058625415688203,0.0807677249694165,0.04443912910683142
21.240000000000002,0.2740632428970408,0.39832687231346237,0.6159019028658321,0.7632876475203005,0.8479179931331187,1.1408737688843194,1.342471419834649,1.314464105453551,1.2742543832416737,1.4361237807490714,1.3838046393533807,1.5192132088101635,1.379658125533462,1.5989183376611635,1.4911739139366667,1.3128851081360582,1.3582988583342421,1.2693612326316448,1.3675404782406775,1.132722449108774,1.1684675590836582,1.1627475258551874,1.2072342068492443,1.0556700230842815,0.8857087718345401,0.7371226183661735,0.7483427256946962,0.5184739165107863,0.430465031761933,0.14225097380253554,0.03003281926596947,0.08591618558589097
21.25,0.25348066695435995,0.44975618373912063,0.5877516162678321,0.7888688217974964,0.795444709213575,1.0496154288561126,1.1327397462368598,1.319802837149507,1.2365381065027754,1.331424235116876,1.409516369826274,1.4278334762493605,1.4083769599735798,1.5195796657356286,1.534892951385709,1.4226545658565217,1.5085457726190623,1.382086600412278,1.4936641246474462,1.2781437625776855,1.2539595117070876,1.0451632234207997,1.1284593038870132,1.0599211633948382,0.9168964123480251,0.7461396057129014,0.7056734244081417,0.4873270565476701,0.326630370876302,0.1163461209079063,0.11325835047020358,0.11118098373364729
21.259999999999998,0.24576545062973099,0.5230896061303302,0.5812859745265587,0.6853292741240407,0.8872493419176579,1.0225199663726001,1.1078110118416533,1.311813877373676,1.341734217160964,1.3859019311199714,1.5110866345516585,1.5063943070300185,1.4190630190531033,1.5916761003672948,1.536381341823767,1.3269644284617217,1.4270988810722098,1.268757469776441,1.3883940890457807,1.2082833457536206,1.1633001998746202,1.1359547223265845,1.1221933740734975,1.026975438585898,0.8849921035150223,0.7145813589654697,0.7998465986431481,0.5708024108588413,0.5559715085174777,0.2128577585796225,0.09219164375228432,0.0927684853141382
21.269999999999996,0.37949651817721614,0.5057020321214161,0.6093573404767485,0.974428300244814,0.8963265094521754,1.113089514229877,1.2827851893346667,1.3057619154811477,1.330427844948336,1.471515904589808,1.5324047161280692,1.4851571668711028,1.4098326577392486,1.5127119439264611,1.5544823562495065,1.3684955739307296,1.4318528061189046,1.3960116957266162,1.525629854708064,1.214553948490121,1.1242448338432685,1.043493831123326,1.0385834505726437,1.0030254223569341,0.9197291052737424,0.7149630564263166,0.6852733881073474,0.5940473781057529,0.42810639444345694,0.15146083178489328,0.13603336929272486,0.11538388348460021
21.28,0.2483180306684091,0.5523627050683471,0.6687479386804656,0.8486021255701836,0.8910622628060593,1.092907213331006,1.168092380273887,1.291204446108649,1.3609371434764739,1.4387526497931706,1.4837562352753833,1.4517804612811012,1.3579264143039382,1.5911809361627387,1.550741188880067,1.3896046144730023,1.5377191856704344,1.4566337932846996,1.583946690952498,1.3452588222155744,1.1785794375762217,1.097635679376277,1.0705328222952062,0.9986816616026484,0.9452338881825639,0.715267539503343,0.7335740349257222,0.4960370123030226,0.3233554728280552,0.164211884122121,0.07456279539880095,-0.022694495885432747
21.29,0.2778526480298,0.37683603831066165,0.616324044606347,0.8331057535894398,0.8773580377858211,1.1689810462297618,1.137465917525933,1.2456272331649167,1.2101810725448896,1.382877386489603,1.3975035555052726,1.5729291862303754,1.3833627827487187,1.5913201659267087,1.552639111948455,1.3514119007771104,1.5126551146405036,1.4323986320587525,1.5132696453983796,1.200199273546016,1.2378497816318978,1.1362824534085403,1.0674528680151216,1.1142999528233875,0.8953907330037704,0.7615557495418963,0.7582923050281664,0.4208528187910765,0.38643893399608836,0.12965480465238693,0.13136572137045033,0.16568554092852422
21.299999999999997,0.24516597425698483,0.5490742871110451,0.6356597409366012,0.756388446938573,0.9068689032723637,1.1433838741933355,1.0857339080492554,1.2377882975763124,1.282236278851977,1.4742460771181785,1.5808459264667638,1.574622774059342,1.4203277835187023,1.627750269978317,1.5498631490549404,1.4949279715460024,1.573592208655615,1.386562447425902,1.4778152904619268,1.2693770190338802,1.1977354628650962,1.171965830274234,1.021359251514219,1.040594172726189,0.9854812857614774,0.8702410800565504,0.733559417519663,0.5620996596552226,0.4542298717745931,0.19336376207977288,0.0849096096148631,0.11754669174757473
21.309999999999995,0.2200379378546754,0.4264006406660418,0.6508287024856211,0.7065688091238062,0.8449240443138957,1.1204203923270484,1.1901385722103446,1.2934517708301958,1.2445355663306532,1.4156201027516528,1.4949850004095153,1.5414142870921923,1.4028000627947539,1.5907708342143247,1.6144927697452325,1.4907101054214564,1.5658574079717897,1.2975031063653273,1.4196768804414754,1.2797896061510543,1.2080243401270694,1.1025700951262327,1.1339958468791496,1.131247186007931,0.982132719661842,0.7436581255785333,0.8473386107521353,0.5571686617345043,0.48778875954423234,0.11772681635555224,0.09043502147780269,0.11197344920722066
21.32,0.30139620223851493,0.4668019585627148,0.6136957779608463,0.757694193089125,0.893350643891828,1.1160466988282336,1.1691411622167351,1.2828071307607531,1.2301108001237555,1.413057904790019,1.492656096533578,1.6004161773553758,1.50523717556718,1.54776144406666,1.5407524459604853,1.3779106982217173,1.4187494929288929,1.371672851656339,1.4898070939957957,1.1130382440614073,1.1098145581434473,1.1900847837175224,1.1231544637984523,0.9008708122747094,0.918243039435587,0.8092004856279424,0.8340456634810741,0.6091400068440965,0.48668284627350716,0.09957955696209603,0.011942669037710234,0.07531227864799298
21.33,0.3736506541055756,0.5167137660995329,0.7341104032808038,0.7984177356307897,0.8376619791831666,1.061179639472581,1.1172370747106248,1.304568033205951,1.2585309330350367,1.4159661907910575,1.5367770450650338,1.6910610252734468,1.4026933512300428,1.664224187736093,1.612489503482031,1.4067854989397424,1.514260649916848,1.3513624653088936,1.5040828952503507,1.2210910176054306,1.1026292930596637,1.088345660655546,1.040259250081629,0.9871565869019496,0.875081425716612,0.7380141301173168,0.7595426866411827,0.5986436476409571,0.38573575147876904,0.16989781426335238,0.015380809830935847,0.2966118135738153
21.339999999999996,0.3207207679869428,0.5518759234408809,0.6493244614408873,0.7378549601015527,0.7987981123134144,1.04871571167655,1.1739421030044845,1.3048162475500658,1.1907213087850912,1.4359730769299661,1.3863121599565191,1.4262208747789007,1.3407948988804181,1.5768380823881094,1.5216881642518112,1.3565193948646943,1.4842226161150769,1.3893817516287965,1.4703067923561681,1.24031593847292,1.2288484224809406,1.1687052623855125,1.0900191033917281,1.0311996056028199,0.9688591722053738,0.7652865515670023,0.7509026808272807,0.4934940593611272,0.4583521248945944,0.21376789528493112,0.05152618237524441,0.2734387968773442
21.35,0.19355181132655414,0.47276104853707906,0.6395172422946137,0.7609861482952951,0.8480088350758054,1.104295983971421,1.2293397331730211,1.312662822259954,1.2456370440529596,1.3572768679252118,1.5142156909534294,1.5554108229086978,1.5114096602263005,1.612592664273648,1.6359010656788588,1.385094427105666,1.4459493439997313,1.4415814986148754,1.4920121158937591,1.3443228032526255,1.2687780591940303,1.0306594759206749,1.0925534110014765,1.101756647377789,1.0346909852281339,0.8342913565788899,0.7884705992495977,0.5370460773809341,0.4771452936709668,0.22129500607056238,-0.021789626162501123,0.1253790223736054
21.36,0.3497627357103095,0.48496770064319167,0.7038194163730916,0.8259837493697543,0.8596931757388226,1.095824025764338,1.199220773062088,1.3496143611398694,1.3277978939386,1.4343044946510797,1.4622397774311606,1.4974965998641485,1.5229132095951639,1.6283734280552145,1.5603038298382228,1.4481236511900868,1.5969554878822103,1.3759732369419477,1.454059399734772,1.2760846056617476,1.2725892900456808,1.1217382085626437,1.0659761796743303,0.9897300285021692,1.0240700654622636,0.8872337365807818,0.7573405252614961,0.5537780323013956,0.501733875787073,0.2983560388107286,0.055608829111740726,0.20216106453755078
21.369999999999997,0.19773893073142582,0.5288401269078774,0.6991815234312968,0.7026493619916321,0.8069333201627862,1.0700567545932977,1.0891709869558401,1.3269619264246701,1.2838683302355334,1.4468574722251692,1.4745352250321484,1.5675536436537871,1.5819019753060832,1.6540329506597102,1.636458565202664,1.4026073967620654,1.528527412039146,1.3057427952544063,1.4261602202547539,1.1470311800329505,1.1714034551364887,1.1243463324602958,1.0605508813669626,1.0896110482402797,0.9467553413999306,0.870346697867895,0.7504688896594134,0.5653749740940818,0.5070452064198,0.24014653394219443,0.10335115991858085,0.11139338663064927
21.379999999999995,0.2072423678238547,0.5303445360342883,0.6617341390292641,0.8237931784739081,0.8691952953425258,1.1622306482005254,1.0883537060561574,1.3220165337435474,1.3144003192043896,1.5553105909108147,1.4545759858467224,1.6614431508978402,1.4455468361169403,1.6337474600412696,1.6719379025506345,1.4365657122337208,1.4744350832722954,1.3658041142320376,1.4634612563529417,1.3554604164603892,1.4018661431894732,1.1345377090873887,1.081754771927905,1.0957048814218417,1.0345913645143332,0.8998393583881653,0.7054114626038686,0.5068301735624762,0.3689911725753028,0.12233786882136832,-0.031930611169551454,0.04723203957031148
21.39,0.2819264796417239,0.5862483510803671,0.7122893583080463,0.7635796645940142,0.8178661487929382,1.0349321107187783,1.1291384429596718,1.3233115960273738,1.1712030247454124,1.4506765430210673,1.493636465745403,1.6177183467986282,1.4012213470052972,1.6610600684195742,1.6201748749778047,1.3289546184671392,1.5152185428984486,1.423105029223877,1.5325834804889156,1.3888204052841104,1.318854336452106,1.192095275037424,1.0421178388198815,1.0189122617638646,1.007982881530195,0.7943745447164677,0.6240359155073412,0.5272734412257847,0.4449538898230878,0.28262925444521675,0.031550451694235176,0.10832302450101863
21.4,0.24119055241353957,0.5501944410499752,0.7339918370269384,0.7320579801127722,0.8747959034665451,1.18340806197469,1.240705600135699,1.391689508649345,1.346026587969337,1.454243906794376,1.4531144385103825,1.5974059630908888,1.4383319282505937,1.6641731852192987,1.673389214778125,1.5575012071885703,1.4895354122825046,1.3596207839256518,1.3618432251131862,1.2223912622614004,1.2888304195329194,1.1246998831774242,1.1047494796948245,1.0546603473322236,0.9504690833221792,0.654804460263816,0.6377159457241279,0.6475523890473414,0.43581271963341073,0.21522389689257176,0.08368673727884877,0.05823204396139246
21.409999999999997,0.40019634588761244,0.5476227601841255,0.7251395243654304,0.7227367466527428,0.8366448858463263,1.1562910698065663,1.2543780831760372,1.2642860862001815,1.2676265042562265,1.5015940415684998,1.573598397357999,1.5451347424845248,1.3915701828230214,1.5801100631889142,1.5592605208323418,1.4313101453568686,1.372970658408386,1.2612543182628728,1.4836412478090713,1.2835356453227607,1.254545715589619,1.1300774063995274,1.0600265374110869,1.0557110299127794,1.0696973073775524,0.8593001339781668,0.7549054688563015,0.5632432625387467,0.4901655416093542,0.3203709001317419,0.062108370817615825,0.07783117195741757
21.42,0.18415270670208278,0.5796393698851149,0.7594063662584256,0.809588831435811,0.8448456001488989,1.0092263318687404,1.0675823567934744,1.2595495492653612,1.2758170824413204,1.5101487306016208,1.5321958177710984,1.577954190613073,1.4552129200625816,1.6055115801759352,1.6742286986213541,1.4266942398791067,1.4837449803270992,1.3963605967321402,1.404316277912816,1.3439253470493342,1.388181224446879,1.1268236966971508,1.0455601706913014,1.000323768379327,0.9418370116570381,0.8026252047938492,0.7137973472166715,0.5200590867280375,0.44753228985804355,0.16883829231355194,-0.012400275281264285,0.07639199446539295
21.43,0.3291458819227583,0.6425388508828358,0.7883262532107119,0.7689924437015588,0.9042144430134613,1.0440116187470947,1.030050638403642,1.2727473640813767,1.2245194605267644,1.4585320668934156,1.5759259741287133,1.6004961069877646,1.2980575476151746,1.6122873408081757,1.5352057904044814,1.4378103058138267,1.5015201821671866,1.413955764593127,1.518499572354723,1.3153046779531383,1.237306631781735,1.1191297182668727,1.063062443695993,1.0023510085733165,1.0466333559591114,0.8210837442897312,0.6551732260395081,0.6176089240509106,0.4428940011070435,0.19502359570071806,-0.038223663397920854,0.13382342904896044
21.439999999999998,0.23866557648293285,0.6107931461075594,0.7833745178707434,0.8011829356980015,0.8696795991553128,0.9463863515953985,1.1181423488525364,1.3754385789838093,1.3493686987743296,1.4898167075670035,1.4934793528799741,1.4911041637593705,1.4498880416502227,1.5628028533869598,1.5962967141834516,1.4526687415054138,1.5945726878603241,1.4328015048229568,1.4457061704492191,1.3349583011064756,1.3140721788771745,1.090568445701278,1.0513135841843673,1.0175009267584427,1.0907499869051331,0.8806095899171299,0.7331539165539896,0.5162216602164835,0.3118339689528903,0.21844333714656142,-0.06137249109430576,0.06833502277801816
21.449999999999996,0.23517597357417006,0.5069661338162359,0.8298104855250719,0.8680362800295659,0.9414433965579181,1.1723027788182516,1.227066960138816,1.300707969470212,1.3825331435465689,1.4555812950295657,1.5021515275493829,1.6124029773289061,1.4086764723629919,1.6026135330485634,1.638257005774109,1.4572281573489465,1.5461684621662473,1.3456371072744586,1.4471728341925778,1.2553582927534879,1.2225072730370632,1.184008475374863,1.1074075851965666,0.9283044189338466,1.0140715695350593,0.8739898077690631,0.6779880296507641,0.6257327587793432,0.47290991131921306,0.24917091391228074,-0.04725752842852059,0.02289088365856805
21.46,0.18874874172836875,0.5744993789772994,0.829720510154409,0.7732099316895611,0.8082225477434535,0.9966450041790296,1.0939579837418114,1.3121010015780383,1.2970958039945535,1.454740784630408,1.538077008989497,1.593116055480339,1.5134510078232204,1.6744861324003066,1.537888608116159,1.5126506444977144,1.6004980232274806,1.4950122255572496,1.506033212478397,1.31502112465596,1.2942662908530804,1.1717572949425674,1.0866987831946482,0.9717833047719685,1.0204932616316007,0.8379514993484317,0.6530533309733244,0.5768612279034347,0.40242122493020244,0.28106849656069893,0.009999059638269742,0.041647773230758495
21.47,0.2076161613951422,0.6207714563311534,0.795783649425388,0.7759564052233984,0.8724114599462969,1.0638465151156,1.1186541906026561,1.3473412607734443,1.2588721584593783,1.4857000772278148,1.471404462487284,1.532091449668199,1.3556299401505174,1.604275679428428,1.6218672220441914,1.4831584951732033,1.5448243577124372,1.3709508565754462,1.5410265534647394,1.331567136923318,1.3064046744082503,1.038194747943317,1.0160244278246529,1.0472489103498879,0.9844130766552467,0.7288503721379465,0.7043411880338718,0.714466079397535,0.44444120150438654,0.23713765732403908,-0.02395982690708226,0.03405953529688479
21.479999999999997,0.2664009692109915,0.6007091042054382,0.7406270600778379,0.6999851175325407,0.7947905728535092,1.097922033382583,1.1613691294650341,1.3103961131604198,1.3062698000623847,1.535944171263123,1.4796426284677855,1.5416008328408517,1.4505502399759673,1.7208817132251455,1.6374339431342437,1.5432199929059678,1.479003992304279,1.4174547880100126,1.5121487414844847,1.3486847024317488,1.319924930551654,1.0972159183379158,1.0926951125658908,0.937863149229404,1.0064869919995476,0.8971213958620019,0.7639726010993744,0.6560343149390129,0.37639880257764774,0.22375671056527918,0.038039387523605715,0.19039254472123282
21.490000000000002,0.3334680641098688,0.6610381559861497,0.8592901965577672,0.8295318567376144,0.8808469346721726,1.1712106198829821,1.2095709975447324,1.3046331236622857,1.2576702954423358,1.476666261784669,1.50237404135031,1.5565604786489364,1.4375125170026752,1.6671849042443259,1.626992186548991,1.410243928602784,1.7504193864011142,1.280491030574332,1.3799092036771532,1.2287408320560242,1.379905362324466,1.128290084586485,1.053550749008711,0.9006973933539324,0.9348682821503072,0.7731062620339962,0.6299502260620401,0.5597317204481205,0.4667621765378093,0.2033298599557426,-0.026369706469634942,0.04658346553509143
21.5,0.28961056457655876,0.5362265112673791,0.7951173142858363,0.7856004753224499,0.7589072088086188,1.085738292370944,1.1713249809132678,1.3324037894478908,1.355088579946314,1.4615084254300628,1.513782802360142,1.6415788092717682,1.3841709005679306,1.5993323822679586,1.5792126625879956,1.4382335281151155,1.4936892554750911,1.4346373739603027,1.4046153137561739,1.3533273544855542,1.302857741421554,1.158288339298187,1.0918635583700933,0.9454186821063237,0.9736899496749365,0.8778611510766808,0.6629552674781642,0.5501112689904863,0.40949524904100715,0.22215405459196536,-0.0549719680883852,0.07428171627209701
21.509999999999998,0.23626870072157263,0.6567325697613962,0.8038578251366727,0.8648631590683651,0.9781785627813653,1.1362093478517379,1.0627036116327775,1.3078119404069957,1.4295446838415409,1.4419202628741021,1.5496356903923711,1.6569174617062759,1.4728428040193573,1.6509792720457694,1.6332266527278698,1.4417459735749856,1.4879983520825,1.3624924773887068,1.3617379937304999,1.33369095920213,1.3562256548027434,1.1846722071916929,1.0147927254664584,0.8919802947051214,0.98949714987028,0.8767610137262424,0.6078486136561517,0.6042434713321888,0.48680979720938805,0.32438024010863853,-0.05561283364305181,-0.06779382127237289
21.519999999999996,0.26060447781511054,0.654611639506756,0.8568492789278701,0.7328853470949821,0.8901621703181886,1.0967843627257643,1.1198712665645034,1.3175624687638825,1.3443984035087568,1.439799890745382,1.4974037285216204,1.5767139451580974,1.412812991855077,1.602508983175588,1.6032910397747826,1.5122566821573533,1.4862892613255494,1.278411739295982,1.4646041142297075,1.331781623880291,1.3372541023754874,1.0585055462638895,0.9238429014722767,0.9686112132503767,1.0638322247817773,0.7879007733927161,0.6535805882996606,0.5000052053488316,0.428905284127162,0.1854630277810344,-0.046134057495264065,0.058877354914395164
21.53,0.29652099564300444,0.5072623468324394,0.7758678208704595,0.84364864778781,0.9926099427910458,1.1537594473994317,1.0872504451346268,1.246136853849878,1.2952603490921573,1.3722658058301827,1.4388668052383335,1.5768308789264485,1.3280271538060247,1.5885100627247184,1.5880450823741659,1.3814198011996295,1.456523519678517,1.2577822921982327,1.430639460905354,1.3654786228034501,1.3933668149247047,1.0850148632398593,1.1186024190859203,1.0082702217195358,1.0072304178095313,0.8999219712278298,0.713624302822434,0.6109843358643751,0.4181680287699441,0.28415880944271615,-0.05561611737353536,-0.005228514649462154
21.54,0.286275346629686,0.5747865632827748,0.7110433324011568,0.8116213047164622,1.025242412051607,1.227287516907826,1.1565445403173888,1.2581814079833773,1.3496095894353042,1.4646754246359381,1.5098786313041965,1.6162614309612353,1.4102708597713227,1.6431807500695486,1.5590670507518756,1.4629546873403938,1.5278902301834618,1.343970795964035,1.3593896605419533,1.39993247494036,1.4138875377935356,1.0701697500447118,1.0318101600390084,0.9407122032402396,1.0248445066425083,0.9139335698051763,0.6708413542600854,0.530320925867684,0.3877379107599153,0.356199730266863,-0.06083699722376687,-0.013368933810147303
21.549999999999997,0.31570321830522396,0.5749900704611912,0.7154541889307473,0.7783640361358932,0.8960381990246917,1.1871206068648381,1.1373997501350552,1.4019491159715103,1.30407429251122,1.3880600816320487,1.482965872647241,1.544124461717162,1.3565074624278894,1.567325157288272,1.5885070245978037,1.414187060075263,1.4792512033567236,1.3532986739330395,1.416131508385177,1.4034212212600483,1.3636604216547756,1.1401514543567706,0.8855756654703457,0.9435688203905941,0.9186042531825631,0.8106317759165829,0.6740845669475012,0.6160001190868735,0.4057693654174248,0.26160823858097854,-0.049444101554557515,-0.04255500044903317
21.559999999999995,0.2716554574029037,0.6369252503702765,0.7378258351385028,0.7487439245301009,0.9185177667169894,1.1019383434653078,1.1853214574873274,1.214008561828715,1.2404966612850878,1.3702940082235362,1.5569631105084092,1.6265644639423502,1.3851921315025946,1.6440977353881316,1.5639000515993502,1.4382609447351604,1.4314931606204921,1.416397774823553,1.4256956748396215,1.2957430173660935,1.322073486849399,1.2290313931251724,1.1787348744876405,1.0830333076666239,1.0102549650976356,0.8827423987339444,0.625242908773059,0.5992610980342679,0.41427736403637094,0.20148625325325034,-0.06894114664828946,0.08970424469955945
21.57,0.33185138287395316,0.650460496461415,0.753283267072668,0.692677747701456,0.8390386295457145,1.0673190815981577,1.0650295366582494,1.3598669334016706,1.2886160127300146,1.367719267804814,1.549057155668657,1.6957229292634572,1.4702450964718958,1.6213549177035227,1.629517994813574,1.5568488130631728,1.4674347067997249,1.314663031749003,1.343496758312646,1.4034529454397964,1.3890109720218706,1.0673126492555722,1.1024552991962875,0.9571102775399323,1.0284184342975133,0.8968113223044699,0.6316037303073226,0.5215846882751946,0.4320463222387925,0.259497805913351,-0.015660417832384612,0.065678555306482
21.58,0.37068763596175,0.6409570155635189,0.7658038168532598,0.7173333558586098,0.919401102088283,1.1883509117532405,1.1939463954299288,1.2868785606210922,1.255189239273106,1.3607439765544833,1.420818731937875,1.4768548002931163,1.3729541631436633,1.5844654311696227,1.6787620247384853,1.5575378480520417,1.4972105393499313,1.3575064834314203,1.2722676917459639,1.247943060898169,1.341154469501047,1.0930802356481655,1.0024812026737813,0.9848216625676746,0.9566919838141913,0.8225027766642884,0.7355537198841087,0.6486609225890727,0.3798305351799253,0.13016996977279588,-0.17158668718190212,0.006005327453920205
21.589999999999996,0.4041121160342326,0.5288259175881872,0.7556592470642739,0.8333151537928737,1.0159477290478924,1.1616535483612953,1.0680399744365632,1.3119529181121694,1.2785982183365223,1.4032763761121274,1.471384237717012,1.5300902745723697,1.3663698476055313,1.624210201387588,1.560727668409632,1.5473381898358145,1.4468986826861132,1.2916877678052268,1.3284463051257978,1.2781496372350618,1.346700996086358,1.2048168106700068,1.0678437117234405,0.8054122476368498,0.9320776751114977,0.9336531379205456,0.6287646858963492,0.6900325860399146,0.37517099557027905,0.11961334063022548,0.023631629873786152,-0.022492450024220508
21.6,0.38643127403921634,0.6149298147029209,0.6896043293221545,0.7545727314727368,0.9163346108355026,1.068581430984353,1.1932757900550879,1.3044926065755713,1.2288050001556605,1.4547705013707652,1.5116958681472836,1.524766016170044,1.389731611559272,1.5999563361876648,1.637243155989706,1.5118007771508726,1.496006139580875,1.4107565793931625,1.4156987725531334,1.4157705339248368,1.3308901524474355,1.2501081466088435,1.1348123241787635,0.9596194452974866,1.011935244467783,0.8788756226236848,0.5502984222555858,0.4972365279854695,0.43200903575776306,0.28929419012990454,-0.08998367487168898,0.04907573326211196
21.61,0.3241956630355749,0.5635581395235686,0.8329033580696423,0.8581410217431296,0.9284371336165381,1.0212947573996753,1.0788533385741754,1.2439763598383333,1.3100792080590695,1.4264763964524494,1.4888525688653451,1.5368076957905301,1.5122827267949215,1.7560668412424763,1.589665142609476,1.524810461177641,1.4825824201106785,1.2855469420526513,1.3738200270090877,1.4454867422801907,1.3579757988878378,1.0968811765932838,1.085629297110368,0.9117834614711258,0.9524188019355138,0.8455663614757103,0.6348803116422792,0.5424480090184903,0.3384367149552116,0.256331347910591,-0.04372188531172369,-0.00482749445923706
21.619999999999997,0.3894057358224236,0.641122059728903,0.7830194187152184,0.7765110449383765,0.9460965163645838,1.112518281139406,1.0140595600199251,1.2324628018661898,1.2916090141284229,1.3276742729782438,1.4772414337188617,1.538398113385007,1.4583791635843746,1.5889990475459996,1.6575842508064302,1.5579555256221136,1.5227080069391317,1.32305219334454,1.4678120796577208,1.4235359788244697,1.392674967960169,1.1888154118638785,1.0799893281789346,0.9594378554757456,1.0483437230583958,0.9044234751879587,0.6019324580538322,0.5287246373108826,0.49416488869685216,0.3133496033883192,-0.11374889499764505,-0.08457706460169687
21.629999999999995,0.2197520008383812,0.563194593207511,0.6963995525343548,0.7758778774741732,0.9484711910984769,1.1154274149916665,1.0800434573009823,1.2301273241985462,1.2660180976924458,1.4242192811177918,1.4355384673043845,1.5879014270531424,1.5013990900692096,1.5930696105551028,1.5551994501907775,1.5657640632116472,1.4775178689210577,1.412914953960143,1.3372039638081104,1.4964888300982615,1.3671957531907013,1.1377005446837953,1.0590203265201972,0.8933812751033695,0.8865095561686575,0.8826341838253472,0.5999442793388381,0.5695564680345195,0.32709057291547405,0.3184152726385919,-0.024972386330044574,-0.06171165861804801
21.64,0.40275668120578106,0.6997738537545869,0.7119389197680998,0.8186029613880472,0.9361364440049463,1.1457545209746478,1.0755553685371497,1.2589513600235234,1.3064787574343695,1.3412067737255162,1.5249871026485662,1.567873882880582,1.4183496894304854,1.5994239385572624,1.5853178854251528,1.566751486609799,1.611512811232858,1.4575443596389988,1.336101472325445,1.4546366451788864,1.3327898732869004,1.0824011374230276,1.034295722447374,0.9246601147520557,0.9922367404831259,0.8403286377749234,0.6590322495274076,0.6603536586030876,0.41526718675127594,0.17985881625122918,-0.10921653905583033,-0.091975336927752
21.65,0.35594666963566707,0.5886657420625162,0.8310910412911489,0.8015193472154891,0.9578635587124124,1.0743213730490055,1.2022400849842965,1.37674154581799,1.2932303741122873,1.493375778166144,1.5582658412689199,1.5077838505776933,1.439142553193089,1.5364871815596588,1.4891956733306397,1.5869462825797034,1.5358184644640294,1.3549916095022745,1.404896672404065,1.4327518891676898,1.4246922364095922,1.23987294642057,1.2540789870908124,0.9916025035750394,0.9086893172571631,0.881816147455221,0.6520728417058032,0.6378603173465629,0.4369134420706766,0.2689893065238638,-0.03239727381459254,0.007334021839501277
21.659999999999997,0.37078006034373423,0.6698934688425547,0.7360539461290742,0.80448537389356,0.9639634110925954,1.0154492395616712,1.031865282712813,1.2282145595813185,1.3153945296907898,1.4289626311106733,1.6076602348756104,1.5892233659993604,1.4013494979964876,1.6362049216103824,1.576042050213984,1.6384029193283236,1.4274753197213608,1.3281069806486563,1.3259074222154343,1.3634744582859968,1.3360891619793973,1.2203140594061712,1.0734134824761328,0.930042307859172,0.9729505265350826,0.8766629608156363,0.5567744576132049,0.6089039631874227,0.39994113531128345,0.29679879436826767,0.011239631358496026,0.0024523776049194743
21.67,0.28797153680426113,0.5395805643603174,0.712037583890396,0.7925389009794604,1.0463507856488787,1.1075942113486754,0.9882520243851897,1.2609561105693692,1.3241418863215428,1.4138135995719294,1.3626831189785622,1.487496795595497,1.3586544179370539,1.5608028418051962,1.637397125132374,1.5552045542392587,1.565703262102288,1.4854608324601544,1.385144637851666,1.484225732926686,1.3174222456130213,1.1661424926083563,1.1290296269768851,0.9803539758304743,0.7688046450737451,0.832241100339038,0.6052844486430929,0.48555900484533854,0.2601251677409703,0.20960524158989596,0.046764456545584775,-0.01654859784583787
21.68,0.3644443374100773,0.49740486436333897,0.7143016235811103,0.8527214383195494,0.9722375615352018,1.1195165166551075,1.0582013672641868,1.2278449647678142,1.2898042248499617,1.483971709172562,1.4561969516585909,1.4376066552964406,1.3949636714657963,1.6376067987244582,1.618199840588164,1.5709711059650497,1.4918768686033088,1.4677212450085035,1.4149623623447816,1.3222848828957674,1.3240148259958626,1.244566064614626,1.020793421131775,0.9207895714150395,0.9487963471531887,0.857028614675203,0.6198806069168789,0.47788940896267157,0.4036967728003424,0.23273164035346147,-0.09149077167498391,0.046854653682152414
21.689999999999998,0.3848156956268239,0.44457744941523136,0.5803232235859397,0.6662162359276766,0.9715617814039448,1.0966940738418582,1.0462119270593975,1.2284526563116562,1.3775620683216099,1.4204158986231163,1.4136960633393731,1.5075962930662854,1.4742938272156905,1.5547366635770206,1.6339033975349782,1.6464719489560249,1.600637688340866,1.5005344458743997,1.510065555736615,1.4175803288864033,1.3707182673607765,1.3020233757255002,1.0481652042662046,1.0252596422694722,0.9175077029026463,0.9493210878341252,0.6254231350779907,0.5707219619153007,0.37762319839198843,0.3127080929959601,-0.03919264632278263,-0.12890700286717402
21.699999999999996,0.3715689340430516,0.5774152998491993,0.6693399771284465,0.710350466056592,0.8211904608973288,1.049183623282181,1.1138373247897029,1.3933022032578657,1.3015198212904588,1.442856071508846,1.445657251432928,1.5179320274531973,1.4570062686891785,1.588313420323579,1.6849514856039027,1.5258224577727135,1.4316617125865247,1.447270708267708,1.3913161516754955,1.4536379009766158,1.3687097959068164,1.2820349873918964,1.1176728438704668,0.9565924149089431,0.9035097109841046,0.9104453991660716,0.6167045858086144,0.5038435790763588,0.2587406141914427,0.22865883766683784,-0.09058183937803552,-0.13685970149132418
21.71,0.3943813943725585,0.5706564152131077,0.6852000934274598,0.726664871332169,0.9545317788607389,1.1768535973123468,1.1519836330817668,1.2243380603288945,1.3818995003455845,1.4411018953408972,1.461356886365846,1.4373087726058973,1.392813544331717,1.556262983937319,1.5134188884032107,1.694353851314593,1.5433848840205389,1.4444693153184252,1.372399422807188,1.4747258283414633,1.4263684922242132,1.2635139104520172,1.0640160908822158,0.961108374442059,0.8969755821212559,0.9407363395176159,0.5522612967121765,0.6215618154130622,0.3593839751009892,0.16906741974925876,-0.08914617052056617,-0.07267760139060175
21.72,0.31060500128424423,0.6324955636129982,0.7517419527878163,0.7217171675663553,0.9250197710548609,1.0307245877756095,1.1250415749891207,1.3014824782256216,1.3479041896524553,1.4354053125114494,1.4861585166955824,1.4702406639781167,1.4517818478259987,1.6080043750833615,1.6734847100004773,1.7193434936667573,1.6413019529638824,1.4258287554311546,1.317553201630199,1.4715307556544202,1.3276286816386655,1.2836598720341876,1.1871399339554005,0.9675754768151318,1.0494696279436977,0.9132984276845013,0.6491789965287382,0.5959484804905713,0.2945333872260386,0.1965025784391007,0.014778474436896852,0.020203475854623773
21.729999999999997,0.42524859605052046,0.6319284745358964,0.6860733233669184,0.685053759452987,0.8883005667723523,1.0878240937380332,1.109571800910314,1.2715357882500717,1.2671174855806433,1.4088087704082435,1.4289061881409695,1.4793777142660702,1.4204273267694212,1.5669568918908785,1.5390471945235003,1.6600042686019343,1.5991557495066484,1.4732738170304287,1.2899350482048497,1.3536965920601616,1.426484531956502,1.3307169960378578,1.201188348425966,1.0071032754224565,0.9111609000506352,0.7938752398055782,0.6096895903442345,0.5286297119672773,0.34936031848194904,0.23903009827937421,-0.004730507966522494,-0.006715835650042946
21.740000000000002,0.3406364421751687,0.5262583077408682,0.635544420085009,0.7230214972905875,0.9556070378059456,1.077975141205782,1.1006834756828738,1.2552186195886053,1.3013999538596852,1.3442627519069417,1.5481660825150856,1.6103843100290165,1.520894185549067,1.6081659382468023,1.5989100213128542,1.5579472072041265,1.568192659935919,1.4937577181058304,1.4074231602929408,1.4777894213154448,1.4370792746649736,1.265688670734288,1.0850603156031204,0.957646863914866,0.9356134904893527,0.856707235615135,0.689616261023801,0.579242488171616,0.39974753795695706,0.295396184720242,-0.06739124859039901,-0.06452751043355252
21.75,0.3683943286049777,0.5964424147831033,0.713390918975191,0.6112866058782983,0.971186496947116,1.1592405360121822,1.190268463353106,1.2727915475459357,1.2197421462997535,1.3658492089924241,1.5497639910191798,1.446613883356638,1.5604989080903826,1.6634153673265724,1.75570075016965,1.6202672485162575,1.5904584929707475,1.550161746374584,1.3732638923247613,1.4224183696836368,1.3423561455401685,1.350364164518031,1.130523143064872,1.007245847987602,0.8694355321858448,0.8828235552646524,0.660701261816876,0.5383171054912265,0.31660867010498583,0.3041302603833861,-0.06645279191659924,-0.030540693381968825
21.759999999999998,0.3873203258529322,0.4670788524468575,0.6979640712513324,0.7764859113546884,1.0661851733045788,1.0824913949394381,1.0713471668935362,1.2619393897503008,1.3981251980111713,1.41913589325335,1.4642811712172348,1.517156790048867,1.5138065496757802,1.581479591489682,1.6688060662327826,1.684817418111753,1.5684911757581712,1.444529980967508,1.343858540624611,1.427471255293987,1.4158698396179517,1.3416916474357379,1.252538875837436,1.0421442751436611,0.8630506759903898,0.9699428692245775,0.5957647986693905,0.4890422755740868,0.25703560497412314,0.16599286042629183,-0.050881487561841146,0.026270284044801938
21.769999999999996,0.4677113535827589,0.5447891966555163,0.6617915483449734,0.7486220208509995,0.9294840519759928,1.038277586154836,1.0907336629970559,1.2541931085751277,1.40151462372999,1.5238331304061727,1.5417287065559464,1.4838127468306384,1.6385605075657599,1.5335849381378472,1.6475610357965478,1.673746758998007,1.5278559596634869,1.4806530609757207,1.3535093728497847,1.3840559501802137,1.3007247762960026,1.2831487045394563,1.145775295017857,0.986059912052584,0.908096932104806,0.8247547272996548,0.4764876935798418,0.5398330087872559,0.3446095638911337,0.11129213774719778,-0.04151948293331642,0.07475628047259422
21.78,0.3327774811271121,0.5254466502165052,0.7350375489699671,0.7302599167447862,1.0360989858761105,1.0825224957575372,1.0794508114423316,1.2407021336815496,1.3141185318238398,1.4350253105234119,1.4485128433682244,1.5016959444842508,1.5564443786796092,1.6513540884604758,1.6720229649123943,1.6697226604427526,1.5589449874749255,1.5317768803548841,1.399620524817804,1.4571580574202123,1.2703571307166421,1.3140738936401797,1.0860175306624413,0.9671721332500708,0.9413280667784745,0.893352311768526,0.5981855515641227,0.47216993099629634,0.34949124478731763,0.23976744986929807,-0.035531126004843844,-0.05709090200686501
21.79,0.34872791081710364,0.42972692319589445,0.7162683866792555,0.7913038117053873,1.0193824960464508,1.1196608087206141,1.196293753168923,1.3588877672908353,1.431808246396862,1.546163779192513,1.5715313341331012,1.4970493711536799,1.4808166075325166,1.5317030214043457,1.6007662701434853,1.7122907106401832,1.6308523362504572,1.5169089682368284,1.4336749337153407,1.3612975574662087,1.2927279420934088,1.3462148185482792,1.180151019298121,1.0389563939520785,0.9720046915075806,0.9139826685607871,0.6716361740847303,0.5480366717869319,0.24855034904471257,0.1437184956336417,-0.11285328995043306,-0.044480099811209
21.799999999999997,0.36122993617715415,0.4444286759789277,0.6717603476312329,0.7613363721716483,1.015094030892764,1.1106245526437801,1.0747819598397232,1.2306406163705086,1.2548372791924427,1.3949635796999122,1.49267125953373,1.5352886360773161,1.5216693083078727,1.657123462583756,1.6954268513232906,1.69336250946828,1.5764686417910743,1.502066960149744,1.4131189052462596,1.452241992336501,1.2238304310114565,1.3262183719118408,1.1192799912898732,0.9356409358547358,0.8516545911945792,0.8373298716243887,0.6507045819975558,0.5733719771823808,0.3055450536943723,0.23853530000650042,-0.09977784048401904,-0.0821314288531846
21.809999999999995,0.41968933101775424,0.5629290931464555,0.7284667857978137,0.6932041825737838,1.0100170121771508,1.162034783567338,1.1077252794161017,1.1919187834606648,1.3578171276167013,1.5872636689078994,1.5469309326177765,1.4881586686449202,1.5298501546413472,1.6494426977374108,1.6847915537045097,1.6299495066181608,1.6031184693237686,1.5385299811308342,1.2869564316382367,1.557424219261261,1.3522078419247812,1.25666170545828,1.1207342463237144,0.9402381468061415,0.8150015697384095,0.7896280691324358,0.5536079283537222,0.47059589262864276,0.3263848494822726,0.14436841779524304,-0.004543278079831101,-0.1352916395499325
21.82,0.416365880518236,0.44522613076106815,0.6758980199155387,0.715374628920234,0.9187505281444748,1.130825478517299,1.1199717304953363,1.2728156348655841,1.4080389136482123,1.5353168555571657,1.6394786958131258,1.5620529985713358,1.5557958857523386,1.6723372470567264,1.5887839290342443,1.6921791682473137,1.6967227161246332,1.6112205284339838,1.3476053680763114,1.4700541407683694,1.2974893639991567,1.2881165103036567,1.139203328226553,1.0053517551979139,0.8758345000086245,0.791722178182368,0.6858713154620604,0.6320106825227184,0.31389130286384054,0.21547792158671802,-0.006911916447085151,-0.06884735018626267
21.83,0.33732803461260424,0.4260161627925494,0.6510527508184704,0.7903340914008531,0.9810307589917447,1.04544913143718,1.1281658638029053,1.2986631291860378,1.4682412163857432,1.5629307701883894,1.5939248081962845,1.5331263231622734,1.63331604629084,1.6742974910968997,1.62531298690193,1.7385800990268507,1.6335972246747328,1.5280203299944015,1.2171107060029318,1.4472380256848243,1.3698378353290233,1.17099059689122,1.1295762086274146,0.9030705376870343,0.8742993776429503,0.7996318490756228,0.6478081226638426,0.536321914284955,0.28840732677623326,0.16943446704552728,-0.012046031958466671,-0.0213965810291872
21.839999999999996,0.3673062033734407,0.5505499099455439,0.7429874351153574,0.6950053000562635,0.9952942956879772,1.1546323727608805,1.1199097657523613,1.2602162494663711,1.4340970129026713,1.4733173579599912,1.5449923055248982,1.5457568394282448,1.5940262778783387,1.625379541494517,1.6252438287572468,1.6165800644001715,1.6106642786017134,1.5322260025661545,1.2831254092779458,1.4380838689841515,1.2977181462276641,1.2983962535911888,1.168822812684341,0.974062976626223,0.9331837619677165,0.890890452661003,0.6634886895154657,0.4955864364424366,0.2593097885423706,0.1260289154819798,0.01898343608977523,0.00589422500228446
21.85,0.3845466862009237,0.521410238742976,0.661660452446691,0.7500381145691235,0.9997003381388568,1.0634512418215696,1.0710450160507297,1.2926344446961096,1.4401892085272945,1.5381913377810155,1.5591554817204174,1.5936017280221055,1.5828835469137899,1.542203090582957,1.6280949498395332,1.7114239301143148,1.526529507484194,1.5235891961065775,1.3847737639445612,1.4856886998374548,1.255642485081935,1.3212632999315452,1.179898609782219,1.249823222096391,0.818825868671933,0.859821755827312,0.64995046904394,0.5767932318632413,0.3037659732099925,0.171912299997365,-0.05731904378295664,-0.10080510067777304
21.86,0.43035376703426775,0.450012940784433,0.6406651264344244,0.8631352406568269,1.034069805965933,1.0414027576206386,1.0207775538548614,1.1664330320832248,1.3879165494638626,1.5228321785983259,1.5882046390630826,1.4838885373153334,1.6247634584288608,1.6762345126730351,1.6711486714744073,1.6806689833332658,1.588424728473415,1.5088914988133022,1.2695740218098286,1.4624288724131373,1.3025099216514058,1.3966552311731384,1.2009377050549956,0.942765222574617,0.8566675471132567,0.881743925388638,0.6293537421185533,0.5012522064140199,0.32491406393137917,0.12736070330825922,-0.013230072965436521,0.051807642245033335
21.869999999999997,0.39851702702775327,0.527382370312628,0.6470905397413124,0.8591698307535655,1.0546517096182888,1.2110768372010596,1.1285270459585668,1.3648177988117174,1.4006055001556121,1.4543270674511417,1.5511566063606743,1.5002831116991104,1.662645953239878,1.6028309103607563,1.7847678129798124,1.7000817111941355,1.773602807364771,1.5671649489769794,1.3588629977866546,1.4613171967215184,1.1770335471872408,1.3567747933137992,1.1449999037305703,1.0363973738451004,0.7814317670523201,0.7744249547230372,0.65608626490267,0.5167335459136096,0.31070671223672125,0.19353020417199085,-0.0038269047211594025,0.06433283964863391
21.879999999999995,0.39150405732038857,0.3533171214506462,0.6007257906046575,0.7808079514651662,0.9528612174890366,1.1165622479880541,1.1206318406267484,1.3366465212199758,1.390848258668515,1.5309534763651536,1.548144872001383,1.4679570133528317,1.596629887745136,1.575047879942473,1.6664166808012302,1.6539507783732255,1.610579150605,1.4930409908515982,1.2834229241185064,1.479498668167564,1.176109955739364,1.1845683400043074,1.198601700755447,1.062092880491263,0.8198609751524712,0.7599500274208465,0.5496294659532394,0.46147038395539175,0.31976676315050684,0.09163578931140229,-0.07253637458346106,-0.05329185783462396
21.89,0.3404494951991525,0.46079521025197795,0.6780863894553626,0.7531065654261863,0.8921243436833085,1.1676262167977514,1.1310476115418289,1.2354183795346039,1.4539097767523845,1.4755482906629214,1.5619835255519792,1.5265574116164802,1.5378525052974095,1.608141265643725,1.6784763723099154,1.5901900351459468,1.6067169503320655,1.5347822098670159,1.334238244214351,1.435878023117494,1.3077961495749453,1.254538619277577,1.145311336896241,0.9986946879965151,0.826291456036289,0.7703586113403322,0.6298191844563646,0.5166152346514049,0.2755754305104343,0.10315652914271928,-0.017140836923829506,-0.1254527134768071
21.9,0.3941322557889271,0.47631818733506986,0.6376821330575525,0.6354395532706522,1.050048092230013,1.0679041772262863,1.1436486151787848,1.3627455553137426,1.4787626833621934,1.48507653624156,1.575299406621559,1.553890753952232,1.5472152224218394,1.7521545522684496,1.7494467474863098,1.671203841511306,1.717428871162069,1.4632986743134473,1.2736235391392812,1.4378679568360047,1.2201161663453237,1.2847239537922304,1.1594104757467365,1.076006507430591,0.8127329207398978,0.8473762050235577,0.6025784879036024,0.39929418571851566,0.2325560402791742,0.18425342632664632,-0.13447992838547415,-0.04493006995696052
21.909999999999997,0.415888498383803,0.428929277315069,0.6334556146440905,0.7862394762473212,0.9702006894788816,1.0412280831500929,1.1537734166703677,1.2994799539382869,1.4478079993365864,1.4674410933958657,1.5946509605546084,1.5279808802762367,1.5696326777122491,1.6862891453398556,1.6721560459276725,1.6605947290286263,1.7307751690134323,1.662731405169037,1.3789106018221666,1.4495677005741534,1.2189272591094367,1.346900141294856,1.237021816584918,1.079535149733522,0.6968378567122143,0.8535963065915168,0.6417327800881213,0.523226504824736,0.24410257321812961,0.12400539727579987,-0.044722905904096666,-0.06412618797530595
21.92,0.3669264821846987,0.5139002236975169,0.6102004383610289,0.788441689286841,0.982470974624528,1.1060425673712633,1.1850140675539838,1.3407459386472849,1.4108285336000423,1.484739293202497,1.65458754823273,1.5166922717160072,1.6134350026635296,1.7172020034117559,1.7087006863926755,1.6144045968950231,1.7130918894196623,1.6439583880262545,1.4057430521116956,1.4864108756071612,1.3225049095611416,1.310476136742599,1.2401573740588652,1.0553599084544993,0.7992772740411893,0.8197704787505973,0.7195098111658986,0.45846271555326856,0.30042147404649566,0.0972799517911132,-0.06729426754402097,0.04181508502803749
21.93,0.43086468919254667,0.47679753253748547,0.6496024543322383,0.7833476613973387,0.9356158144612056,1.0326019248648939,1.1156560093245336,1.3684720482257784,1.4480963269378362,1.522904983098153,1.6003792957751264,1.4378359659052866,1.4798044708735432,1.6338234572195967,1.6816281653766592,1.6660661127595058,1.6103800184538772,1.565356531153345,1.2742849083210643,1.393177978801043,1.286397999348257,1.291576850241089,1.183877998654685,1.0807013824312892,0.8715160012799685,0.8235135847551035,0.6196166370212773,0.4425372461895109,0.2629655932539262,0.1377857316830517,0.028357004177293005,-0.19101949973852045
21.939999999999998,0.35532933322280724,0.4460457730276695,0.7332008858147199,0.8046922116659283,0.988828896853998,1.1949863217266514,1.1790199397642942,1.285598608011644,1.4480211679511499,1.6153810734489737,1.4888156375509702,1.4588893594865653,1.5331287688371007,1.660735192116913,1.6559770498117579,1.5897666225101337,1.5670918968395526,1.536703793756667,1.3399383575134909,1.3738089264464861,1.2341870069746679,1.3099758944544517,1.1527155805431777,1.0555866760901815,0.8019958904607327,0.8379365653049823,0.5966544318225777,0.3969946767069784,0.18080879969497188,0.08054798547421951,-0.050650759624271555,0.05977575935207685
21.949999999999996,0.40091510586974954,0.5178402078787523,0.6865248689780432,0.8248070901424578,0.9942594402374014,1.058104316319689,1.1345751626729046,1.3072451459655716,1.3543271597587991,1.5293994439276053,1.473565236853018,1.58624915995257,1.5320983424063535,1.5802219912749536,1.7329120654817114,1.5444592480447552,1.6753639968611085,1.49013578876291,1.3616560338888017,1.445122501025277,1.299637615425102,1.3600246140647096,1.212084657923643,1.1224676389048445,0.851100769201958,0.7733165244299911,0.6387928930372104,0.41591773048247327,0.3634742702781936,0.23263773004302876,-0.0024635614218465676,0.08949856832458003
21.96,0.37568014635921965,0.4609779582761621,0.7240680802722158,0.7941978197163321,0.9942376182003997,1.2126806025354102,1.1664996049040357,1.346016519446432,1.5009002223724084,1.557811939473903,1.638402776942308,1.5633444225594353,1.6257227565562702,1.6573087098057755,1.69562880180778,1.6112766046185223,1.652148890635436,1.4610729532804267,1.323441088056614,1.377828705331311,1.2038570016738115,1.2085591485429226,1.1784229877533088,1.014597003298615,0.774934942664847,0.7626859089405372,0.5314785697769093,0.3357743182867527,0.2554284533712885,0.17395296304769697,0.09985844378565822,0.05696734212484034
21.97,0.4324570533076767,0.46990200378643154,0.6697840963244962,0.77698642874209,0.9168488754083239,1.1873042169529904,1.1453221219008347,1.2965624163367426,1.350643345068867,1.4471286557699141,1.555500472442487,1.498347225488548,1.5504893028708142,1.710281103331921,1.7163691311954017,1.6672599457462287,1.63173690424332,1.557014710417278,1.339713688360001,1.4487837356885744,1.2015871060371106,1.2364914687847108,1.1783504193408936,1.102108177996002,0.7943956967954353,0.7080253883764346,0.5707628599086282,0.4035729459362935,0.16036943630894954,0.1254655345261944,-0.02900374029322781,0.03008348518953163
21.979999999999997,0.3406760439060989,0.5299527001213026,0.7016671071612666,0.7709940911199117,0.912638710701994,1.118571621006996,1.1916013751211783,1.3834807602801167,1.3705668545177736,1.5196150717587362,1.6387240152468925,1.4778948746096547,1.666088858057789,1.737205870468065,1.64149446174142,1.5974626863865649,1.6904622420276285,1.4725375498769018,1.2654625283509016,1.4350577854291586,1.2398324362957625,1.3256938453148832,1.170328009261899,0.8624018551757928,0.8528824422682705,0.7679498405503228,0.5881093240586346,0.4184928069395217,0.28756509655221807,0.027870825878084683,-0.05386534583948028,0.046521347644049
21.990000000000002,0.44159486436824186,0.4977995200298807,0.6854658097269403,0.8109509631566252,0.9628151365338552,1.133919597226679,1.1744739792207475,1.3300829455868202,1.4040637875411788,1.4643111494613004,1.5910266253455223,1.601919672168291,1.6528109032509501,1.6871577107463689,1.6292735232943407,1.6078855124172677,1.612232198694699,1.4811093973554106,1.3733792003395977,1.37653410671576,1.2071551824475855,1.3859326787950976,1.1659953080286445,1.0265305637510032,0.8127740791621967,0.7870342263815885,0.6950770794661936,0.492509423262842,0.25801579796151763,0.1309223558383508,0.007779763209652624,0.15185390972907134
22.0,0.3078492156769137,0.43988787889901765,0.5980520704929562,0.8412623705553985,1.0178397066982725,1.192995962753847,1.1761377834230289,1.349077367045767,1.5647432966192003,1.5407941424241718,1.6230592744556427,1.500192964436011,1.547384943774585,1.672386530075514,1.6822137315901569,1.6896085047155633,1.782957172298632,1.6587947461064285,1.3599291181728963,1.4539506832229772,1.2530682356432965,1.2844793861728343,1.2579856269765184,1.1220791128539775,0.9684572182677893,0.806181461078481,0.6182677982978475,0.3952137206034273,0.30947985026385494,0.07034079016951912,-0.03505519466869534,0.04120699697345449
22.009999999999998,0.37884492071943443,0.44745648645217756,0.6828697022354784,0.8384886518892611,1.0137109706421954,1.1486745032541037,1.1968974403648234,1.3876857625677022,1.3989396595277859,1.5788117893819529,1.520906962984244,1.489451509938206,1.5155874771868405,1.574306996310522,1.5914790134192354,1.5503914157340724,1.6613588711706315,1.5346959201112407,1.3619528663352516,1.4489123475980572,1.1216478942339398,1.1896660189371426,1.2028053833652304,1.0050200427110643,0.8159263402638793,0.7276448600843853,0.609333514924006,0.36891085018054787,0.18456959342915566,0.037453986126552936,0.032373538271019575,0.04460670313801798
22.019999999999996,0.4267971163149036,0.4318707730136888,0.6296595294191214,0.8269795079204335,0.9519525056316707,1.1716114400515734,1.159096044349791,1.1961852604254979,1.325461472183854,1.496844921520097,1.5168898848556334,1.472577414637792,1.5422438654561554,1.6841525618884827,1.594175133712478,1.612386858592917,1.6609365264324814,1.5390187949582987,1.3575409924930055,1.3130871201074399,1.276479621091555,1.2576973522548751,1.1273679060980366,0.926149035783323,0.9126641540528976,0.798440003133847,0.6953273068143182,0.3980513168161769,0.23114267017917822,0.06410484972344231,0.030998520243524882,0.06693555778442972
22.03,0.2508863086391434,0.4405362125171907,0.6268061151184939,0.8212418552769296,0.9669249340567179,1.100659993138212,1.2102348382099715,1.3505116115673177,1.4248508093968115,1.5222586609102715,1.533276374283296,1.5333758498915513,1.4758129226231127,1.6372961639795716,1.6277697822299948,1.554680803569413,1.623795285202612,1.537411463077969,1.3193622326830559,1.4105645756757512,1.1635786093523635,1.3398827413998624,1.1889975947436495,1.1706140407173118,0.9091867384058288,0.7088446491017373,0.5867616405835269,0.3214438775283474,0.23370744298250157,0.09755302852434301,-0.005742033216417282,0.10919318860399493
22.04,0.3185689548655831,0.4654670589937432,0.6258198673619533,0.7646862015267963,0.9407324530433638,1.196828182101936,1.2049338648868337,1.2711171409343331,1.37805231005593,1.4721914923430182,1.5106491954647396,1.4831828660979918,1.626805795750733,1.6903109056199603,1.69537111315545,1.6664208837578474,1.6127532535274047,1.4653118271806087,1.3766638587485964,1.3833271007032648,1.226186766546404,1.2667772925658305,1.248699619232066,1.0367639987770834,0.8364631903412284,0.795530611748963,0.6922046834049613,0.30843207069011974,0.17714517611723624,0.039279207649119526,0.005475986677246724,0.034412954705222355
22.049999999999997,0.328638129661179,0.43856351464552346,0.6026431122368278,0.8952948176463028,1.0085933146471995,1.1709328369451786,1.248697317410004,1.2329615772346745,1.4216958051043027,1.5635315682968383,1.575220879421412,1.5125684991741486,1.4832160469954838,1.5730337244608057,1.581362377159731,1.565174774917393,1.516685865356733,1.5172120437585301,1.4013000910464173,1.3691097320759533,1.1641087309662443,1.2445548177714578,1.2372785735222849,1.024917839629102,0.7616903381139714,0.7674157425146543,0.7032535783629378,0.35848056477693596,0.3262994585510201,0.11442063771516973,0.024316626738567833,0.09089306933181933
22.059999999999995,0.3519221757959419,0.4315495983535113,0.5908139959458778,0.8533194788916548,0.9598815895154,1.0478286308012343,1.217450072777546,1.314312555117675,1.364106039273519,1.4899384778651759,1.6036791122508638,1.5499637125619217,1.391374454215396,1.641619631888458,1.649438380941821,1.527635567234881,1.5857233846427035,1.5064402951225233,1.3233552087818155,1.3012684324639299,1.2281407102648194,1.3038283406526239,1.110423808688662,1.0149198045044032,0.7558233983088078,0.6014631228289151,0.5963662818671002,0.374002169903052,0.15240912405493945,0.044023219015153416,0.01622979219881465,0.08527496995696027
22.07,0.40122860878074484,0.43373580050572896,0.5238922798152196,0.8364992662143059,1.0232032360095604,1.156834751503387,1.225249858823224,1.2652611397492508,1.294053725677053,1.5095210962238046,1.5078751215235902,1.3928828963734254,1.5388160448690287,1.570580210601754,1.6410867185166618,1.6284224382332084,1.6311617769584057,1.609594856054957,1.4335838166406385,1.411047769801142,1.2734114897859878,1.3410269019286474,1.221939837384167,1.05311873786803,0.9351576492817363,0.7419904266004117,0.6927065343431397,0.41665153230375257,0.32430512105663506,-0.009306734228002178,0.007656052918834923,0.1589615559663677
22.08,0.322755639101181,0.5349955642384658,0.5623219942250767,0.8150652715569735,1.0488614630242241,1.1347508032843538,1.2945205960108321,1.3946292274746983,1.3571758260835207,1.4537759070904552,1.479232600863078,1.3649297842160664,1.5429524949865625,1.595150395320544,1.6264961868646621,1.440600986098863,1.4766497526693174,1.4218371360182838,1.3204420413329836,1.26900727317038,1.1595231513105833,1.2847354863219382,1.1881681189540756,1.0450899868877142,0.7971979811169932,0.6057334157447041,0.6533480074404437,0.4415117309206155,0.2790699925149591,0.0989295312662334,-0.029518639317333867,0.04980232366589783
22.089999999999996,0.32376511474497643,0.414355867145504,0.6715346867783135,0.8543369915757637,0.8888172152518518,1.112866186626808,1.1967029457267397,1.2026643972549853,1.3373313540037997,1.5518764699255794,1.590041256005803,1.5517358280655151,1.6323158677598533,1.588896257880126,1.5894222401453824,1.498303769682877,1.5378008061399906,1.544393500108869,1.4075357890587048,1.3124315050543047,1.1211546801640917,1.202094851674612,1.1228774391125214,1.1132437019167982,0.7892259013721377,0.7058593473140977,0.7841742267268665,0.4991288388527587,0.36998760667244024,0.21202389128983803,0.011794781208396917,0.1246188859846257
22.1,0.2806046193219932,0.4532013326142758,0.6178019300573728,0.8912471848113752,0.9834477296652057,0.9988143218055555,1.1498579676436471,1.237608224322725,1.4093170526706005,1.454500171749473,1.5460954081232394,1.5278279096810907,1.5097044189713813,1.513268470302978,1.6528272469600684,1.5284236478391238,1.516751343076404,1.4529869248239566,1.395343354477545,1.3973586159149676,1.2617780484625076,1.305498309187712,1.2461255818879864,1.0307011141433247,0.780784729282335,0.6924064500093325,0.6433189089100836,0.4302273601391423,0.2827922564130197,0.14253816005349662,0.03543437779047654,0.1042966260734591
22.11,0.2980098137087187,0.44547548251195607,0.657644016022793,0.7838621243096962,0.9710551517004113,1.1109440337498733,1.0395943526524398,1.263319791172182,1.2526821718840824,1.457959403098512,1.5829180514238346,1.4805683457679535,1.5192064308295525,1.4606412406492997,1.5600512448637247,1.5484380666096793,1.5719608088143444,1.5387265031910244,1.4091415770334468,1.3149870239064927,1.1580862813790793,1.237247203686984,1.1791694233438843,1.1510769964109144,0.8349760837519988,0.7018028358345324,0.69180011794147,0.4548376221383179,0.30151607042140643,0.06420604613869747,0.031962587769740584,0.08857737075393958
22.119999999999997,0.42815015749150326,0.4406173386673001,0.5709031247505889,0.8485815575555273,0.9453922993130414,1.0228036854060112,1.1805115635034626,1.275404673829048,1.3702716989816328,1.5127118475589003,1.4468974015742344,1.3666279393881147,1.454593252157271,1.5766756993930584,1.657366338076942,1.566709430544709,1.631671780908008,1.4935506621351409,1.4899647416465645,1.483570868520779,1.2528210099353845,1.2581793916634678,1.159206744665835,1.1067764710358654,0.9412091844055066,0.7015716321741501,0.6773105444238534,0.3659219066057255,0.266291551929107,0.17394393712858436,0.04613451022541851,0.06622189333789827
22.129999999999995,0.27022263634755955,0.4552080737591635,0.6497863601949052,0.798544731363532,0.9119876099001242,1.1287300467394277,1.2344559668516173,1.2627303359959372,1.4096665037379421,1.5128460009792457,1.5988237212932201,1.5037953544281502,1.4774082305961616,1.5785421208687982,1.5108121140207866,1.4524116356069439,1.4994809220921863,1.4540736116184663,1.363955096624025,1.3133523237922802,1.2082011074478851,1.1947342630873239,1.1717943945986236,1.0285761078532367,0.914663837003712,0.7143822684135905,0.6446370423518891,0.40430155534093726,0.3733450500163126,0.1279250811374615,0.06565236642723363,0.10778119649764967
22.14,0.30358924734172216,0.5369667147442463,0.6537121848439263,0.939300892801519,0.9512386255084064,1.0703123857129166,1.2511763589181386,1.2654470883898818,1.4084058485315611,1.5606854255388558,1.5719865287411454,1.5032871262581875,1.5035077793073983,1.5180322513264588,1.5741317202593625,1.448088211008534,1.4689250390262238,1.4511323098392797,1.4211790253859629,1.4277145411906176,1.2654362519396851,1.205799429595035,1.1955548714157638,1.1167622545075722,0.9055198307386667,0.7610849735339748,0.7336887896033765,0.42028543917054484,0.294984557797046,-0.004801728252995007,0.04679219094686955,0.0898495776077308
22.15,0.3298073921308889,0.5106292439614404,0.6429086312593945,0.8627776980515749,0.9007902190968631,1.0697346673980421,1.238023546156193,1.3248290703191927,1.285827981933977,1.4940417136725301,1.4970694098750215,1.4444575310712549,1.5525759184454238,1.6028510316626943,1.6062197172276274,1.5724311154386557,1.6152436514680633,1.6150274940499294,1.5414763348736236,1.2838705777043788,1.242734014723146,1.1717642125274457,1.1108125563139786,1.0582854617526434,0.9336530190720026,0.6463624260083334,0.5942169904879905,0.3634991017190907,0.27547268418823767,0.07133049967691413,0.061363014398737314,0.1527536469027856
22.159999999999997,0.38569436252636263,0.48945845837144186,0.6539521365453144,0.8914625312742745,0.9901779073687131,1.160154984567081,1.1568504855854316,1.3602925891972026,1.3767581813266994,1.4554734902299689,1.5300440962789061,1.4272009221014237,1.5155663035063087,1.6224274069204538,1.6464077114526665,1.5821171063084616,1.5176532433389591,1.5060128788621454,1.4443212106419683,1.3051052155956875,1.1988347611050663,1.283412111993912,1.178539743472981,1.0403626133962365,0.821283797788009,0.6543495392424874,0.7149972934770401,0.33289132695043866,0.23092646500380523,0.1421657817870463,0.13432347841026285,0.20924488195685131
22.17,0.21191190083823463,0.4695567351319292,0.682792812863219,0.7743426735200433,0.8844383645212037,0.9263532479758445,1.086387089506367,1.2811143995673988,1.3252918964312281,1.344409866711331,1.4602917720862068,1.4345220734167898,1.4384574467527096,1.4779953767129035,1.5304988480605817,1.5145882383132212,1.535621095160863,1.4414450548134854,1.525886130709611,1.3953925664127567,1.2064054956896415,1.317207502616368,1.207945496086052,1.1961751193857781,0.9721567345649272,0.7759180470088982,0.7940794092918984,0.34796751944479176,0.18921936912842013,0.09335963363529451,0.02872212360882139,0.025735318742353425
22.18,0.2566773365012459,0.45563329179127443,0.5822804509744706,0.8088684828538187,1.0579043364845586,1.1233263390406627,1.2524749820758454,1.2544219178564038,1.3953743926799675,1.4526078346658875,1.455040806528022,1.4429654480514085,1.5674249196634629,1.6261101975869416,1.6102436288219244,1.515432964359662,1.7020834059004555,1.605508360341381,1.55856919809622,1.272632086229386,1.14102219552811,1.3788654770291306,1.252132043466715,1.0979789208976098,0.9078512712327752,0.7132123988727112,0.6356445293584414,0.37849749650238773,0.37361929265873317,0.2135783850105371,0.030109863105766632,0.11862831373347466
22.189999999999998,0.24942598265691945,0.43772504540009766,0.6213156374026485,0.9038015802692645,0.8633829122248032,1.0474822247424231,1.1920183563982023,1.189853244124427,1.2919383606564077,1.3768685269028196,1.4194400155133076,1.4015532330108265,1.5745389712590654,1.5028606686767076,1.5056277431493539,1.495580199662677,1.5272954543924344,1.526009161206701,1.4276949493617463,1.3628603907541121,1.2815020452220227,1.221662261532307,1.263021893965034,1.1691927971987495,1.0436154948996246,0.7834037591012296,0.7414896913504544,0.486982346427688,0.3567005120977904,0.2517248735466172,0.08464605428386872,0.20479507653620616
22.199999999999996,0.2289618015084277,0.4536988737632211,0.672705637037093,0.9402747115285834,0.9712457827064807,1.0322130740194726,1.1795151932184602,1.1967619797911744,1.2690905628145657,1.4566106257244005,1.4642196523187287,1.4192578327415963,1.484764749854294,1.5397248202584715,1.51713346294079,1.433833941653209,1.4782673360913432,1.4981407825567694,1.4232364508584876,1.3205736940630353,1.2099200248790134,1.14690034540625,1.0700130968210517,1.1279371182392754,0.9274760740643782,0.7116205598216713,0.787880059530073,0.6165112678342212,0.4086143068573336,0.1231161730045249,0.06234170953999293,0.12784302809485348
22.21,0.20370438847663164,0.42973746266418855,0.5823376725707947,0.8102916489379379,0.9240561803556251,0.9920668291219885,1.2276018103198707,1.2866239110680981,1.3969459081335889,1.4640406530570775,1.4140683173833153,1.3843147373852867,1.464541309867333,1.493617741541048,1.571293063755191,1.5887079440216934,1.5907360340563526,1.5012906290665222,1.4328131360836662,1.3826356310106735,1.2457596093685628,1.2996004657005142,1.0884120678805556,1.089046574605291,0.9311495035658541,0.7728375902728367,0.710883801374952,0.3595647771780637,0.40461398428781165,0.14549868560485332,0.08480646893739238,0.10366161089061277
22.22,0.380149514541326,0.5671819396768162,0.6131906473031791,0.868172862300068,0.9019057547854902,1.0313461365590475,1.2424997994995126,1.1953326165121627,1.3035268517179863,1.4147751811859568,1.4402458228539552,1.403050434433006,1.4523121406655837,1.4352285542432863,1.6458282328130978,1.4690373551206577,1.5248978520035636,1.5032018817641815,1.4948522451354578,1.3753020747489988,1.3066222520682327,1.3546770630157454,1.1992636076361984,1.1210978126672833,0.9039034702382995,0.6829761256741708,0.7186388337231302,0.42833774400004254,0.3320991541882344,0.23115190344661435,0.09576008771295036,0.17285204031007717
22.229999999999997,0.36264705080172993,0.5017875110547274,0.6080365466167653,0.8809818562411479,0.9431173267664976,1.0017095347431053,1.239548287388089,1.2417478857445132,1.3611639610251867,1.3530142466375703,1.4615217596347145,1.5094541561053174,1.60760103759406,1.6232443224531665,1.5628708720254685,1.4705691677500163,1.4869348887075444,1.4579777736809274,1.5364362991838778,1.4126629086611906,1.313075877388748,1.175353303115464,1.0627428073736689,1.082875479158504,1.0079163230494284,0.7629713284776025,0.7838123270139793,0.5003490856658722,0.3953297085141353,0.28391930979980684,0.0473231620038326,0.1182190677582996
22.240000000000002,0.2602725225085305,0.5457362592109267,0.6414711199863815,0.9710577180895114,0.9300199550179632,1.054042895585493,1.093347636147747,1.178795921614353,1.344994156760161,1.4484229490874372,1.4590752481508842,1.3815390537313392,1.536976990811746,1.4297032032660053,1.5535221838401636,1.5717824036489805,1.510838799687253,1.4187624911431373,1.5745129746106925,1.2558052155852408,1.2362557515419632,1.2574812255117678,1.219670213585647,1.0932419711457408,1.110837742012883,0.821204961082996,0.7443467983742863,0.42911010079544465,0.28466142861756394,0.07942525053582825,-0.009779978859633923,0.0940659938404465
22.25,0.22547420690533562,0.477477569780969,0.644434796305831,0.8879439127182709,0.8434638678752547,0.9669948834940673,1.1092743765360495,1.131053935366481,1.2687063810114159,1.3521527740774408,1.3947267284149238,1.5182710703176465,1.6051534496913291,1.6474385471249504,1.6466623636273376,1.514804137080953,1.5356714062805468,1.5900206386989895,1.4964213493668563,1.451863580620266,1.2764518597422485,1.287090128477236,1.1725336269240991,1.1007242046265902,0.9919966614580468,0.814270078279292,0.7235601869093166,0.4706568188045131,0.31166838220543513,0.11615276818026068,-0.06642811999386636,0.06661983732080055
22.259999999999998,0.2850085863313134,0.5147598171755206,0.5640407742563907,0.9542940611053056,0.999230681426931,1.0268789469708033,1.172207769373965,1.239317046873266,1.3416101037103731,1.3539302283094132,1.3330043096180533,1.3361808990898636,1.5221899791625062,1.5127167411078162,1.5474834712913843,1.441188793479141,1.47197335210521,1.5044977139155127,1.584591376654594,1.446940870464404,1.2715408404283592,1.2329736036012542,1.163381379916986,1.0814558830807215,0.9629783438309591,0.7556455466751217,0.7552911288802409,0.5336396908318672,0.3593635446619041,0.20533516023143,0.0025369207743976847,0.11760368947763437
22.269999999999996,0.21974443873981825,0.44416622022009833,0.5416569933131761,0.8621356872534396,0.8221622103518236,1.0887692490908791,1.2198710218753623,1.1330068826583042,1.2996420011035905,1.4185349091012451,1.5309741659642273,1.489250489721962,1.5966104718501277,1.6333058442801611,1.6046527406116884,1.5380432771104111,1.547435145581063,1.5604159087473357,1.6081850438002814,1.3669049539411786,1.3385195812422175,1.3207785768755353,1.0699929675601365,1.132576305903867,1.0554285895875737,0.7279244670611018,0.6099598599197757,0.46636408939963364,0.2471595027762783,0.1869043825790122,0.1056308328610692,0.13750347197445933
22.28,0.2908415487938337,0.5764705927301523,0.6427070862304212,0.8149677480521355,0.8260362297442876,1.0638074841251284,1.2117098575089136,1.1006308890774168,1.3222614941998212,1.394657415125526,1.5355809214183813,1.3741215713442094,1.606969439201009,1.5460174459863576,1.6471051501259129,1.5715759488069472,1.5238999087183278,1.5135444250429226,1.494776807376605,1.3583415428017502,1.3472655674118774,1.2852806204475435,1.2230966540906214,1.1255627983840009,1.0148969880272567,0.8032375804231509,0.7413874136075074,0.4868088339236525,0.37255992974886026,0.16269725014249917,-0.005747611338467854,0.0863598864952556
22.29,0.3234530672834184,0.4480172792294313,0.520373311814015,0.8014125873807565,0.9373307949589549,1.0343931221624285,1.1907408357951998,1.2346175019991732,1.439441817628821,1.497523945154282,1.416590770782813,1.2994724057205342,1.5874687420689506,1.496703344602588,1.6152041597486428,1.6077383025113787,1.6231911845352418,1.6201214142904232,1.583395343421674,1.3702151192233207,1.3391445937259694,1.2266740646550263,1.1258749453762895,1.0702138425813952,0.891934026851566,0.7517341102720385,0.749431242032105,0.5821308825208156,0.35466344638695874,0.25646027799342525,0.08171428045487475,0.16185715351745167
22.299999999999997,0.31372147313279486,0.5669741107584387,0.6279674571861401,0.8649642259514325,0.9561260328377081,1.0914127195761008,1.2495600771225095,0.9750657066902318,1.2626090596627446,1.2947093024043765,1.4703462355716268,1.3790579415608504,1.6139833612710583,1.5578694856982884,1.6211225240151697,1.5352168070394212,1.5803681146830255,1.5659239375478076,1.4903107491639362,1.2861493722617183,1.3174596569372252,1.307978261582578,1.1887658115722455,1.1201935071870512,1.0597621357881482,0.8008889586958243,0.7890136796441629,0.4640307704141277,0.37201767567035665,0.2487471289002885,0.05814374422286143,0.0016149056433239634
22.309999999999995,0.24739881885310658,0.5437317237928118,0.5839981073119316,0.8112142749650427,0.8900094417225779,1.0881988805331546,1.2311208708721844,1.2174744840258434,1.3455934958711318,1.3238650075614606,1.4266369661089495,1.3027303403314212,1.4608127312665626,1.4844392253303085,1.5057550291463513,1.4091470538575024,1.4569774206565187,1.538443044606245,1.533980297544934,1.3770061932972313,1.3741089743776904,1.3292399642609094,1.1051256778019682,1.052060191739195,0.9374777377496005,0.7522152883242244,0.8036168800834558,0.5802767133751398,0.35133343438550985,0.2457230652451227,0.20417573144061438,0.16769815765999255
22.32,0.24647322228222537,0.4899966738403972,0.5833601278724916,0.8585424767972087,0.8734493369482905,0.9557243970833289,1.1509718333278303,1.22750657849439,1.3912738924065786,1.3750013406347354,1.4177164509320872,1.371956561012683,1.61059430346644,1.5172134369680936,1.4871695807253684,1.4455873198541345,1.490056815445066,1.5111753372178351,1.5040410131675237,1.3285958381912748,1.228608992971364,1.1262743193038438,1.0259656437386488,1.1079245229702728,1.061365833363723,0.7779054870453259,0.7128326855232404,0.5723220500234579,0.2765385266469852,0.1656979807972134,-0.032759671089003184,0.013529585926411113
22.33,0.22467584536688534,0.43143421153385136,0.6716916643057551,0.8550665996353454,0.9884535223884119,1.0440078908382622,1.1877080752171558,1.245160868999265,1.3450459727171724,1.393480368719031,1.4170230525904304,1.3968500999983886,1.5554500069805055,1.4799175078147724,1.461246845692937,1.5092173930014299,1.4756839362334777,1.5718890256824973,1.5827613799884164,1.354169896279091,1.2704544587688429,1.159566227543849,1.1104178592262248,0.9764691363813114,0.989475557841684,0.882637253971181,0.8146346239759804,0.486400561275721,0.3516700474786809,0.23098153648362546,0.11413894339307418,0.12890479274967628
22.339999999999996,0.18400640665375065,0.5009333605647855,0.6458702927787582,0.853927306723032,0.8710898005640239,1.0298947707492458,1.197272010072847,1.213642096033287,1.3212811438301608,1.3690613860918415,1.5378382968230493,1.4280588759622326,1.623623696606971,1.5240565626276066,1.5342924579365949,1.523447353933232,1.4378898057433984,1.4751966629249282,1.479363039094184,1.3775072471636611,1.2977002723645596,1.3006346086807472,1.0604231822000407,1.0350469800563529,0.9260531831836278,0.7548811454399982,0.7004698533013787,0.6174771207286406,0.2826434560662932,0.1267868902840339,0.11578328925321989,0.11944004735876823
22.35,0.18950208985428002,0.539484429836384,0.6640269188134211,0.8586772546041428,0.9411413562147593,0.9803808990893772,1.1482951747870953,1.2039732128737193,1.3222356155852422,1.3246778984242717,1.456108838997594,1.388919411020583,1.6385403874263684,1.6117027369405148,1.5555253448892343,1.4602791424786996,1.4817406663441497,1.5761871093426612,1.5272473224231482,1.3486768389436814,1.2519732863855868,1.1905509481902783,1.055461034547397,1.03245244972055,0.8929712903427338,0.7926027217648975,0.7361975515195798,0.5429591890726356,0.4116311410431505,0.2005268953501298,0.16219272862493989,0.061962443494321534
22.36,0.23631952453412577,0.4955576434055138,0.5262088303967394,0.8586107314677713,0.9080751297332696,0.9655941469516403,1.1674077087012678,1.132200976627873,1.3681096226103224,1.4169882634275892,1.4688283428144702,1.368744361037798,1.51176360416627,1.5363761210894586,1.5159714432462632,1.5578075933756617,1.6462859615588028,1.5674310575164123,1.5243116464927677,1.268047633452374,1.3511554321654533,1.2940467409793202,1.014612598268272,1.0346182598139726,0.9408880227819837,0.7172109884585319,0.6757591065503402,0.516553161185343,0.31199581250513364,0.17761539169816487,0.052309203586318236,0.008511861899287234
22.369999999999997,0.39371134673894864,0.6492182684048292,0.6353317778175002,0.8784080937567016,0.9344791917002675,1.0595743729510327,1.20859970819364,1.1895529470747708,1.317453829100013,1.324056039574123,1.39185900015254,1.3423743300203028,1.520164968350366,1.5918599907852147,1.6770850921250062,1.5001664363409017,1.4814915843193202,1.528396177809239,1.560415764649343,1.3472865095286601,1.44981201027196,1.2547300228484417,0.9865565861473751,1.0151430521253995,1.0004942257159755,0.7428097561853175,0.7450277013243853,0.6094162498763158,0.3587822472398149,0.20827350626490443,0.14799505797786616,0.11808134699240344
22.379999999999995,0.23712666340982713,0.5785370782576712,0.5817799379457113,0.8375904722100728,0.9360872113503788,1.112511762656007,1.2497670860533434,1.303810484991596,1.4208998059423075,1.4023967935600683,1.4968988162907966,1.3943143513503893,1.6021313500827556,1.554976530585386,1.604913435194139,1.5221607232519732,1.520743502741479,1.5602173771695496,1.5170661369180842,1.265818269757664,1.2761098685848602,1.2348835768833055,1.0836452237551375,0.9741081435480142,0.9793158810220024,0.7516565044980363,0.7607457690895579,0.5471190957027894,0.38569788503366464,0.21585533049717065,0.028972452217025508,0.04746022862892666
22.39,0.21838517919959996,0.5182329335223167,0.5371838737826636,0.8149270489205106,0.8755142633373899,1.0107615688971394,1.2889061856841235,1.2233767050146398,1.3899428519714445,1.3353948706575092,1.4511915577200503,1.3900812667117477,1.527689724012181,1.481685142108248,1.5678482705767716,1.5528191148360497,1.5946128520272955,1.615275957819112,1.4302953765237967,1.2515997561560348,1.2569049783030497,1.236820837710414,1.0078309485684809,0.8903538021563574,0.9270470249111838,0.7985390912956384,0.7568486683357808,0.5932294914307428,0.4455659150684878,0.295821490738615,0.050673087733694964,0.0652223726901359
22.4,0.31215453802921744,0.5005236428207701,0.614522459777586,0.8024218134036744,0.8885396669675122,1.025669015221788,1.2146545797826482,1.323931477504844,1.3913357909411785,1.398868447571495,1.4882012207132498,1.2998391623511718,1.5311934379256866,1.4436704410994747,1.578452346435483,1.440393928131303,1.3981615233688724,1.5700142753801198,1.5303488187491194,1.2376095548386954,1.2148348764699093,1.2196095764133854,1.0664460057321536,1.0034460692619587,0.9135350375316195,0.7149171614388797,0.5955388937287294,0.5122214571053739,0.3542885571148429,0.13005252596086897,0.05978348621224118,0.09643015279541613
22.409999999999997,0.2824378625422169,0.5863844164238993,0.6439566729616311,0.9174828828660665,0.9201128478170396,0.9204376811150429,1.1852024710674067,1.078817041684016,1.3463264244048134,1.495744200162317,1.5221425291439634,1.3424717142742635,1.5572674720989679,1.531809009630267,1.5217430338600813,1.3342854853511188,1.5366317964853535,1.563323961719217,1.4624966109601738,1.3083326097128556,1.3165720549109203,1.2075004138384426,0.9632466778840729,0.9317005098980777,0.9839642564911577,0.7790717179012037,0.6797420922293876,0.4881505413088686,0.29224130203780474,0.1624380786138286,0.07763845794820126,0.09614860212494164
22.42,0.2131414320098488,0.5991874121401176,0.649241868361882,0.8632898501135068,0.7865570619816803,1.0023020747510039,1.203203591457243,1.192786970628088,1.3959869898270008,1.375075366618446,1.3156925824193244,1.3008694058054673,1.5198340899587375,1.5685294023813283,1.522143457638342,1.5439000937812257,1.478776115687233,1.484523003797631,1.4956079810737588,1.2837787695398446,1.364055869399255,1.1919571019062385,1.033116554387788,0.8729692125636228,0.8871437758949694,0.8011966936719506,0.7786295333567597,0.5890541629432445,0.4020236599499266,0.3067638292306862,0.15350613381788294,0.025791667017663552
22.43,0.331360181474179,0.6816628293955804,0.6305645311599392,0.8610045749048093,0.8177799724656051,1.0439131170913392,1.1360010042250306,1.2155786016155117,1.3467592893745932,1.2876803477653431,1.4242374291121829,1.3454351383546574,1.5143962455696016,1.4470844568967252,1.5334851180669724,1.5145394671318078,1.5711337920669375,1.5081070298964934,1.5234945413933432,1.3844019563888061,1.4611880114793836,1.207369211991462,0.987030357017245,0.8542773539903971,0.8750866487610968,0.8106438684654818,0.6586958493136261,0.5327339902774262,0.37683064914272896,0.15842834618280724,0.006723219975324335,-0.008308142866141177
22.439999999999998,0.2840418823143754,0.5665032560758699,0.6750046038465011,0.7799885649368878,0.9223933108369066,1.048167507258213,1.0488701092881259,1.1604024644818018,1.4521644878338211,1.4399427537165512,1.5357641879872652,1.4382243914139905,1.4341212259067457,1.5331054250092848,1.606082617172003,1.54718229055754,1.5510586839612919,1.5571070388365806,1.5924745813656949,1.2508973306198783,1.3919528364017624,1.30853029737409,1.0007398352541739,0.9302944749541624,0.9512483015898585,0.8125609514375568,0.6871717891531676,0.5028496645790475,0.3417711950416522,0.17412947002252613,0.08400122183137186,-0.0002351620052427686
22.449999999999996,0.35518726998435934,0.6046066843514984,0.5394685510667756,0.7454734976523346,0.8800610300684222,0.9761806946277272,1.0341384766935966,1.2208421278395611,1.4904149977139967,1.2880906219825095,1.3400848369389622,1.28229927413165,1.4942088978729093,1.5498321072691323,1.5951147463071091,1.429881480077654,1.6016522394654467,1.5224019048096078,1.5175741339959639,1.3631150302527448,1.248677984161274,1.2495000580964373,1.0146570527676484,0.9541310700416854,0.9768362182329954,0.7996998079143453,0.6817685041784666,0.5102875042415457,0.3900951594205351,0.20781484600784256,0.03244700914298025,0.031201331188308548
22.46,0.36534765872015373,0.5455470922595521,0.5593387454606153,0.8601461173871733,0.9233804008456192,1.0511051660618613,1.0744773445855658,1.110668768552662,1.3453092371685262,1.3075442727750193,1.333444077511062,1.3750335947282604,1.5969565632611544,1.521553735528407,1.5550239443013847,1.487375143573098,1.6662828193667496,1.6103347182099788,1.4560097385116433,1.2034589212826097,1.3022163494942984,1.157874123923308,0.892031607890279,0.8245235558243336,0.9254758414050426,0.8774623641102958,0.6533786653802881,0.5577580234756911,0.4307347618542224,0.17837206265223438,0.06610603824254872,-0.03685454266402311
22.47,0.35124229849623423,0.5028560453266891,0.5328994188297324,0.7765130300152224,0.8502677964400022,0.9410300197862104,1.0796627697450984,1.145752333984736,1.405296105092308,1.391054722514448,1.393953118254882,1.3679734167091737,1.485115907851418,1.5165616227414667,1.4299910711920043,1.498333504703206,1.517636532888643,1.475676495080205,1.4426256588752744,1.2411739458894435,1.2947362984953386,1.1906595902226087,1.0359323719328237,0.9335131385339391,0.9979464228437362,0.7906363862455165,0.6574342012491893,0.6165550278648331,0.3371032119327986,0.25365310572471383,0.013690516957974828,-0.0044022089251633326
22.479999999999997,0.36069407955210864,0.542262199519616,0.5533498120623389,0.7451976180951052,0.8304752360118559,1.1210460487830076,1.151416993041234,1.1258722593086512,1.423875655748103,1.450653755131683,1.5148590640682527,1.2917671961786863,1.4816323034717112,1.483775630675057,1.5272973968975574,1.4555954215424118,1.4425838134216646,1.538161497443242,1.5302823426454664,1.3600592052657703,1.3847393282296885,1.2035117608784214,1.0003265631589957,0.8907348800122721,0.8323748114664491,0.721448888416957,0.6030378510770548,0.5826386178440904,0.4215998092380454,0.2373608466466321,0.09551247010319877,-0.028965470700158598
22.490000000000002,0.40413050340067613,0.5690404865580265,0.5339512571257021,0.8281045349920897,0.928972221523454,0.9831818438500078,1.1079063772150963,1.1029709941662516,1.330312331146969,1.378546741700855,1.4483071654305093,1.39251711769417,1.5946387454820374,1.5320092474866613,1.596650083967864,1.5337127230795409,1.4992242586847833,1.4227280189985845,1.4427164045238758,1.370533537613188,1.395317131196873,1.1667698134677131,0.9689811328649758,0.9171272309269598,0.9430240507653705,0.712222454709731,0.5535496547387689,0.5509591309303666,0.3707459590425316,0.2574681685401187,0.09321481840255783,0.17487152716846555
22.5,0.3645160429446168,0.6439079428110274,0.6214975965507961,0.8100373959696697,0.7672656397848292,1.0071856220539792,1.1587765446492855,1.1739083279046276,1.351702546562515,1.3659604887207222,1.3726904635373773,1.312239851003274,1.621170294082429,1.4681887507682412,1.4531371338955648,1.4657090549712155,1.5202124424471637,1.4898153771956384,1.3942847541609524,1.2103613071173405,1.3201429232104303,1.144794296229562,1.0264901295812383,0.9071766464377964,0.8590525111029851,0.6437235461463717,0.6266587634854004,0.4409819022544198,0.4112211576418648,0.16320630656211646,0.16529721926212965,-0.06058400241712118
22.509999999999998,0.3863772789558037,0.5370071570574088,0.6476491324315491,0.8347171607162355,0.9434543458033203,1.0839351442843523,1.1384768587570568,1.1985258215241306,1.4021351379067855,1.4060195426790987,1.4559818433128675,1.2114846651271656,1.5509131793027944,1.5470429390027653,1.5142708770003441,1.438634598928509,1.5334755204879769,1.4671495164443749,1.3189050428843458,1.3000684366008228,1.364927129440218,1.2305488201530792,0.9450740209878381,0.9831123994341813,0.9045657107827143,0.8233062722728546,0.5956924879017801,0.5380724687485501,0.43379721738148747,0.1939765219532133,0.062288918410587785,0.04351045315434256
22.519999999999996,0.3621694645192409,0.5491593674306949,0.5653341630990215,0.8003467835327716,0.8008928987632385,1.0301140898286942,1.1326950729062177,1.119885628513411,1.3104777697450782,1.412572151394609,1.428352657047103,1.4169990878965488,1.5082736644765897,1.500288767049986,1.50603781212579,1.3638262774873395,1.565635924395102,1.548380056520003,1.41804405234894,1.3115253629274055,1.3113265832273047,1.1597785391437274,1.0410018135273955,0.8704978470729245,0.9136742580042168,0.8381492052415848,0.6011230248581249,0.48327233886960114,0.40628872187442944,0.33496232837119816,0.1349034724832041,0.07085037433370645
22.53,0.37502576968879026,0.5429147066328258,0.46657727023017226,0.7289450873191273,0.7955185832888417,0.9154239950014214,0.9947373470909722,1.0847138024115721,1.2587783555745933,1.332437810492506,1.4823162125357265,1.343018071441455,1.4728344462284255,1.4266281240033443,1.503722579184763,1.4010772892772372,1.5724457702899666,1.4542743798218882,1.36869257993114,1.144880202083011,1.3130304364478849,1.1369729523782124,1.0837010767331061,0.9370810085067061,1.0071214932921044,0.7906300042850052,0.5515201868861505,0.6348029763291788,0.3951542786836093,0.2833372848353922,0.10206975208423273,-0.03306167107052541
22.54,0.3485284617161136,0.5772512130192881,0.6721210263244365,0.7512606677893903,0.7680224477180313,0.9038226488860437,0.9776237329205786,1.1380801296650933,1.39910971041442,1.4073809905975023,1.3716177867161665,1.2920417552758563,1.4477805822698648,1.541785586324182,1.4728593851726082,1.4418026871182033,1.5173506781680084,1.5037443341256065,1.4991689865783635,1.280133702223064,1.3333985994594117,1.2072082991658137,0.9974710131512893,0.8415930860709996,1.0160333067126122,0.7781486184240046,0.5595700096147012,0.5629888492754532,0.4553533263643586,0.18367679255816358,0.07608836141555794,0.046623871826432996
22.549999999999997,0.3247730680678716,0.5745307055641368,0.5538723274578831,0.7359677155458915,0.8175887681438903,0.9541645401509744,0.9953260613448839,1.1242045465801125,1.4051182530645456,1.4168822346869112,1.4034776075173385,1.3404314723734032,1.4574239409531813,1.4943650939316475,1.5413772728006605,1.3994358696191562,1.567140068805375,1.4679512494951328,1.2947284741494727,1.179673996792497,1.3842572396985868,1.1710914596582336,1.0591322414780224,0.9522456956053096,0.8468972386461928,0.7707978653030911,0.5629340668056368,0.4617541409018142,0.35481784221288404,0.3249835960648454,-0.09672742886477202,0.003982826522141714
22.559999999999995,0.3528118891429676,0.6038045521034283,0.62750662131852,0.681989687132232,0.7957567512704765,0.9933243222495747,1.1030015148990424,1.1166318678535596,1.3851945714989857,1.3600257303119156,1.4536258510829736,1.30413151076745,1.3495587831898859,1.3661285735240423,1.4601027362781007,1.4118549335997754,1.4987118183106765,1.4076896913150048,1.3239636861670816,1.2680026497823333,1.3323101160058903,1.1642299159786709,1.0107088680237604,0.9020736631180759,0.999664989448375,0.8350898484026739,0.636181508637185,0.4809347605404417,0.4250768772930885,0.22816054777884787,0.011478019361813554,0.0008176504203150498
22.57,0.5201584302949225,0.5299465543040518,0.5496346960536044,0.6937257153771046,0.8217560761312735,1.0243912275119895,1.0349675760118218,1.0769226897977413,1.2947421647233412,1.3944066522228584,1.4794782463866551,1.2517200993946558,1.4883868876884603,1.4300021736044886,1.5183383484834707,1.3130017369870237,1.4066842597443716,1.3056946916376948,1.3231200867882944,1.315349129170198,1.3007506563902067,1.1398038773189387,0.9810250990819565,0.9275951814344827,0.8657415556272909,0.8267906392176402,0.5475122731213815,0.6006797447037631,0.3897854636317271,0.014922967187954439,0.13546111138429498,0.08050155906893663
22.58,0.2842296153135866,0.47761762903861393,0.4856123455564844,0.6915457471757369,0.8055944904977628,0.9218107890192797,1.087776564632919,1.1649015939217708,1.3240971295842265,1.4026732759484717,1.4022604859768029,1.305148987550437,1.4912416245348479,1.3435623788856712,1.4678011167903904,1.4399487078453599,1.5850899994817753,1.4056951308089003,1.266249733422015,1.2886126605278403,1.35768486258745,1.1200955706544504,1.079610688907241,0.9710930070433184,0.8058088596067898,0.7396795110369827,0.5001477585124855,0.6120221293526987,0.37912734911179274,0.13768075718325032,0.0063446644238086165,-0.14736953174087225
22.589999999999996,0.35852850787334656,0.5417740994250834,0.4936731732117793,0.6809982510616109,0.7630103309467424,1.0247605755312643,1.1002259010485504,1.2251390793123345,1.375847777911273,1.455595250040283,1.457586049054836,1.3232979537764746,1.5121791728410268,1.5319762221941475,1.4690525670901646,1.4856925980023457,1.5202357972110512,1.3996875293930848,1.3570529501565747,1.2998867378690981,1.396269572597094,1.2355158482974273,1.0221075094263639,0.8628556457398937,0.8740770435266374,0.8135004482033091,0.5714148252600906,0.5886194703702597,0.4454751589169699,0.2515226831940694,0.16172977651477793,-0.008085309091972949
22.6,0.32128037837498075,0.579014636131622,0.564649362120131,0.6196753548588219,0.7653199828340195,0.9153131896475741,1.0526000206014745,1.225469386794087,1.4280164799596067,1.3799168534375588,1.4100016413661787,1.254635644138471,1.4244468993197166,1.4071135120756997,1.5409488530473807,1.3925467623885948,1.5011637938687934,1.3816505202808598,1.262383273599632,1.2509530097336088,1.354637941630077,1.1471053701304863,1.0454217224161975,0.9493866881989734,0.8716835409772961,0.763512719976805,0.4313527215892812,0.4774445270453504,0.43882544223344583,0.24986574712128143,0.07258108414681087,0.024336659933292773
22.61,0.3670931558647739,0.5562132568468678,0.552274733065254,0.7387652790974462,0.7530499567996245,0.9223685724461633,1.0251874154861869,1.1949525519285997,1.325197677343037,1.3556518191698417,1.4031083014827046,1.2741820789402571,1.3978810732437792,1.3059193766715407,1.4766270244834696,1.4676373918829229,1.4910697678819123,1.3491396040841566,1.27941134516215,1.2346968001885916,1.3310811130238014,1.1422602367289085,0.9931303304464957,1.0111912203492535,0.8651241278265288,0.8315661671324108,0.6075463455918175,0.6453256619130429,0.43053587838840135,0.1271729744982539,0.05505459084132937,-0.014964444320412502
22.619999999999997,0.3748972940350405,0.4914113585923602,0.5986563467222674,0.6086353077188417,0.6906788614842762,0.9631446054389573,1.0040965319038524,1.115007290494518,1.3189150790929383,1.3786326075678916,1.4116299949218882,1.3006721503665588,1.342395216740115,1.50884474827622,1.4446266706085324,1.3688582720962288,1.5094944833113022,1.4060575371215327,1.2802240520475265,1.3199514128212566,1.3254275405623586,1.185112968769613,1.073232362009683,0.9715750783768614,0.8676959968221986,0.7321408850172362,0.5549761466644547,0.6229292265340275,0.470367831324166,0.29975522035373064,0.14137803549329317,-0.030064397780163676
22.629999999999995,0.3000918201253885,0.43373204189926634,0.4702382552221692,0.5934548083465824,0.781841331962983,0.8781929667177895,0.9650917503680336,1.1099197905199576,1.3128278531060733,1.3638773416797516,1.3124757341456714,1.2734147063249825,1.342437006308642,1.4428071616605802,1.4395365200030106,1.3614510928154393,1.5146529259814687,1.3593102790223488,1.297778887515102,1.19562567425409,1.3237153283992453,1.116343535339233,0.9934989245880769,0.8662752153337075,0.8202988607531663,0.7563017628702489,0.584950886785199,0.6735734038324623,0.5373175719975416,0.3082602554491266,0.1492211058343574,-0.021369053655155047
22.64,0.3070877544384307,0.4965361316885362,0.5939310337212864,0.6314494774524791,0.8439629667456997,1.0582444713123316,1.0501349839931255,1.1372628543189514,1.3451840355715026,1.391703464231156,1.4558401830215806,1.375291755014009,1.3669203928359073,1.4391217617139929,1.4551476918032193,1.4108683955521348,1.360498914266482,1.3172086826443148,1.3429116783171466,1.3099597103489058,1.3038911580482313,1.1111226425160081,1.0484643508394946,1.0173710242128124,1.0014581580594792,0.8070935363595614,0.6632412697271365,0.5896976458915826,0.48010956302718066,0.2938635275007404,0.15955063786790255,0.032144381648607195
22.65,0.3504251049290795,0.5585353390898664,0.5914493853835022,0.7103138831885754,0.7782283717330004,0.9687167008587246,1.0400909551523465,1.1465598731020665,1.2056763485899549,1.419727336940556,1.4200342075175847,1.2332768632436346,1.3696636227039591,1.455669276536964,1.5246110501110626,1.4306415638773218,1.5451052000109478,1.4448503730134514,1.4321497535586412,1.3479848244114483,1.4501689602193928,1.1252340436111092,0.9572285674640397,0.9246094739064852,0.9601233652443986,0.8758929984397831,0.6307086835418394,0.5281786681106668,0.3990633603831832,0.259492098795571,0.15558105064377165,0.003388731717314193
22.659999999999997,0.3026661894205621,0.49964292979909075,0.5857056693229636,0.653278524250503,0.7712013374013413,0.9757281161107738,0.9128252992856717,1.057340011626013,1.3279201973743937,1.284391687797664,1.3121769622474422,1.2262787103363153,1.4378625128195548,1.5374494510448629,1.5609679655281392,1.355091597034827,1.3948465918317041,1.3728153144532458,1.2297036615427106,1.2725871729983473,1.2750282641133937,1.13106648072354,1.1058041337446436,0.8831378324883894,0.9220098297144915,0.7545896516117494,0.4565964178010393,0.5972465646669798,0.44890473411925275,0.19577159793887094,0.09405772205448466,0.026562028422613793
22.67,0.4045247314915887,0.4162524430118502,0.49921759641261665,0.5799094860070696,0.7133832888444914,0.8881020765697163,1.0084771480936243,1.0961626279051648,1.318209271590324,1.4105081371446897,1.5627968073127663,1.282191974984213,1.3741861473688675,1.5172903278418137,1.516614637707665,1.4457300147173675,1.5211281521758255,1.3150252241967768,1.2258553225641091,1.2631493802455558,1.294031414049509,1.114724064269647,1.1036372416976437,0.9027091108873535,0.8325559766515366,0.798634484932681,0.5705117942877649,0.5586915358076514,0.45593338337381656,0.23541896846423332,0.08063513666151838,0.05532246882571161
22.68,0.2987412084742611,0.3921487019581115,0.5794526777329285,0.6640350876542394,0.8204630440766341,0.9658226295658474,1.0517520969694598,1.122533425110546,1.3772621504097295,1.2427947528112908,1.3521772476687755,1.322901428615413,1.349629070952918,1.4348638039651218,1.440593830987319,1.3709158328012072,1.4281877144844979,1.328814538677407,1.2532994794872558,1.3391509159915196,1.2993394594192993,1.1226280410884062,1.0445951637229207,0.9869589072085918,0.8620911138857271,0.8589385022093569,0.5619064963325535,0.5834408527959375,0.5085920663017026,0.22607320532753916,0.14144464232560894,-0.06229613551554392
22.689999999999998,0.36554453069200993,0.48851959554560065,0.5361986264570132,0.5829382307381269,0.7599924194328073,0.9313196485543859,1.0128464167934552,1.2364925462037986,1.431705472402694,1.3434650918137356,1.4271782158316348,1.2936997096850027,1.4089779398717388,1.4550219924697625,1.5456026853545988,1.4571445315751077,1.4663821808095694,1.3518916911338097,1.3061463715374417,1.3048764192851323,1.2681680049831023,1.161972670465941,1.0799867846008409,0.8994033875347552,0.8292366950300009,0.8425502821009354,0.7317784701080576,0.627179676349327,0.5295321185592976,0.23372070976020076,0.14636381683689562,0.051229004567354394
22.699999999999996,0.31714435432869265,0.42035294609756757,0.5269538869134671,0.6218847847692185,0.8127634952840999,0.9518940315435436,1.026187297819472,1.0206797447203735,1.2455984411520609,1.3139071751780844,1.4615768800619415,1.3727196293260964,1.4434393582593006,1.5045928490678981,1.4774120642252275,1.4233310123696672,1.4293032981088378,1.3054794032440475,1.325164280955711,1.367957434784086,1.3839847140193051,1.1246633985723051,1.115609269471275,1.01423765458774,0.8971554621296144,0.889544662052621,0.5323095416336873,0.5523536678195538,0.4735645584355224,0.4384232285115443,0.16808965052961253,0.032751749171214345
22.71,0.4037534863106234,0.505693029426518,0.5987111040654451,0.6410701916371997,0.7661619852322279,0.9243983126447635,0.9459228129159563,1.162094187496873,1.3528171965085485,1.2824315442117988,1.4493583974280286,1.4156044630573459,1.5265271880372429,1.510836055726913,1.5779675667187596,1.4099806391525531,1.4527718123223683,1.416821944450212,1.3093303464367925,1.2849072102768668,1.3902091748253007,1.155017177868248,1.216958035815864,1.0295526442373917,0.8910272534892204,0.7477348873024706,0.5855394902405139,0.3963213302541539,0.3935894917176535,0.1884993885336888,0.08670478532656387,0.006907554528036194
22.72,0.393158865345055,0.483623938970074,0.5459688528859435,0.6473361400321622,0.8564671161586032,1.0442937234741538,0.8582813822045064,1.1186430547880448,1.256829368912954,1.4062846537057392,1.4687577961847023,1.320346466074571,1.406507708798911,1.4920806541489438,1.4116844105094972,1.4290521720208664,1.5037544113302648,1.3167357555048138,1.277147966348238,1.3833775310807943,1.3343365992289267,1.097288299830158,1.0555399040414992,0.9901511663319272,0.9745844103323766,0.8095687247932956,0.6057421221100316,0.5225953542417938,0.536380945641907,0.2842764136178262,0.10472688356290306,0.09676259867868085
22.729999999999997,0.39056558190766155,0.504600970465859,0.6619510668559243,0.6323559984287231,0.7274466167282609,1.0533128428728724,0.9985852694352596,1.1075011987910777,1.2358250235076713,1.3197872255051675,1.369548684794788,1.327420124898444,1.384167820864394,1.4469286290014278,1.4786992355344875,1.4341070897157462,1.5256195821423009,1.4073673372828028,1.396684711763091,1.3633582859276854,1.2469450991706437,1.1319203589211264,1.2299458957582194,1.1553761293728961,0.8645459458237087,0.8620864182688502,0.5352099513223495,0.618917477010975,0.5386756108059811,0.20515445504639446,0.052180769861101185,-0.032832794391509795
22.740000000000002,0.33319077864153,0.5339011840480193,0.6296699042454574,0.7500478172789192,0.7921320800576023,1.0332486653342607,0.9445013664143135,1.1150363916175592,1.420554153288617,1.3752747948988224,1.4044807708620435,1.2663296072137968,1.3399244078624641,1.492822064648047,1.5691442349297955,1.4277155757062854,1.5748389862836096,1.4412352629586789,1.391400772143664,1.3225886443805341,1.3487129333306402,1.2370802707758461,1.0896884337053698,0.8677162237873194,0.7868472380311123,0.8477625364206566,0.598107452626814,0.534558813967167,0.4004076574084098,0.2973053204914398,0.14301109978091264,0.06901847903627725
22.75,0.41050665092187866,0.48756258999511787,0.687002828502097,0.8090490379148065,0.7982655417602836,0.9534514095110099,1.01175860593346,1.112295701166999,1.365093826910842,1.3408600093734293,1.355921631438529,1.3890722235701245,1.4160852712024266,1.399791611848231,1.4545972624899262,1.5497736102097934,1.5238557035090863,1.3504686847706033,1.2541223806881532,1.2399177171103604,1.3607379866897578,1.191975605385553,1.3210777439571244,1.0229760928986953,0.8543781621437624,0.8416007564125799,0.5767236580813627,0.5398881684011854,0.4662350728227508,0.2851631353051368,0.07800804728135997,-0.018694644390146287
22.759999999999998,0.3282473374042696,0.4198044066087212,0.5917331281158531,0.710773301386299,0.8402490350376429,0.940185805766542,0.901316494554275,1.0978904422574387,1.2926833426754718,1.4193816683363605,1.4690608851588123,1.4103540045544274,1.4059986101249191,1.4524337530020333,1.5255259483000494,1.4451336486164856,1.578775162925473,1.3872117896481562,1.2958615933657753,1.3262685262038119,1.2983959063027788,1.124090405634994,1.1999965678259572,1.0219571620835781,0.9360833533959257,0.8010475091763429,0.6005595814166453,0.6730507883257878,0.49340362461784737,0.17646163202772283,0.008951434084544586,-0.018512564290580548
22.769999999999996,0.45437104805529915,0.5303612316025561,0.6038539410973702,0.775056486165284,0.922362718906638,0.9940915047041362,0.9584483153584235,1.0992075499428424,1.263336819096871,1.2910468115015494,1.396987316915229,1.4264441628093576,1.48192476130326,1.5115370472014327,1.5647223311418266,1.3524226173964222,1.4923535740739233,1.3201687465157386,1.3782116226247283,1.3957797376854968,1.290061824058743,1.0448110637996204,1.1325358054143175,1.0552086937572382,0.9438487467265636,0.8852500421695207,0.5892680055365696,0.5363207943399756,0.571320159829083,0.21989336552440156,0.039054437768072235,-0.024293958902360302
22.78,0.3354383822095724,0.42883858743660414,0.6465471385539406,0.7730044397943694,0.8777684424096799,1.0419264389966076,0.9250635326400831,1.211743124228941,1.3515944200486296,1.3814293164993154,1.3847406906704869,1.4147367432979068,1.3483520912050593,1.3890114167054177,1.4772078767164867,1.4566915723314877,1.5149128618911294,1.3374237725888185,1.270300429843521,1.3526146760271263,1.2617628559033518,1.0987282148689477,1.1635124068526708,1.0947561539622228,0.94778574971381,0.8607525367971975,0.6416435520554523,0.5053909729841282,0.47866333718967224,0.2176183880782643,0.045212326077319974,-0.0019207299073771555
22.79,0.44214430006813543,0.46759786890401317,0.5953632757123337,0.733591608292789,0.9689642051766474,1.0744613852563676,1.025161572836485,1.1915701761382467,1.2443555184134423,1.330785330464468,1.3101615274785947,1.3974483935543478,1.3323078888196629,1.345961938052335,1.4534424260878716,1.3986627225979973,1.3957319035020883,1.2656895754880217,1.35590453204198,1.2890018394359195,1.2712963225893426,1.1066948718290384,1.185914135146919,0.9857330456457336,0.8805013167823479,0.8826313860543427,0.6984751150499725,0.5008973257588767,0.3948333205240898,0.2648003002318296,0.10677982392035235,0.21916545805466825
22.799999999999997,0.4625228493821117,0.4567645663276894,0.6065792629316045,0.742245620518564,0.8623297577339666,0.9507223997327913,1.02636346254705,1.1845567155138423,1.2697365448560975,1.3025057051642726,1.3091470819127522,1.2962603870368905,1.3433619362146647,1.421200291350008,1.4483633110403606,1.5057753688081117,1.5154780220321216,1.2928296729232878,1.2374846529050172,1.337767226933864,1.4386846330204077,1.1354749009025211,1.1627515022728314,0.8766076214362504,0.8768442776375842,0.9641112242152635,0.6867064205756978,0.4856654146486079,0.47383637684125246,0.19825688940576086,0.030998409323363972,0.07100532440772411
22.809999999999995,0.42259316717636053,0.39509784111074026,0.6261099941035828,0.6415850995557713,0.905119447195045,0.9733975204163997,0.9931710880594945,1.1352069922737427,1.2718966780014795,1.4307684790037987,1.3918277781038044,1.35586103307518,1.316891147699182,1.3959424286868864,1.4330202643895853,1.4572576025632227,1.4647413489020003,1.3661374578350858,1.2581527116595355,1.334748569306629,1.3790618209886667,1.1368657534504294,1.2732691744534792,1.0897573552987168,0.9151670581581054,0.8621067137147829,0.6633782353335169,0.5062210505480135,0.4164132235375561,0.19404660478771926,0.08380903615338674,0.044262783372616125
22.82,0.3905787734685903,0.4796233268293408,0.6458721928100407,0.7946530512780753,0.8180044035708174,0.8986978442319835,0.9223317902904355,1.267417806760131,1.2260367477716916,1.385772507114678,1.410565156833293,1.4304396680229678,1.2616770484651338,1.3897120018303648,1.4972495582122,1.570922698223245,1.5113554593129448,1.3481926198076701,1.3350340543820376,1.4373887306271862,1.3399836955363336,1.2726625649533752,1.2061164391024133,1.0469514515743967,0.7827577402878879,0.8449963421125419,0.6409140640552827,0.650790420450514,0.3777318317232371,0.223674469294886,0.20487993473766383,0.0013568072956916463
22.83,0.35444351754622005,0.5458496211883337,0.5881084700843598,0.6273396980337607,0.8142427125430949,0.948536093735694,1.0290800021696977,1.1741149614487865,1.4280997868059164,1.3884017147231615,1.4684713391306798,1.4355113088069449,1.3818256926996646,1.4557246673008855,1.496368918386171,1.5048407229787744,1.4244189727125314,1.2765532779013766,1.3276099889523996,1.3805969351575675,1.377463173814956,1.128035325227674,1.270224460429877,1.1146183570768882,0.8044178916456876,0.7881269613970716,0.6129066470983644,0.5297841034341266,0.40031744919318135,0.1806384007536266,-0.06603896618503705,0.007747070824687813
22.839999999999996,0.38768953568237063,0.4923620456660809,0.640823019042839,0.7042158570591116,0.7900306388507243,0.9696994703105726,1.0389779658911904,1.0371639899957974,1.30702551894048,1.4265829767604858,1.4136123282394188,1.4296645969564217,1.4073514897234431,1.606477184702104,1.4586323822782838,1.5034257388285117,1.434551898273873,1.3587260721528855,1.3118075588756648,1.3321397573854261,1.4240005614510471,1.1501208521249215,1.1875817860058746,1.15579979024431,0.8103396050438922,0.7689233959146685,0.5376052422065198,0.5725801935553811,0.4071241148060448,0.17708712644130448,0.013105479397622955,0.08864803535665078
22.85,0.33779792151990556,0.5148243461626593,0.6476594390347117,0.6681349456496015,0.878641767792914,0.9287744062936143,1.0787466217048851,1.2400403909010362,1.3282381025281866,1.3283143499432037,1.3053083504757383,1.3621501428779803,1.422886500783985,1.3411256866483132,1.4827160713703367,1.565043626677294,1.4474918334263864,1.332486816533311,1.2984442274724908,1.3036773324994713,1.2921083759917693,1.1172712106875944,1.1746572435083316,1.1459432784042998,0.9246303357853947,0.7754637674161321,0.5818242636042176,0.49160406383399524,0.36405808128502404,0.19598827009154507,0.10675473934274946,0.056169378775348965
22.86,0.3522965735338317,0.5544441298107446,0.6180452523097124,0.6898336939808155,0.7889793353287944,0.9691033087482535,1.0401276510730295,1.113621997730018,1.277351473885541,1.3576649306917952,1.3544710212190008,1.2861243732356629,1.3713854239501124,1.5013214834664952,1.4517319311640295,1.5372459724174121,1.51236584288083,1.3176930197770487,1.3195243501282068,1.3562694183339672,1.278909836062642,1.1608118291976521,1.2700150782144064,1.1482085212625828,0.8400181047171515,0.7595873061382794,0.6203135649803178,0.4868975611702741,0.46314780499376235,0.21476938010470856,0.050157913384384224,-0.011388018161438133
22.869999999999997,0.41845601728196724,0.5131585436711531,0.6280896018247266,0.7575327077483376,0.8847461306484649,0.903926448768937,1.0329974529285761,1.1431081400823437,1.241678031128587,1.385615909434121,1.3968284263470705,1.3715687163194734,1.4292414743625548,1.4470771718795716,1.3694762313600584,1.5277597449713838,1.435720487479417,1.2433112186188258,1.275535466075306,1.3512791280577225,1.2321008854818896,1.0759661121790527,1.2347853641676532,1.1703461380831235,0.8371273007498359,0.9569557135305894,0.7027136206761257,0.4521671438492357,0.5022327342574032,0.20780379697353563,0.029885850217029254,0.028530160680891644
22.879999999999995,0.39560719547910533,0.46056950709661726,0.6627192325864213,0.7365526362411757,0.9160792288156475,1.0008664937313847,1.0864533633055555,1.1946432715029855,1.2106669638895051,1.2928118601827747,1.3848637466989944,1.4085769380129523,1.308529536352885,1.254336663167599,1.4232408534209173,1.429832479638642,1.4077883952785266,1.318573775700577,1.3893768759272744,1.356006730583857,1.2051050344250687,1.0948267124110689,1.297362688222364,1.2456644344231373,0.8870748308417715,0.8995273945134128,0.6370023974940602,0.4025287057049599,0.400428352426693,0.29540411620008356,-0.023653744410652135,0.06196886212566652
22.89,0.37941224818247976,0.5275623242272457,0.5929900584983234,0.7086426519440259,0.927706747983492,0.9602179223441751,1.1854493013568221,1.2174770207630157,1.2508058791492003,1.3599037134815846,1.3512284869478328,1.392227324726778,1.358646389999889,1.4179220658022136,1.4623057183352135,1.4753817496857735,1.377060860474868,1.320399047625384,1.337868855894659,1.4702429394789374,1.2833494824622749,1.1385107636945995,1.1856092804717533,1.1117275933980562,0.8828312507913968,0.8154101414711176,0.6351992919386239,0.44785906528363095,0.34372549768653793,0.16695870817706895,-0.06466118835299398,0.03052466943302916
22.9,0.4157903797529771,0.5393367009987987,0.6302661117077875,0.803628006401651,0.9737612354307624,1.070485220073927,1.0336286427131192,1.0966262006346519,1.2195892441280949,1.3155832277038697,1.3094294489489917,1.3870623702069311,1.307245182181076,1.4283458304646641,1.4369921578902694,1.5358237502529108,1.5495475473319669,1.455340675762213,1.4158152573122098,1.3429087200143646,1.1995531483173902,1.1301093849897672,1.2289222116352136,1.1470981148497408,0.9322433490739156,0.7931782643547425,0.7138552513064592,0.48655675782925634,0.3577798689981671,0.19761483144330153,-0.01142971715196996,0.013816502136501908
22.909999999999997,0.32353873828957275,0.4808444809106789,0.6862834345018924,0.8145445053975452,0.9417705093997142,0.9708545357355033,1.0813506236211894,1.1672418393727946,1.2607838332818364,1.2494147998501224,1.2829776987658397,1.3652929759982793,1.3582892629403374,1.3336611592082794,1.3429406830940185,1.4213335992220295,1.3248705412359583,1.2499272710020313,1.3940006178727316,1.4277251166108411,1.1805843303248622,1.1063023360592066,1.2638295825133585,1.2098575671528322,0.9232695264839533,0.8612570044012993,0.7326238876830397,0.49140740603300354,0.3536561825791433,0.09889451892875191,-0.005249914275082962,-0.0005109919332849794
22.92,0.42306639453351413,0.4285903265590888,0.689447149199397,0.8387829977495471,0.8698377177816198,0.9998705470972836,1.0577724308946395,1.0502581129293074,1.1567903950986298,1.2576132396844992,1.3668028434634538,1.4757119223806552,1.3656159561439025,1.4507626066610475,1.424059595017635,1.5594553870209493,1.3762177295586553,1.2837209390719864,1.4958918237306125,1.4730876286488421,1.2285783183674919,1.2778072834100087,1.3139614951126628,1.1136100475678918,0.9142386679325298,0.7847023588520543,0.60857719115122,0.44073093184127893,0.30754382026576943,0.05756662286495735,-0.005260156296261025,0.12231529154051213
22.93,0.3346008882421927,0.44522950448034015,0.5715105303334402,0.7608181741259212,0.9695712125122077,0.9389385299370658,1.090595938647512,1.1624230876057744,1.2112286907051604,1.3136800495654737,1.3876440948359878,1.3254862031402297,1.3791644081219478,1.4383426560760542,1.3824467177399644,1.5000266910346813,1.288289056196924,1.3644396897143605,1.4370682754657325,1.4201491774028918,1.24587967385115,1.230940222543655,1.253344078276391,1.1342596793488597,0.7835627942156155,0.7029560576390179,0.6166954661306945,0.4275113664008504,0.36698079670081013,0.14331540273049995,-0.04401479429516471,0.12344329248190714
22.939999999999998,0.29166434837815036,0.3998408066522192,0.6290201950953902,0.837660725400486,0.9391274599768378,0.9862067088784552,1.078213525564676,1.0582795853424618,1.2212649773410282,1.3058540066278688,1.3217488577506087,1.2351549762484204,1.2864087569429006,1.3621702447010704,1.4843238710888533,1.6167032785425255,1.4114884775631618,1.294251495359077,1.3168178322082804,1.4831830352930986,1.2963671492767137,1.2451614022897683,1.2593685417838818,1.115455658547975,0.8732678040005262,0.8954415383337953,0.6583767951961528,0.49964412437104594,0.47522610736971294,0.28987777646960455,0.0249129964726327,0.10316576588314699
22.949999999999996,0.4889168866063922,0.5675176321004252,0.6728552197828358,0.688215442715933,0.9006945972216367,0.9747355940197181,1.1584998180777006,1.0649852564550395,1.156302786751293,1.283612142422403,1.363675520898924,1.3892057435223537,1.3231779019335619,1.3550690584554625,1.4962860895605499,1.528000620419417,1.3933022250837617,1.2734597552487243,1.3938222377529506,1.410879921506178,1.1848585684389683,1.1466820948192262,1.136401581097068,1.1747305401585282,0.8360844659907557,0.8392686553085302,0.6672995256198815,0.44295967434872174,0.3751092063924441,0.006697797246770153,-0.05224760034928731,0.024635647487572493
22.96,0.45158280384160976,0.40767799976665636,0.6357064014222231,0.7644952021966949,0.8839615561691411,0.9234277927797873,1.1172882418722114,1.1508661385960357,1.2432542786401202,1.3308771258096173,1.3320374293609973,1.336246215357161,1.3935295854447698,1.4244247443540339,1.396048871384107,1.556905246039162,1.31408925560855,1.4205337180235904,1.4112907052378372,1.4039377710996175,1.2226582928930345,1.1563607725573026,1.2252077799781507,1.1533151417170697,0.9204097773615993,0.8438008173346385,0.7117831884349656,0.4668208490197992,0.3252718489963285,0.007506059085250233,-0.06375385044230598,0.14856341612471255
22.97,0.33551945332194316,0.49675559984438805,0.6714616907719172,0.7218491002932639,0.9867903261455533,0.911493011436513,1.1296490662163041,1.146462907702993,1.1897863724596387,1.2664335087135603,1.39040263570251,1.3433177027417798,1.3137860206294896,1.3645348820351886,1.3675324766434414,1.6447806588793823,1.4004617965111938,1.3169230003054655,1.4271354965524,1.4814051851509447,1.30897032974878,1.2636360472206387,1.2410097065068604,1.1982575816077612,0.830283289905107,0.8507812018853275,0.7640206631255854,0.44844119287746936,0.37542031050964286,0.10025866240081219,0.056637315764604144,-0.0026395361052504035
22.979999999999997,0.3548572586000345,0.48080341131328086,0.7231574153886831,0.812510261898148,0.9021345775231494,0.8298934763008424,1.038063757053838,1.0927948796914855,1.1204026917245846,1.1915472225276842,1.3228661536050825,1.3986353272880394,1.328298736162459,1.3414578306137732,1.4221148961809218,1.5284155423004728,1.3881230073574264,1.3084796709364366,1.4010763168968736,1.486535516475949,1.308942918344303,1.2408037365792401,1.245163208978803,1.244260692570618,0.8927517267584144,0.8095703708113821,0.7078319033166494,0.5025197250610756,0.4747792275174659,0.19677122081163703,-0.060909209409190215,0.1616564967122633
22.990000000000002,0.5023392259250428,0.48541242004103746,0.7022615763462272,0.7797846968319083,1.0298134619130623,0.9203231477524392,1.0842628097233011,1.0867891542773438,1.1832690979940552,1.2488785672546157,1.2612828328911276,1.2755928597757469,1.3493509124220056,1.3786614918390019,1.3521540134719707,1.618654639678442,1.5255208254081811,1.3797260826137634,1.321675790172959,1.4063147154192777,1.2620103134492242,1.1426911721631763,1.1679099742245538,1.0979813228015074,0.916857768687563,0.8330256816210857,0.712807994554032,0.3522863324644236,0.26730935303363246,0.07511329423300162,0.08000365671167228,0.13001855079792884
23.0,0.3412372654072608,0.4447452396166723,0.6782094055633934,0.8285689229637782,0.9439722672290185,0.9991552191256963,1.195434480957127,1.1592245438363955,1.2004896962214464,1.1668149504245402,1.2488749892374815,1.359449583641122,1.3412267982251107,1.338407745293797,1.4621610969726402,1.5670127373516904,1.4037991446737599,1.331118415661556,1.3862944620023225,1.4558842049672056,1.2648217724816124,1.2661805774517767,1.262617223324824,1.0712040710469277,0.9213009645801726,0.8580110875885357,0.7243082597514696,0.5306015304550433,0.39253854585475045,0.13983453009726982,0.0246226179220669,0.13157550920048944
23.009999999999998,0.34853512743373594,0.4877011787601431,0.6355430091210195,0.7578493792693932,0.9112230224248659,0.9461758690862975,1.1095008062485257,1.0533552017870507,1.2147579797822492,1.202279312597509,1.2653906298788389,1.2935143223465373,1.3111106136258657,1.321093495176088,1.4135054286251383,1.597303966520107,1.3873938505245975,1.410006188770726,1.4168226158136188,1.5188776680075613,1.2731995985395141,1.1853284602513359,1.2750622949413326,1.0911108924474022,0.8713260133820911,0.8246511085217834,0.729987895539746,0.5110488053994382,0.2909324292883963,0.20822403934078043,0.011312062635344006,0.051666165123069305
23.019999999999996,0.4508474451188182,0.45526193601700327,0.6719248574992044,0.808670415125032,0.9028372814173546,0.9809299030367381,1.0863630517468703,1.0168176261806339,1.212106223308882,1.2949074752076006,1.254628812805711,1.282049909837959,1.3680692880539442,1.3300759140167957,1.3695391185259147,1.613735975768176,1.4188501281572543,1.3626255832759901,1.4725602036769059,1.45309150472991,1.2082179592642937,1.1985692347554575,1.1482825133426655,1.0536195264374921,0.7702261703495198,0.7824641839312555,0.6849732114930447,0.470276663704109,0.3089020064878073,0.19123944863871373,-0.02490535393717067,0.19419280472579567
23.03,0.3182589359655675,0.4607577886005294,0.6980842940469926,0.8444358369530388,0.9299337741356445,0.9951432669253137,1.168277604819293,0.959622223746258,1.199987380153878,1.1459907909069886,1.2418196596354214,1.3192607783594827,1.3636435531896947,1.3043968294770087,1.3941017475301511,1.6025296446273345,1.3733330055363862,1.3349511622989545,1.4648935731262178,1.4634167101959696,1.1543890767870846,1.231010155403783,1.2162966111437221,1.1557553032287948,0.9229281925358497,0.8089355102515989,0.7236960626454468,0.4351269859212935,0.3436980194769626,0.1630987074412375,0.01745742132308093,0.012837740832542507
23.04,0.4215697626776816,0.47551373440832845,0.6922578856770669,0.7359710370092587,0.9170968107154259,0.9205137695945975,1.0446539420733547,1.1394565862085373,1.1349315974956764,1.2302030202729013,1.2684553146110953,1.3755595137461263,1.240588190351158,1.3697561001103848,1.4759197113863876,1.5401559293232001,1.290436175952302,1.388710020498654,1.5814552433943458,1.5435031126053331,1.1702774028459761,1.251715398221093,1.2456410096859079,1.2514582787839486,0.9139184688576866,0.8961858482360123,0.7821151460647983,0.39154050143186697,0.21992528844407164,0.07546211336356584,0.014183043116568877,0.13191905628490327
23.049999999999997,0.39740031750851196,0.47772067403432855,0.5833741583832095,0.8173208074388473,0.9606133504550491,0.9278489404172559,1.0714737758363886,1.048883125895972,1.1052862759120483,1.1287558684326637,1.3044346492346277,1.4177985573674703,1.305311020772437,1.2984987465720683,1.398143744161132,1.644318295740283,1.3391301639380346,1.328164852937557,1.4711592842543717,1.5711315509959465,1.2371298605547645,1.2624885992976493,1.2307529757684854,1.0628793806804826,0.9390972312817415,0.7977411407982821,0.7009586476986311,0.49101515531023954,0.35049042983343387,0.10482997837140158,0.03665000945173329,0.13069785387873378
23.060000000000002,0.36685248995427094,0.48214515398042457,0.7359083522378019,0.7958544452586692,0.8210506535446865,0.8968447077820352,1.1210561294765622,1.1826033776540956,1.1076723684648715,1.2119575490766306,1.2445564108094278,1.3047237219621306,1.2348322902222921,1.2835234569149696,1.3149078783673087,1.6017181896563093,1.3583406316790485,1.4380910434772334,1.5082113031696038,1.5194680046709275,1.2996337846499528,1.1955382912967258,1.2353636378017487,1.1645116787848422,0.9186804604733061,0.7111607354525844,0.6781596903031372,0.4229621497284243,0.2436245141233059,0.03183787710289096,-0.1351061434092866,0.0602733874328539
23.07,0.1977363929881892,0.44647237073079193,0.6450234349285446,0.7678579266763905,0.896679351507415,0.9155389509161338,1.1543314623691896,1.1087675778332016,1.1637595383760178,1.2112215132901296,1.3008576259969111,1.319134097290414,1.534943957650657,1.3628541359123085,1.3302112065492702,1.5424656313743381,1.3725023518981776,1.3914068499867462,1.566770272896296,1.5206627804217212,1.2655070218884665,1.1405884401165571,1.3248847990430386,1.1739725311911895,0.910303817822364,0.8728503368874126,0.7903612504768962,0.42706214565876516,0.2217329432964589,0.04457082133443334,0.08939447784645563,0.15098404274063987
23.08,0.25969723230853364,0.5538172858930983,0.6283538424092193,0.8644148763817471,0.947835500419308,1.0447969895575246,1.160493356408991,1.0649454467504822,1.1158619449421547,1.1806576555491026,1.3029412802652676,1.3541168277504547,1.340046113648146,1.288464734850645,1.4045804485824476,1.6091386247882407,1.4693260933008503,1.5286847352265178,1.4051317315080825,1.4389833270852048,1.267026315415999,1.1863552764238008,1.127326267044924,1.0763019959159719,0.9567593922997081,0.8664283647541691,0.6951900206487729,0.45062756125156983,0.23600288676492184,0.08013423004502873,0.0021354036411037353,0.10523596960009998
23.089999999999996,0.38782938150394625,0.5420757138951723,0.6650400700247048,0.85897522599508,0.9794609937232243,0.8447110783585606,0.9855848328277663,1.1239873362456574,1.2323169470240924,1.297555368963128,1.2388985417879788,1.2782231796032582,1.3849839058478661,1.3098667004831286,1.3416101326297618,1.6266847993393576,1.2831089551132946,1.486617384013249,1.4853302046154109,1.5156458900715852,1.2796621899753484,1.2720754024599807,1.170258434241469,1.083340778766099,0.9202512021401397,0.7319581462100078,0.7315893907418074,0.5076857512931481,0.36988066724166246,0.11018756767239153,-0.018723375836743803,0.08803606326993255
23.1,0.37695942886485606,0.4560435785762402,0.7174344745187017,0.8477303153914824,0.9694925901299853,0.9399700866836198,1.1288343258557503,1.0594219816875343,1.1913676177309014,1.3068618288524259,1.3874242205803973,1.3856985915077344,1.3585199067226987,1.2574812083855127,1.4108024731788527,1.6555783929553303,1.2999124424055852,1.5293993300914754,1.5705333975068312,1.5041987039280473,1.1774669147545327,1.0748583030120378,1.172708228214973,1.1566158959270478,0.9983587485880466,0.7523564854879792,0.6460202808087723,0.442752032639925,0.30131845371992727,0.17259794661623032,0.03746531505547883,0.17417388888236035
23.11,0.3214498379631209,0.4767164510540909,0.6193526518278375,0.7699219971081872,0.9664789111753816,0.9695437606828394,1.151732839526234,0.9997468434550403,1.1722671580121218,1.2651380972353703,1.2823760224055563,1.2896058093655975,1.2655627688727829,1.2821517307635977,1.4195603655015774,1.5967587595283954,1.3922663993500768,1.4573240943650372,1.6433240370765165,1.6091435779528231,1.257234835317445,1.203975896601592,1.1722195271041538,1.1627513825152003,0.9244883637068828,0.6970713907452921,0.7351746091071417,0.4459321860913335,0.41494654807446085,0.19097085598137897,0.11738819152299532,0.04837338302524086
23.119999999999997,0.32110355241171057,0.4039481350135451,0.7170739918466594,0.819478877609802,0.7429891461216117,0.8469777660967868,1.2891047750110207,1.118167374394993,1.2001633140438326,1.295682660387198,1.2806552411918035,1.3712318390906884,1.3633605660151886,1.353470951098776,1.3504384407000678,1.4520396072352022,1.2932770479368327,1.487408490456056,1.611045531657624,1.5124396886863074,1.2342878632645358,1.2569675677419616,1.1367227466193104,1.0994903300724133,0.7591347285766838,0.7153844162389001,0.7617535811065126,0.43479712961829275,0.36167827570093586,0.09946257558329116,-0.10264608565433322,0.03131599043650281
23.129999999999995,0.24968090672280263,0.4644458445421497,0.5427736135102035,0.762531371156535,0.9435881383538793,0.9156945988800619,1.1348157462019444,1.091002863772182,1.1796832600977345,1.1716946156225656,1.2466204996435306,1.4362795525198706,1.4066845526220018,1.3405750251552464,1.3290417812891275,1.678687056444306,1.3764798297200527,1.513244433553774,1.5782654366630746,1.4825988760925903,1.3275511813513776,1.3048422923489,1.1164845264307404,1.0561547804737001,0.8400588744521895,0.7650015540689542,0.6284738774569445,0.5245720324944447,0.35607006715011763,0.161445206073724,-0.07238708192650792,0.023881805929410742
23.14,0.20109561535464987,0.32589703890121624,0.6189117453644339,0.8547477593849937,0.9661032043885748,0.9857621001360848,1.193104810687547,1.0667216655491678,1.0663082231318726,1.1709986274962492,1.2679201730180525,1.2791540504123815,1.3292558469843228,1.2506898109947404,1.3346012037839496,1.71171870828935,1.3404534011292364,1.508485668997946,1.588008586963847,1.5128380805419794,1.2917023213382897,1.2956144716228692,1.111688266262067,1.0875902756463753,0.9665814385422764,0.7246230800724429,0.7317668423096729,0.37068190873510104,0.23393512931381433,0.04284525307444576,-0.014692269847260285,0.07451208751127639
23.15,0.314934625659126,0.4596125375392861,0.6548093464141188,0.8063169062207229,0.9618447647190831,0.9817927750739174,1.0292629682402459,0.8927489972080197,1.0969890906170683,1.2199865895975535,1.291061371918955,1.2917899245673443,1.3228763205421479,1.2987192546221507,1.3235823841619994,1.595771814194857,1.4762187024406626,1.5339203161089046,1.4508339613373689,1.5215526094815413,1.2169741203754074,1.2790610472092092,1.0612133138551028,1.0573770689415403,0.9688492475044496,0.7926052834729058,0.8410962914770767,0.5242136761993095,0.31567873940848035,0.05836239178279345,0.001852671471058531,0.0691166144775579
23.159999999999997,0.3001413207856728,0.40367670069037964,0.6530733105892224,0.876069570896289,0.9918599024155018,0.8388678458376304,1.0850798126139514,1.0883048985668349,1.2302602222221841,1.2625423355839833,1.285079039776669,1.3312809162171264,1.4035967463664187,1.3168508969044919,1.4646998966726292,1.4635688974539183,1.5047383973487412,1.6117695434530293,1.5775685959648722,1.5479315490464318,1.3059883624496493,1.3030483908607353,1.132148280167926,0.9842729780495885,0.9678266290971409,0.8334449044667254,0.7410872802999849,0.5078091450025737,0.2793156670589739,0.06715534416267142,0.011809965464715806,0.16330466270636582
23.17,0.3836323773834994,0.4037966745998063,0.6820498408447199,0.8460262400735691,0.8924112667852674,0.8900378346691341,1.0845270951849637,1.1982217765073984,1.1455897450537487,1.2456834746982444,1.3730274492386543,1.2000196978510884,1.4111570028722256,1.3438781099253962,1.4353594695433671,1.6416488198159593,1.5237028628971834,1.5487362454682128,1.5233952824547279,1.5041957383507407,1.2920748605175587,1.3944154136843916,1.1824944805749102,1.128893639769239,1.042988002924567,0.6810548515135973,0.5939084758233176,0.4865331625754448,0.16427548654848023,0.025358220432535716,-0.01660674597137873,0.09361834203382209
23.18,0.24827984316491375,0.3866935221467819,0.6323981406337456,0.8363880065438125,0.9614903396230725,0.9685745597080264,1.115313332120507,1.053143980690252,1.1559800294021372,1.1546177693618773,1.307176598130883,1.4598105650364774,1.4649505506516658,1.37347475668951,1.38398042155986,1.6705145247408775,1.3892790607833099,1.5900182933149714,1.6665852514452353,1.6532538421519751,1.3417469036730956,1.3332486170947597,1.1114144695701509,0.9718768160515856,0.8957724397828288,0.7793477552096034,0.7001104570541529,0.49000176948352964,0.29101689683730786,0.04125236333820612,-0.08452929799376345,0.019905517778330887
23.189999999999998,0.31875005167084147,0.4807992352697432,0.6595988335352025,0.796625177950575,0.8716749831092585,0.856393013761239,1.1173120207672484,1.1028705032102744,1.2572457101576604,1.3254365228668814,1.2626402667674415,1.441552573426197,1.4821899812384598,1.3124800557633585,1.3153470885324385,1.675758919270173,1.4446719635293723,1.5911887303193701,1.6356123758952252,1.5660395624818126,1.3096229272188122,1.3234725491990913,1.1292911841147204,1.0663332896989357,0.9191142168787184,0.7974267143392887,0.6604456924649502,0.5243361683351575,0.32170697912326,0.22350023932166085,0.050352920353012975,0.10380695822810546
23.199999999999996,0.40775382407784255,0.3895048616763599,0.6985801357200249,0.778899354373628,0.7981827469612698,0.9053894415663337,1.1960832069624483,1.2354058069885046,1.2540379110426936,1.2870732542353813,1.2677413863421942,1.466221150322367,1.4400694704154913,1.3548101075671337,1.2855712449286505,1.5630785162319938,1.3189501834620958,1.4912221295030879,1.5909457993246547,1.4187699277612698,1.3057199831946733,1.335799519490355,1.0781596575192658,1.0628124014412301,0.8464492515154513,0.6758375589851733,0.575351014655908,0.406026755264031,0.2460420305400665,0.22557241419006485,0.05581410561468998,0.055439596650813466
23.21,0.28844016125303557,0.41394324069838484,0.7125036671948194,0.8115758155507092,0.9081084358855522,0.9849934122955128,1.1578396003406555,0.8828914557598404,1.2259633166848714,1.3092281031840587,1.3373809273138364,1.4123329264519804,1.579087867614866,1.3920556228995267,1.4090550129157353,1.6285634982501558,1.3946366044199507,1.5584723131145508,1.557271515344142,1.5636891499527932,1.357799113258708,1.2982879162319034,1.1022798844021997,1.106808381894095,0.9455427828531282,0.7858210600288598,0.6373622164265483,0.4413770715993618,0.18410249078597363,0.07302283716753374,0.019495912111380617,0.13751812200451077
23.22,0.20376782951767178,0.40103528175129455,0.6270968523947092,0.8203254614271642,0.9999650368560196,0.8677221056019713,1.1005421719159498,1.1798620784740932,1.2362515830531535,1.2091719910795753,1.1882796715139288,1.3134969061526531,1.4668691619946166,1.3710881761941198,1.44973207190263,1.5836058985691481,1.366649050277929,1.5560901692807287,1.6204140692309736,1.4971788535371195,1.2265136595851853,1.2896182047044336,1.0057464404340168,0.9317926901101486,0.8773068994243614,0.8318658044984097,0.732707485998098,0.5399441223823777,0.16292666321898822,0.04383829727481465,-0.051901559137685266,0.04614445983874246
23.229999999999997,0.2902031885590857,0.4922681814753312,0.6299493962056344,0.7707603243849929,0.8899756219133919,0.9190902151024175,1.1251315124857266,1.1166818325694396,1.1928083317251204,1.2572732448432928,1.2956879556978742,1.3864872807906696,1.4730015915771433,1.3550779074855515,1.3543973969368504,1.6022757270272636,1.4391327915304157,1.521794908974078,1.465311173569146,1.4612454239291888,1.23194097846214,1.3185827266217467,1.0834921442181704,0.9507137002213839,0.8906376230068084,0.6672563385287305,0.7092447775194355,0.5395852628938966,0.21891182782295843,0.11456190754742537,0.0009997985305507627,0.10831739589793755
23.240000000000002,0.29967227016521325,0.39222897918702004,0.6235118643327314,0.8815472763878991,0.9230227446478243,0.9272059085375852,1.1159373350922275,1.0708880573091377,1.2409093820910637,1.2198354725765104,1.3002509004065046,1.3838451196590411,1.5821943799482705,1.4377241955370488,1.4922936655799768,1.5511112496578456,1.4418715359012908,1.6328918767751068,1.539487487823181,1.4588036634436705,1.3061217075732066,1.172656222755993,1.0156185009472283,0.8765545039482334,0.9641182391935834,0.78751711158237,0.7108320054599367,0.5026010742947196,0.19882673490221883,0.10026559601327663,-0.062439976858356575,0.054020054760830154
23.25,0.2553904003122659,0.5428019066865509,0.7430649224180995,0.8309315510994265,0.9841764575213805,0.9507471771782765,1.1116396244813271,1.1710578175248185,1.3702186885022776,1.3705146107219042,1.3275263507876938,1.437614068626189,1.4761401683850643,1.4414342548529804,1.3883886678793387,1.6066358685163364,1.521614946463206,1.7174933008337592,1.5197170737791805,1.421556389589821,1.3099140052517846,1.246899660108749,1.1086483932106994,1.0547211373745173,0.9874358245025768,0.7253917171921581,0.6725211831756931,0.4829630458201879,0.2685320038636907,0.1875936502814874,-0.0004751404610868898,0.07837658335283924
23.259999999999998,0.34070475341163664,0.5159394329665883,0.6418301485527993,0.7332214794722974,0.9645501603278741,0.991075929115942,1.085314437042097,1.0973511830956637,1.1589066216820945,1.1557409508497585,1.194759278637524,1.4155572626112436,1.5137520407090381,1.4616294687597815,1.3565512836550175,1.5946717476496652,1.5069528322413366,1.6814310147864713,1.583797855818443,1.443545591693102,1.3494288317281513,1.2803626368883958,1.0167017338591022,0.9676365025070622,0.9397123190614627,0.7100993577816573,0.6917742253062212,0.6101783710215448,0.2884415915471749,0.23395188557466745,0.031176706805496238,0.14635353834954004
23.269999999999996,0.29719384607736477,0.39745411405481945,0.7158021818536096,0.8207903035111422,0.8663800673392323,0.8686017739111829,1.0855824114437103,1.1783819956594712,1.2538648331754008,1.167343635243691,1.2913613780268383,1.3875905779921025,1.5770621125033466,1.4360547107881052,1.3741870990903922,1.5499630582443933,1.5223235662726744,1.5848356505719612,1.6533785520340258,1.4912435474016204,1.2898106270286611,1.320181551713379,0.9886281460511684,0.9158722723317976,0.9607877909685757,0.7928493459498223,0.6701101332400102,0.5610876364632236,0.30479811332074974,0.1318238150061855,-0.04983214665497142,0.16368083259155022
23.28,0.2760388850570651,0.5596679159046226,0.6559939550895915,0.8370999682388807,0.9190256654042337,0.9407185878820202,1.1781038567371789,1.1383759970148173,1.1679769998515324,1.2641837544628822,1.3689225628565154,1.3817211510101417,1.5406548546840724,1.3556062012615704,1.3653320301980278,1.5903642448993522,1.4102162453132807,1.556163638281698,1.4884629452080127,1.471580070391911,1.3328353189593314,1.4082956341066377,1.0934237444727943,1.0449984796408267,0.9769141108766983,0.7551374702918514,0.7368650708663492,0.5562920352171303,0.30834062700821047,0.1904441039962934,0.06993229904466786,0.1565158243755151
23.29,0.34095441548422917,0.5069947796311693,0.6299030887060972,0.7640393909031248,0.9452015571060832,0.9969204365798215,1.0518737749331122,1.132716777054575,1.1670482887202076,1.216481033736236,1.253837234349383,1.3957675985819675,1.521476553912761,1.400692278871645,1.4643893339597458,1.5768272837506472,1.5127459219145256,1.5549580928234323,1.4433429645870384,1.4384463290123157,1.2626296341494454,1.375666746331282,1.0693911242153527,0.9747778913705911,1.0405597224844676,0.7363483999780338,0.6164398129538543,0.5210616145625353,0.3425556319401602,0.19518868886300134,0.030077797695467045,0.11490207627763235
23.299999999999997,0.25643233808421395,0.4893578571090806,0.6953215641625285,0.8678261204229768,1.0318166546664798,0.9869398498766334,1.2107606371355542,1.1857759034644173,1.171876909786676,1.3442625180887886,1.3171749554711936,1.4432423776133696,1.4900737871033594,1.4093674971120815,1.4559200521878621,1.5883331081311318,1.4221146252172978,1.6223585182486706,1.4906478836914905,1.3826860350740582,1.290304128067046,1.265148561711804,0.9608538051622422,0.9588658392979598,0.9429726832369894,0.7122794081326247,0.7088029459779404,0.5434568777105034,0.2794940018943585,0.11219113719019398,-0.04624071479303585,0.07723471861178004
23.310000000000002,0.3428003298860385,0.5035169048175182,0.6940450644545295,0.8150135204955998,0.8942536815989137,0.9264125380197304,1.200258408561476,1.203218861294068,1.2204368908325658,1.3384140743966984,1.2838263035560071,1.480416378855652,1.5978027664002623,1.4466841786831046,1.3323674809987156,1.5725665411071041,1.4444831777034515,1.6105484482370698,1.4982904848201906,1.3832267205569415,1.3155632700581994,1.409533517749424,1.058713299778466,0.8678981851585633,0.9512590185232105,0.7629948379927879,0.6722185654760711,0.6016302746880603,0.33221371841540864,0.20071465055511004,0.08731484817452956,0.16153607422176566
23.32,0.29057515669457906,0.5427103012393117,0.7054590958187084,0.8840850086442598,0.9540253766467776,1.0137148624146985,1.2429877315153302,1.2166318213224234,1.2606651083682638,1.2613060025017075,1.34557202875903,1.4165813121457216,1.6326817399600786,1.4917007582901194,1.4498263125181363,1.5227887519183678,1.455801399544408,1.5723761358872332,1.4589244564659796,1.4198656066224347,1.3523023243339125,1.3146442489352264,1.0987244359637744,0.9327949558259931,0.9175487518326222,0.7785228967657956,0.7411749912746861,0.4953151704636516,0.2982713520428767,0.10753022123326475,-0.008041012781844463,0.029245168141305553
23.33,0.21687180838133183,0.4748050576276346,0.6301831140757239,0.8625725313236479,1.0429808508290817,0.9882028940107638,1.2110817705612225,1.2223680090924618,1.3216724750129236,1.2374447553905095,1.3424489736325091,1.3952364033693525,1.5264671488290031,1.4300187773988646,1.4182285888902442,1.5817003199437374,1.4553337141104212,1.5306656799938656,1.4640048213102508,1.3650958419205845,1.217649247864911,1.3226682652212767,1.058799388526556,0.9734840134270311,0.9393074650860621,0.7407619150236064,0.5890970099732966,0.4146099528839919,0.2072717473550077,0.27165519029326274,0.07527742154374885,0.0037766224779991857
23.339999999999996,0.3240662734119673,0.5589673742706135,0.6482542359079605,0.9101868479672,0.9827288459890369,1.047652821877922,1.1641486915116765,1.2298922431856474,1.2451902680658469,1.3363896690785437,1.4084714823331885,1.4480028231196602,1.5455792577964078,1.4662984449026062,1.511823204520917,1.4914274340780762,1.4624450815578895,1.5792844138029867,1.5305268535104397,1.449330525747874,1.2562693355756769,1.3189060076368402,0.9609950988091314,0.9373943586635448,0.9544413695720377,0.6809754124759351,0.62364928293159,0.5093634288784086,0.2710504886698669,0.1570293905551467,0.029402716223515365,0.06459710134174645
23.35,0.24508961240732224,0.5828963960644322,0.8172918278120068,0.8653148403697873,0.9415559742899641,0.9905101725100588,1.1579509216515642,1.2703680837757907,1.3326020091803348,1.37462537734016,1.3418847494614832,1.4684710275552055,1.548298160223371,1.3872162797023073,1.3452264951124955,1.4557260134696888,1.324543844201694,1.469735472946647,1.4183649441868669,1.3466046536879632,1.2587728518985046,1.3800501280280866,1.1159898597411468,0.9779823366056153,0.975978614158589,0.6396011258224804,0.499810540813167,0.4695684239938669,0.24936475514437403,0.10022753500049165,-0.07623463794535895,0.09680854979881243
23.36,0.3610611050668414,0.48264332672336385,0.7022485436825465,0.8603982469833896,1.0324464677020169,0.9772176723275185,1.2063737024698868,1.2632473522041927,1.2545749621059754,1.3847730231748905,1.3496254849453662,1.1594911834725665,1.664698814557974,1.4030738613226965,1.440263476726977,1.507283062351973,1.42848898945474,1.5961972211779383,1.4817937310402793,1.3018357484349272,1.4095492521731479,1.3262213781430772,0.9988604324545771,0.8572244999491868,0.9423542229036522,0.7899708611219664,0.7183752114556454,0.5395226861750084,0.16616111277463586,0.11916772328976097,0.05914664565279356,0.06373792486023759
23.369999999999997,0.20221617693965435,0.49474059597679176,0.7491519926730061,0.8558779287153245,0.9805129734962651,0.9705273035820443,1.1346014511250342,1.2074725879856594,1.269072472278747,1.2437769975326955,1.3944824289361868,1.5285685541616123,1.5281180208013558,1.4525755081463196,1.3174400989852377,1.4750220297292973,1.395329201016601,1.5633095875843082,1.3116961903838276,1.314885498359401,1.2879207108920578,1.255038163085128,0.9896553427566841,0.9233079365675061,0.9300593237268016,0.6950746503295859,0.6452294802769968,0.46161681599230514,0.35162088728638563,0.24269385824912498,-0.06114395543872068,0.0850067194270541
23.379999999999995,0.2884441573114901,0.48283354709225673,0.7262054177168287,0.8990595212474435,1.0238640514676245,1.0715204597899188,1.1869838937809598,1.2419859484739106,1.115454952953529,1.2378673690968034,1.4528440011611945,1.6174777273331709,1.5392842158454059,1.4835802853134294,1.4812936043866087,1.4988738849848589,1.4829493788990604,1.6112336721748217,1.3659472231724046,1.2190556172764984,1.2420478970335462,1.2963314204492302,0.988012411308884,0.90309590402433,0.9276794500309248,0.6971964485655237,0.6881503686026198,0.5798732900157773,0.25572503435581634,0.22635893290247766,0.01564159476334307,0.11644848278040304
23.39,0.39006326461979973,0.5570039902641792,0.8318411283711089,0.9664359219533101,0.9849712660259592,0.9727016902630815,1.1279586561178236,1.13252817125609,1.1984554530236597,1.366713132091752,1.3713674883173645,1.5333036498086354,1.6231331086821634,1.4485348649250693,1.4590834616439028,1.4170573298572573,1.5058554772834578,1.5610832951666216,1.4057091665918922,1.2174167483813823,1.2843594348788714,1.2312903534321702,0.9432974643139274,0.887173830916213,0.8419791706512101,0.6411773102755749,0.6661817953177627,0.46896037727994205,0.2901178233654948,0.11017798954729466,-0.07586362692576464,0.03640041204287927
23.4,0.24294045989232244,0.5282066677127245,0.7685716668657364,0.9226513956723629,1.0329669870347513,1.1202575077271006,1.227335171530283,1.2433402727448368,1.2358573890039153,1.3034420965858151,1.3924933167965925,1.4722791285527739,1.5091870163009249,1.4825874718992422,1.493584639847031,1.442458514469376,1.573354690322587,1.677710613841545,1.365200528811982,1.3052221503669668,1.3572560607977655,1.3383012586325078,0.9467123458228557,0.8030380203037192,0.9661021168991287,0.6107367025323902,0.5828659133057409,0.5009326684253032,0.19296968919550656,0.14004702105769876,-0.07990191914936286,0.06220658110838918
23.409999999999997,0.3026867197996235,0.5305761250946882,0.7506211871492294,0.9040002183117374,0.9681481343734218,1.003240159855212,1.2354312306318584,1.2139871596640448,1.178370471996506,1.3858094396952274,1.3209419950113968,1.405395652594474,1.6002951835816388,1.4417097615797227,1.384002594649122,1.5468987936175713,1.4604625336879407,1.5733523449748925,1.487019788215137,1.1903961580012454,1.265535702775222,1.175325955701995,0.9295148285683245,0.8867367884778872,0.9773666744751931,0.762880008650308,0.5683517997345422,0.43982153281688574,0.3014329418580213,0.16984334613456079,-0.05031274294967913,0.0670272629717305
23.42,0.21698105373214038,0.6332991965697865,0.7847832729318537,0.7788593543030703,1.0267388109186577,1.0125588401116292,1.2043668831187375,1.1629919053229014,1.202553789378745,1.2296239178712867,1.3804333625830003,1.5036677248336228,1.5215019379712922,1.492023790314488,1.438709946289448,1.4418279158822027,1.413931147441198,1.6570969276258327,1.352038964102253,1.0978445101104697,1.339511986863976,1.3506141246293673,0.9402279674979426,0.9154876967479469,0.9762561412722282,0.7209544378205104,0.49948838438733373,0.5039356693995224,0.3412348662847323,0.14893225862346562,-0.03950844740043371,-0.02748263684247908
23.43,0.323088740772967,0.6123665037198871,0.7963820142824545,0.8892151305540896,0.9803200140951596,1.120090234082673,1.3411737626066558,1.2668603462477517,1.2391301693827514,1.2623889968160071,1.2915523898376833,1.6114057728175228,1.486214645237644,1.3898986766791408,1.4163935583871996,1.4150588341211277,1.3597720387062868,1.447077556100685,1.3828353440591072,1.2692131831530065,1.4102337436073138,1.2903333456420871,0.9750480144576315,0.8673666490343802,0.9796640871222095,0.7131120513453537,0.5746052242955085,0.5086674345601802,0.3297586526244162,0.18791015109719045,0.022176603248301535,0.11753583929043149
23.439999999999998,0.26477238449183305,0.5719661552969626,0.7395218873609457,0.865707868284911,1.1133073466291186,0.9810121072753086,1.038382769939268,1.176216868634694,1.1386957367963622,1.2319803473302857,1.2967750885150977,1.4757708796580444,1.470366467684683,1.2681270349007119,1.4060744557438212,1.4510567532383418,1.41058563734401,1.5219910176216498,1.3621626145377426,1.1061544747277763,1.284251357039589,1.2783875630692563,1.1208071197185197,0.9300689783107432,0.959048806963713,0.7466782744461082,0.6332928850637612,0.421632338903014,0.28944134462482773,0.20187928234583524,-0.03474780016984458,-0.006313152745687625
23.449999999999996,0.30297109771801345,0.7180452737248126,0.6355464185706038,0.7135469935596636,0.967945289136791,1.077621549766891,1.183322628235687,1.2065510143593452,1.2517552145196882,1.33345197689547,1.2867221413223229,1.3915020280302208,1.5517919019310085,1.4940598733294659,1.4388111746857275,1.3649374141634956,1.3039814083988377,1.4977717097220127,1.3483210652481252,1.238176754167005,1.3829595402433814,1.2619004720987528,1.085573121967942,0.8608170688056507,0.8540625270608058,0.5495972671872649,0.5008911317101243,0.5097641639439341,0.3739601694322041,0.26045204165555874,0.04531483786372873,0.10799775452008066
23.46,0.28475247771618434,0.5328654289882678,0.8550828490643638,0.9260730418466012,1.0236707551197464,1.0430480657184034,1.2013153694973275,1.2819918062682627,1.206168191453407,1.2158680976397511,1.245671958808519,1.429051158647836,1.5784383423180164,1.5504489872208527,1.3821474677079182,1.36410868734066,1.3316948839470288,1.2978074407469493,1.2958024701747415,1.36892408162583,1.4433027292357457,1.2994191466349434,1.0486387091816531,0.7816737591361859,0.915598211151795,0.7475606951489472,0.5244962035359704,0.4688342798731435,0.273097079304685,0.25497515121572756,0.09236790224328789,0.010997989537812728
23.47,0.21193812189811465,0.46717141515680766,0.8209757945526219,0.8694864802183763,1.0410840079026094,1.0164830157406124,1.1769168543118504,1.1776761783106102,1.1281334310071793,1.2909989870277343,1.2995262340327556,1.5189262255261324,1.5310721467375095,1.444068196415421,1.4024101783045129,1.3806057043578883,1.4293913013766553,1.5991537555575617,1.3090563583744146,1.152222922864652,1.2913062168575498,1.3449205688476047,1.0784773678022153,0.9152172107833095,0.9224354732630071,0.7759056012463599,0.6185703955994943,0.5464786667920136,0.3561434302727675,0.3021301409811635,0.0713280826279842,0.0016736658127861175
23.479999999999997,0.38092902249227545,0.6015294146562346,0.7522974465950353,0.7410485580476238,0.9499436547516454,1.1127528573458352,1.1987284386482813,1.2818051021136796,1.2557171421414717,1.272456301077036,1.2698029615244373,1.492228618606219,1.5627853430491856,1.4074754890510681,1.3601793048794177,1.272609747350698,1.3268826827912366,1.5091893873422622,1.3119680343610691,1.185644339335044,1.3154112946481253,1.1511088998027985,1.0208596353339499,0.8700068708514214,0.9496269386936095,0.6988050697115065,0.5203895603921199,0.4417320202465882,0.19213000157750235,0.24844769219279458,-0.01673567707010252,0.0633876257025665
23.490000000000002,0.23905498735617658,0.4977749943977475,0.804540738417266,0.8501188628693518,1.086460655407094,1.048985368767435,1.2167658504586543,1.160150727950818,1.1928045019167364,1.2773900389349293,1.2013054052319183,1.4032328535020946,1.5445896820621527,1.4328058570378812,1.4386922359896879,1.3842873808312612,1.390751847844349,1.4623102538040798,1.387297519855077,1.2962159146366872,1.4046328031943378,1.1954445163704592,1.0424899471186275,0.9314038737060277,0.9832057441310571,0.8103107194249723,0.5666563586333879,0.42028146246515025,0.24488023340527823,0.21908831725292743,0.06904500504411994,0.14678639009340314
23.5,0.36541787810397164,0.6361245564275207,0.7466355396448878,0.9958398578530819,1.0129259253077623,0.9223248534953163,1.157769165865322,1.1675300166099618,1.2682111282708224,1.3161489325005313,1.312166644507545,1.567199926514672,1.57361839173239,1.4468595419564576,1.3452641348153844,1.2590982286777743,1.3762276473108068,1.494180555569445,1.3427684589070383,1.142943968538137,1.3709678775792218,1.2908083013123566,0.9637384144815109,0.9163348016127915,1.017357340262307,0.8357457704093757,0.4998198432140265,0.5533831198029084,0.2720457271163877,0.2688972256668829,-0.013450211237707059,0.03137363292496971
23.509999999999998,0.24999230332491137,0.48888595948047464,0.6141159077215468,0.9065059766770854,1.0599499640398076,0.9867508371319815,1.1926263676327704,1.150324675068922,1.2795946460206957,1.140799216352088,1.343275240930076,1.5571461832228626,1.503161662100283,1.5097607845827237,1.3786901775550355,1.312025626679974,1.421302390601163,1.5417581860744982,1.331863789747872,1.1973508671658906,1.3071408076195412,1.2508480184882387,1.0793075250513526,0.992600505584375,1.089728613041205,0.7826221888065457,0.5945233756612341,0.5834303896166457,0.3173715323039773,0.2712911542576196,-0.01725725719932325,0.011447231890036116
23.519999999999996,0.3114235805479183,0.5836893185942037,0.7398974732386334,0.9353849644478749,0.9508713569260544,0.8453243193634639,0.9610160521800583,1.1964793482579932,1.0831702772357097,1.197828138197277,1.2560292756312301,1.497845378693526,1.5245944236935727,1.4471285168382655,1.3730339589184064,1.3334152341356302,1.2806776457043116,1.3911760806387012,1.2151775963614375,1.1620988368513996,1.3165915766886354,1.1363540065589555,1.0289397572702954,0.8849712018036108,0.8865738540153668,0.7450915786579948,0.5736630628746825,0.5129341249975092,0.3508845316594401,0.19847825273476696,-0.04014131005862599,-0.009881722138316437
23.53,0.35272390199500014,0.60707578850819,0.8250173361347923,0.8386813618477259,1.0134669010663842,1.0123401544645159,1.1761964831027012,1.2106401118160572,1.2975528136722796,1.2362424718738008,1.297541799605431,1.471813194158399,1.5573949284701705,1.4642563919054519,1.3434819059745298,1.3406646071923105,1.292097877889899,1.419744263814684,1.3085404476581122,1.2220450318443075,1.487881011966992,1.2386006107283614,0.9863972825534661,0.9662659027236019,0.9491390793955637,0.7372054690084415,0.5515026079192132,0.48176288127905753,0.22101785516760739,0.2058534471789545,0.0341124447771016,0.10784698679345676
23.54,0.3249722567579173,0.6045835925515984,0.7086065818291751,0.8490664725469185,0.9669117938359797,0.9927520783527197,1.2516395051381932,1.189398936702518,1.2118391400187396,1.2354891505405754,1.2852636946448264,1.3609310909640404,1.4856178452307605,1.4169943425362121,1.43026422454497,1.3986296926798092,1.3665088093681965,1.3978722192602167,1.2332284183721576,1.3121338039246049,1.3526332633577336,1.1937409935455976,1.0042358012887571,1.0026791788867035,1.001416591160553,0.7735847566640321,0.6207932237425458,0.49474735468122283,0.28872574679457574,0.24674496369935278,-0.05078920388085057,0.042496593796158263
23.549999999999997,0.3004961590864981,0.46949329661326,0.7117514617643448,0.8732669708548416,1.041574843437298,1.0016276256870575,1.1767298883956987,1.176735869781723,1.112864558543719,1.1593786194062048,1.2475668728967382,1.5808590489479626,1.540574147026902,1.3771300655573229,1.4072366021292078,1.2600236192484005,1.2986056359911968,1.4026590786900803,1.241785634512142,1.172621139202745,1.4122099263363064,1.239694765898825,1.106366950357509,0.9697940565577363,0.9463886391700375,0.8273898303235049,0.7072408093859276,0.5961691962276404,0.3314809761059048,0.25013562425462016,-0.01659420278018163,0.077702648509023
23.560000000000002,0.3222383573502755,0.5966057368537379,0.8183563380282852,0.8915221533884302,0.8971912582658468,0.9626615285256267,1.1844018777937355,1.1466473658967167,1.174472107006278,1.1690928171291546,1.2747068568734703,1.4400866416025924,1.6185328179196155,1.3918298070336816,1.3000624757548565,1.3552034550693461,1.28986671660427,1.4908503830706665,1.27647664751489,1.2042872556114999,1.373401956308357,1.2668861969757115,1.1067725156281982,0.9389174213724991,1.0752594098490906,0.8324395168557769,0.4606251447221814,0.4819983069549193,0.31095707342786266,0.2913112145242198,0.004265516258965509,-0.03525336061606726
23.57,0.3503374311059647,0.5187620709658562,0.7976703481218376,0.8919284771559672,1.1294843329747364,1.1007617249442971,1.2597720596637494,1.252087802186847,1.1480126379504008,1.2682330385764857,1.2844838549806605,1.4438934761178797,1.5000086405078181,1.3954809604884717,1.4242305654932421,1.306949516909263,1.267876678939499,1.44012757613372,1.3324792624958652,1.22172807033856,1.376885557022724,1.224130708569178,1.0535658185154628,1.0543565774984718,1.044377383291023,0.8016037953794314,0.6044352179267898,0.6328812259520253,0.3799068035140442,0.34647089861760605,-0.0011258481892850733,0.0637102503783444
23.58,0.31160937663684407,0.5228580459324352,0.7300025609504994,0.890614650506921,1.0356518229999518,1.0013701920245826,1.2273719260452283,1.1591801643755109,1.0769774769068652,1.220809799482867,1.2054680778135254,1.461198121034436,1.5966917287261644,1.3796016887592557,1.3301110008195327,1.3691668786232898,1.36488442646783,1.3488694344545942,1.2452587345381767,1.1918253434696187,1.3644372182063103,1.1453770757026434,1.1240486212036567,1.0096187402169334,0.9222898275475452,0.732910056568748,0.4757049466602034,0.48600284743218375,0.22017217487246427,0.22350464551558338,0.002294712546555,0.0926544315664358
23.589999999999996,0.32475666115563273,0.5847279942143019,0.7810653630389187,0.861438887065437,0.967441760919817,0.8779541497891028,1.1322774313741395,1.193572982298737,1.3133255062363103,1.151080722338149,1.262438901395805,1.5095114831231675,1.6243984848553081,1.383306035055142,1.324912547277884,1.2946071781060309,1.3486397293640862,1.3832047001589225,1.3298760177303601,1.1624560298444626,1.3420100711260208,1.178129039976597,1.0284083035489315,0.9446571168018705,0.9371448686699703,0.8004692935989378,0.6576141676079614,0.4792701313890943,0.35726427017043033,0.3347584430244349,-0.10351612477694652,-0.0242870858871288
23.6,0.2661376783359717,0.5108623048098228,0.6963947867111278,0.8471901456308933,0.9774808539746875,0.9189183867971841,1.2340186629238674,1.2002755522859878,1.1540991184966167,1.2662736958561023,1.3046671147653282,1.47144207805492,1.546303012195636,1.3929919098031642,1.3515554213979333,1.349964852936365,1.3167975219066952,1.3509617869968245,1.3129269290811556,1.295344829692593,1.3883982781607263,1.2405947293866453,1.1004629758241533,0.8374502892778186,0.8639191615967604,0.8195379142680108,0.6760913222289843,0.4888760509280427,0.2627595518803787,0.14174762433858143,-0.14032378076159138,-0.03855932122006547
23.61,0.28785919634654267,0.4916682848524468,0.800772474069721,0.9277319932752344,0.9657183648687258,1.0088333735707409,1.2339390713074188,1.274462087220387,1.2264290940686255,1.2290767665107933,1.375600784179381,1.5293690122934998,1.5603018640726445,1.412542484767583,1.4959041219690057,1.3846658626192345,1.350998644438922,1.4446940430594701,1.3780121164707018,1.1764783439201283,1.388228480307633,1.1394982367331234,1.1640850609566091,1.0472979544645626,1.0894851227308138,0.8758552454596296,0.5861331741495095,0.6400925330377004,0.4179893327728638,0.2415512111673024,-0.027884693606928197,-0.03927276187462451
23.619999999999997,0.2977572128151948,0.6337245590845394,0.8071792569691167,0.8556377285829675,0.9259374184690629,0.9338852506285259,1.1513143600704545,1.2197909581931499,1.2723965022709403,1.2140552028299665,1.2318889572403253,1.4338840721228212,1.5815348655779398,1.4651542547879213,1.3755510848963755,1.276092915631224,1.3888526449982486,1.420291021471315,1.3316491357121039,1.2040020717334226,1.4082210239348156,1.22284863345055,1.1883382136360037,1.0687207632691904,1.0101594969636332,0.9436720056400427,0.7306483806526892,0.5540670964663708,0.19766808309877892,0.18711320727241182,-0.034244728111450545,0.04104988300030817
23.629999999999995,0.3783995342952071,0.6193991486853396,0.7480631687430437,0.8195922065466225,0.9140738327791289,0.9823724030197704,1.1693356680252236,1.1733840883679838,1.179765776203755,1.225427492442496,1.306565964452814,1.5084500118063984,1.5219328605516376,1.3536361804493586,1.4142249607603974,1.325427083059984,1.2727808463736814,1.368871952475263,1.3164317998299015,1.269714333339659,1.4461376285582968,1.2137580896587399,1.148111798106396,1.1273934735329498,1.0009048999602035,0.8832348510663823,0.6488199919418304,0.5825555812582034,0.31534853019764686,0.2837506483588298,-0.06670894736152012,-0.030767544250757776
23.64,0.3139606552280057,0.6308891374139652,0.7829052352377143,0.7942390228030693,1.0529913105890534,1.048254753883541,1.241304398541112,1.1868374658454752,1.1948607167762597,1.2676184800881545,1.2732787958076432,1.4579541131199782,1.469075046235004,1.4368001226208824,1.2880321852445595,1.2650402018528457,1.3400250003000034,1.2441620729994283,1.2717755467237453,1.1709078633604768,1.3573208956676335,1.1834375880839492,1.2606486611249443,1.1338766846906891,0.9887723988335362,0.8550107739302455,0.6713385070368971,0.55286417653651,0.30495899194582604,0.19329217509227822,0.017656813925523998,0.11169025942398167
23.65,0.2798026128557909,0.5304085082971675,0.7227118796269169,0.886963449151466,0.940206718967165,0.9661843643969031,1.1693959109473984,1.1766132753491783,1.108222081465598,1.1928425371447695,1.289849294746432,1.4343240788144904,1.4993354248443842,1.4781472031765097,1.4306189453827944,1.410037563972034,1.338809624383677,1.4529478233438216,1.422001372895516,1.384425302768015,1.3154531872132846,1.1372473462915473,1.1753094363889982,1.0567013496052438,1.0011596249553085,0.8756446450572447,0.6125737132835104,0.5306268361774266,0.2875140915784415,0.28098489995018644,0.01417493397871323,-0.0018836211542191464
23.659999999999997,0.4029671808846358,0.6312395109756349,0.7737088185623997,0.8596362358056018,0.9643206366989867,0.9853712662929462,1.1922180187444993,1.1220379257905324,1.1714509768913177,1.1537066448730056,1.2416057444321476,1.4713352621383553,1.5641470318639277,1.3731152904721093,1.3818487588637853,1.3733024117598815,1.4446083042528097,1.5164227655261147,1.2418897098604278,1.2515528617135327,1.4121465404984541,1.1431859987744308,1.1510320808741907,1.013927822963677,0.9453294871608863,0.8423679636444272,0.6895751857309831,0.5490612009897594,0.3923985079491819,0.3278128842258372,0.04393209462579947,-0.05586751788301738
23.67,0.4565121580606617,0.5673083583768909,0.6728428921706624,0.9314154937892881,1.0450596823635343,1.0979378842328875,1.1813525687371946,1.2543157004831138,1.3079745428886111,1.2302589161714157,1.279884436425615,1.4884077755015375,1.5888527001345283,1.496207948728251,1.3642137621667492,1.397014744006607,1.3925786457348608,1.3115201914432826,1.327968245968585,1.2973913503562826,1.3031637654008044,1.2575567516795991,1.2209799762320102,1.053291078633318,0.9416193765872194,0.8259614674651148,0.6536917970795405,0.4802511905239711,0.30609624599029933,0.28375361699358564,0.006673864013182863,0.1160418953447977
23.68,0.3776528233322878,0.5358032558731198,0.7892476134908839,0.8190362186855382,0.9788376128892856,1.00524081125409,1.1707001926006004,1.1839402764779876,1.2463100456179819,1.2426478714578861,1.349756884637051,1.4601995041554112,1.4785353326355213,1.3941768580280447,1.3452101817245432,1.3840471521654916,1.4564043331402563,1.4421303335296032,1.2887882317585655,1.3678859423667264,1.407462410885468,1.263517829505916,1.2744593676724634,1.1508755584164092,0.9245191149047243,0.8334010654270363,0.6203062579805848,0.5352397997891579,0.2705451371443385,0.32009660693296127,-0.06525023898923268,-0.009811054327911427
23.689999999999998,0.36403988144837507,0.640749381394075,0.800242431800826,0.826736345734737,0.9954780761620711,0.9180167187232893,1.106169122872207,1.1094918438312675,1.1862503477022952,1.2286234078000309,1.3519793602748424,1.5726052685709142,1.5423819532064844,1.496039985443285,1.3752777788479442,1.5034597671623362,1.3474916757880984,1.4009892671441944,1.3320003790725297,1.3478557937316138,1.3465957267331592,1.1012823940378826,1.178267487717526,1.0581995739419083,0.9849508255730254,0.837113758954825,0.6809359312965951,0.5746597021304526,0.38306885908340815,0.27883737032365713,-0.02232452286225122,0.02633889178590333
23.699999999999996,0.40782804091030656,0.5473624228345487,0.7884845529849125,0.8896294878210566,1.0909520960835621,1.099889102981246,1.2379212592516942,1.2471307337900295,1.2568953876281144,1.339222930735773,1.3517554625979988,1.4245951347382828,1.6182725677856398,1.4376826173698265,1.3101089711743272,1.3704463736316086,1.3644948057489281,1.4810547801326415,1.4321138930166704,1.3711874952605334,1.3572136367497691,1.1868647496694078,1.2115590021529417,1.0113116094690082,0.8982822799683273,0.8212636052790809,0.6581009145076736,0.5108286452937805,0.28327286765062226,0.20991986265178542,-0.06115299890154279,0.00625944698743558
23.71,0.340014579279576,0.5374143323487889,0.6716757212843325,0.8002741784531056,0.9512682992785055,1.0354386323735305,1.1209957126578383,1.2924629927462912,1.2788139860080683,1.2684957530069156,1.2710908114554291,1.3952761760355634,1.5418376651095853,1.3944233978978422,1.324525903606146,1.413030324289101,1.4577228639511817,1.372984309347175,1.3560612188099155,1.2563480076342979,1.3306518829767309,1.1705406088124584,1.1416387509427388,1.106352468073872,1.0515928292993457,0.809168738043643,0.570391540073364,0.6102411941770144,0.28402727294266195,0.2797932983829222,-0.004008558145582203,-0.05135007743150866
23.72,0.31022824771186686,0.6134176871044428,0.819760822502285,0.9279018785697862,1.1044920025338794,1.0610628444403538,1.1738874145106437,1.2404642255448073,1.2863787846802366,1.206062343090112,1.2762401531796503,1.4096885934598138,1.545658699607031,1.4855971415533598,1.474938069656605,1.434236747739039,1.3524901305892396,1.4446359201833623,1.3511290092143269,1.3114382425042648,1.349627839920298,1.196618017553157,1.2096317063130135,1.1846874075674887,1.0414046381116357,0.8827514455438736,0.7123344573756019,0.636810707573977,0.30578732665764885,0.21394164743905145,-0.1267973207379233,-0.04192813169152563
23.729999999999997,0.5199259223545014,0.6404396581995354,0.7498823277000828,0.9468645477706061,0.9996349139595104,0.9165766678245789,1.2054490951829873,1.1879747951603887,1.2815267740284697,1.3832336651321604,1.3827496976973965,1.5253664145080832,1.5994273837459754,1.5393995291326406,1.4746803865698968,1.386815537161576,1.37309614818081,1.4322958958255598,1.418724051556353,1.327382028758204,1.3383203893874744,1.1773028693832621,1.209070906942882,1.0811478445430358,0.9059668675673859,0.8344994817991059,0.6146991548980714,0.4705660382657429,0.2533208318275306,0.23039879762240809,-0.03360970689410975,-0.05859535184864362
23.740000000000002,0.393685537682611,0.5993321132905014,0.7037108595150564,0.8883515881058014,0.9584779495840614,0.9742125066756898,1.1898609876782165,1.2127465421611503,1.291080808584091,1.3114639930088738,1.258686470185118,1.52119506367184,1.54760748757646,1.3473584607435323,1.3879546541685515,1.4387024162334674,1.4429006344647264,1.3955129298520588,1.3587689993712846,1.3133794154420317,1.332559101103342,1.2601907549762572,1.2466204297988348,1.097429575363297,0.916278671872053,0.9102311607160111,0.6000948942201841,0.4793304876199179,0.320159370750758,0.24965214070297698,-0.15192392568525956,-0.03788039109577059
23.75,0.30030327028752996,0.5192818081366591,0.7408611913556273,0.8703453936334082,0.9780787026981873,0.9762840933642825,1.0994382071850286,1.1706921060489002,1.262871057669226,1.310617026286474,1.3436474091430033,1.486418669509023,1.6389915515809557,1.4177358644049316,1.4726103715044159,1.4314798803414095,1.3852018622366111,1.4543348669548821,1.3804216814001953,1.23067081932252,1.2749641557873144,1.1032166965500445,1.1337345323956094,1.0786585533352073,0.7646377248420873,0.8759442434228406,0.6872861426971936,0.48972599613716816,0.18862741615547438,0.16173731852350381,-0.06672906340308411,-0.15716110024141017
23.759999999999998,0.3748743211806651,0.5859566842614623,0.7561264200172677,0.9310758984806833,1.0249295375051188,1.1340094562271053,1.173195476725332,1.2237352750516792,1.2067210536323987,1.3604733238433069,1.438100532899105,1.6051350482453997,1.5316811584340673,1.549155446480504,1.4506321821987238,1.4236981178071488,1.3344370215470471,1.348954159011018,1.297499139368369,1.446378280118136,1.3826116158345778,1.1384682457691642,1.178776105900879,1.129154144495184,0.890314186847215,1.0262595585988608,0.7421292585477096,0.519189651746333,0.24813891288127485,0.25212234348142576,-0.10672539462958562,-0.08810749152162267
23.769999999999996,0.39453405701746647,0.6300036870505146,0.80178730814423,0.9422397887325065,0.9720940875429985,0.9678916683049554,1.1178745741031415,1.1246662866162276,1.2854798490325259,1.20904928202635,1.2950261515301142,1.4797033622719598,1.5901387652086787,1.4541731487168252,1.3733994904803208,1.4982381014683734,1.2847213136265832,1.2999717103262984,1.242882081247676,1.2470593805619243,1.3096694590996112,1.1442959201346272,1.2166705016270103,1.1242704320600785,0.9429655238320047,0.8772861231894147,0.6150591151353825,0.46599364097858265,0.2158438509653961,0.11763084463718448,-0.12465154201104547,-0.1463124218860306
23.78,0.4181385123321565,0.5944947328885206,0.7533113774023964,0.8579023872917124,0.9562885449740928,0.9415751868513215,1.1738065750752993,1.2181361185543473,1.1947059902600248,1.3535937860677967,1.3734784575858328,1.4709600909856895,1.5728722917446725,1.4213625479807814,1.3221184153581467,1.427515379878378,1.4856322697557114,1.3890609384322012,1.3611892793180753,1.4290574724980007,1.3643969741352886,1.225145088094005,1.2958887144648494,1.194987981181565,0.948549058610733,0.988412674420396,0.6922425445852892,0.5360256595448365,0.3057763423486665,0.14022986468400914,-0.10313912486194252,-0.032400947949643426
23.79,0.49397770906473853,0.48370373112069054,0.8202927354674049,0.9017795081818527,0.9116482404997813,0.911304706816152,1.1075972064371489,1.2679939545323753,1.3725454821020864,1.3153750059399874,1.3819373879798116,1.5140339946724657,1.5174008763868416,1.358013904159127,1.484745052541358,1.6132792820397024,1.5092503469076908,1.3552200610569847,1.2526865405572036,1.3831869684924507,1.310887516201474,1.1331556895916997,1.2379478966302428,1.1834254370309871,0.8066938732467828,0.8078289832448419,0.641040375694369,0.4890737306172091,0.26503942699262384,0.16031955800319214,-0.05094752063080474,-0.08854273014205731
23.799999999999997,0.44108689174589655,0.605668775524722,0.655772078202808,0.8195258617599883,0.946876508671656,1.030694541217925,1.1441501129794536,1.2965880678366817,1.3204446784150505,1.3425570112616447,1.3886684804821718,1.532673798058612,1.547598241487124,1.4300489128995315,1.5119152515630603,1.4437906866355774,1.4203798610872849,1.4097011016229886,1.3185208000119562,1.3664781943792794,1.2670285650453113,1.2719908241664555,1.2251070173393492,1.1430173575086815,0.8535844773165916,0.7807417938314047,0.7613039570315878,0.5040776287315789,0.3184241535095168,0.19047182911956367,-0.014017426483263323,0.04790436221472734
23.810000000000002,0.313540604006683,0.49066025981870404,0.7449454486931695,0.8794125454703847,0.9672317336580023,0.9488214140959313,1.0671976601064537,1.2283372169813151,1.2932135108768585,1.328725804777708,1.3582126416717522,1.430377118354176,1.5302861049012075,1.408002850358364,1.4017789904974007,1.5301010002575917,1.4797542229969738,1.3268277693695865,1.3380053307591189,1.284642355219966,1.1841139816855002,1.204041804884966,1.2372600142985155,1.0699070700894506,0.7926978732357575,0.8825838743897942,0.657542799436452,0.48099327241211864,0.351836521451314,0.18867015275923138,-0.06286342633066415,-0.02638123772028232
23.82,0.4139656968676316,0.6212455401668384,0.7622564499058485,0.8020013012513558,0.9854734096076394,0.9540582245363758,1.1311752050823567,1.2192296625646488,1.270961097785078,1.2158741105975446,1.3335188763181294,1.4504233252819325,1.6124808557278811,1.4827765554660242,1.4847894386754699,1.5519249431929456,1.387195391151742,1.3221757788984643,1.4019024238839157,1.439550083682597,1.1606477770638313,1.1138589813870334,1.2611791162131243,1.0772723352477913,0.78357602445054,0.9226252094697232,0.7629133318440838,0.5218136011454177,0.22471372388126418,0.07565854144328027,-0.12089873356322732,-0.07616514382725494
23.83,0.41753093996892165,0.618961185241929,0.8078336449646321,0.8826672631247776,0.9238351899115077,1.0026332856713602,1.1861997470564134,1.2585893383894804,1.379731243189855,1.3882746286193068,1.4097687677057886,1.4264871651007718,1.405202969033511,1.4822106931029417,1.5220108366434248,1.5021083760454297,1.4991306143554757,1.4276689420030815,1.4996330904485002,1.3662289854467162,1.1259192398039384,1.1238265462521368,1.162557033736579,1.0736461057675102,0.833444609805611,0.9010555843775151,0.6875619854582278,0.4318826019107372,0.19213207912734748,0.21105428232649967,-0.0222685356424177,-0.006020019438186287
23.839999999999996,0.4426655553696205,0.5556168990125295,0.743726570620505,0.972392717892372,1.0610523998453973,1.0794583865696605,1.1881298448269326,1.1834106860711537,1.4161224339561493,1.345102532131679,1.2730910930638315,1.633112233483647,1.4447664517379422,1.3664172091306195,1.4921326821914473,1.5239205927166546,1.4147734320346184,1.345548483848217,1.4278888651491146,1.417224617705663,1.256858601920957,1.1573287699697465,1.1138937358945664,1.0724569158665145,0.8774542122286715,0.7885666853156623,0.6453341298064618,0.2750239779121309,0.17754203022020817,0.09414442365978666,-0.07594148376017855,0.012294315988777504
23.85,0.43850212494087293,0.648755062302351,0.6941358927791578,0.7735794976529629,1.0004534619676226,0.9803758623295393,1.1407054980075935,1.1563868681418104,1.363059154735179,1.3443182006368928,1.3242554950291117,1.4463397926982362,1.474977754338978,1.49549671684851,1.5253590486577573,1.5155521500660423,1.4878868298424308,1.4055363408201065,1.3618641927547,1.2927312936006243,1.1156615195816972,1.0253375662621018,1.2090547683608635,1.1968235575024224,0.7797454022933019,0.8925461742515557,0.6357895979819106,0.4942729678923409,0.289009696124741,0.14453276658577002,-0.06187679790911589,0.06193135098943789
23.86,0.36516881619002006,0.6660350569615268,0.7324470055026873,0.7797320712409197,1.0390358014764232,1.0403284515978006,1.183873214396972,1.2322966543378395,1.3216637928548327,1.406679274128773,1.3549291650505069,1.484891020913462,1.5721850219536564,1.6017856327744147,1.5839624359141515,1.632573613037166,1.4921642409940072,1.3704626905162258,1.3291393465862027,1.3580325146606198,1.17531421199637,1.1170638939359248,1.1901680565588284,1.1344138212800923,0.8208401984723638,0.8285475063240073,0.673929738062716,0.4346444033563222,0.2055052990952057,0.19611231544209437,0.011508202048038117,-0.13987582731857362
23.869999999999997,0.40415837990575815,0.5484180084470671,0.7215964874396882,0.8016704263250994,0.9341457913489681,1.0816536171118702,1.1692572060133721,1.1808616248418722,1.2646034858087032,1.2568765424583683,1.5246239834520137,1.5508237691446611,1.4252528507166848,1.5179975661395104,1.4457098190312248,1.5238990267629438,1.4629498312677116,1.284934959168455,1.3118603907472086,1.5024938496217506,1.2629597660330898,1.180676361856134,1.175128028475561,1.1736212744591272,0.8711780496103038,0.7430392821941993,0.6204571691217017,0.3809322625404522,0.2469623772894035,0.19237886321835065,-0.04780409472939888,-0.07786327121330405
23.879999999999995,0.4669759185324398,0.7135421346478229,0.7092203952410064,0.8390446666669884,0.9607537887500915,1.0427987910159564,1.150659591320217,1.2918893752391418,1.3830641168988995,1.4145950569734411,1.4484944372989694,1.5079136605776295,1.6369614089095252,1.5412214563057334,1.5012904809940497,1.4319152636581918,1.375962068245306,1.3597810106891015,1.311712132777545,1.2999089122837297,1.1791617370059138,1.1416418007870242,1.2082096447390118,1.048519954854678,0.8988439620106652,0.8557040172601336,0.6757871105179915,0.41638234471483215,0.2837620579290459,0.10943760325321679,-0.1251552961121148,-0.02815962319456629
23.89,0.40231359694845814,0.5175951722879624,0.6819873758607864,0.7497991739798283,0.8412333671637047,0.9931601111623355,1.1907574788988773,1.1542692678867446,1.3473154309716746,1.34180563403154,1.4640258633914067,1.5899587016270438,1.585703312281114,1.4907335132412616,1.5073490568678798,1.5212916973937638,1.539052564416831,1.4177921403455558,1.4006405552064711,1.379034815855235,1.2776503356818343,1.1936914193508876,1.2558128940616327,1.1317272432875727,0.7001320871791264,0.7894475121755166,0.7467490972188378,0.45400061568753525,0.3419413104362101,0.065550878754062,-0.1852582592720907,-0.03646782482821967
23.9,0.4536954519120286,0.6205522268487667,0.6968786477187306,0.8169917467917449,0.9022236352169122,0.9669046536545787,1.140156743019613,1.3250419904828477,1.4585038765492788,1.4169896580843437,1.442940016195021,1.4905694522633375,1.4186900948506909,1.3836854597840245,1.5341816835966033,1.5575815769546513,1.5653881365805544,1.3463215691224106,1.4873342036131478,1.398496461240422,1.223434362666537,1.2001138488895626,1.2376975715560585,1.044156988814336,0.8186827760568846,0.7653986323199705,0.5119537925138441,0.4500942692033338,0.3544990048088028,0.052409188691037625,0.008298288438693572,-0.048898846595673263
23.909999999999997,0.3815223008301062,0.5445291402864405,0.686778878140197,0.8114298252673594,0.8736094809749898,1.010363680682538,1.0267174738972626,1.2037197655425904,1.391679785469088,1.3692632524249437,1.3702214129921162,1.4348218812977906,1.3782337238184355,1.4502175452549735,1.4681935747322845,1.5098421247481506,1.3865231571020686,1.0662335202516093,1.3637367453910263,1.3248378860856078,1.1843634525968376,1.0888354889123764,1.1850029430489692,0.990052730507754,0.6617722744878498,0.8008739334647812,0.6551269119420106,0.3812510311896141,0.35400627121947,0.16414694451912595,-0.06523568565895019,-0.05604650174112188
23.92,0.4379865245067135,0.514252658364856,0.7120808131169153,0.8493098989363566,0.937884333235582,1.1452889489976246,1.1550944973861392,1.2764101031242492,1.4618203323707484,1.3810091546966718,1.4373929402676928,1.479850412978662,1.453017482755954,1.5941652097900212,1.51797161469425,1.4785798347973178,1.5185696079871371,1.3683009589201127,1.4324832114048909,1.4084862677715557,1.1471962145922245,1.21956896657521,1.31170521667031,1.1261366759227813,0.7709600897552117,0.8526427342273614,0.7769988381050329,0.4745594764752491,0.3737355265096365,0.10185452996189397,-0.0034470232504998765,-0.028228539678815348
23.93,0.4637859353818371,0.5468525496062062,0.6249239555016454,0.8228574572731295,0.8909725310045151,0.9795846968313744,1.0878080845458271,1.2249079530058753,1.369406149039594,1.3683394335171783,1.4069633055166888,1.6108638153448223,1.4780341239451045,1.5279921796741704,1.5811535728919148,1.6407409223494385,1.5596475681099309,1.3888099631516824,1.4598953628877622,1.4876071266678261,1.3182039217090944,1.2434921390638278,1.294769071409009,1.1127860867461274,0.8906123423209009,0.8015702487289131,0.7089503985773971,0.358713471233488,0.318220504627215,0.15958684936615075,-0.09462562324785617,-0.06262589511942993
23.939999999999998,0.43979548015652314,0.50347226702914,0.6802320326574257,0.6480356403841395,0.8703542553748743,1.0305375890906194,1.0158517237092721,1.2971651045384374,1.49783410094507,1.4474160123263815,1.4907898786254228,1.5472735547880645,1.4480536803968718,1.4613166858442692,1.5063701048240863,1.5916213706104831,1.4554534750485597,1.334674819659324,1.309235425865929,1.3984111584480448,1.194514182046287,1.0916146814175167,1.1837206433471694,1.085663330394282,0.8351914630376682,0.8609043851794818,0.6938342179671579,0.42323418410200486,0.4252432931693065,0.06640831449656746,-0.0764776184189423,-0.11858310868079419
23.949999999999996,0.43922938290681063,0.46181794614497873,0.6452188205673869,0.8400444503099636,0.828861702094871,0.9458509457457429,1.1119082201663568,1.3107079318437191,1.4075061429625793,1.4072125141529361,1.5142012809258785,1.575483310369115,1.5328930093052335,1.600776462121908,1.5903117739769834,1.6449273328318295,1.5587563810585516,1.354171258372564,1.3684344416851395,1.4290330640848292,1.1645716881640253,1.023400186947048,1.1871961504671684,1.0518313869321734,0.7942133143895306,0.7256387495973355,0.6861545759146231,0.43328924510202055,0.24635960712736432,0.20682224021129753,-0.12832214825203633,-0.05370083025224906
23.96,0.3903013093422715,0.6405640488466824,0.649803784579038,0.8232329332895876,0.9401521481144273,1.0100581459591838,1.0933485781768133,1.1980115077498832,1.3298719678141042,1.3798630809229842,1.4313256678573265,1.57317043240976,1.4985184857624354,1.5096485922410088,1.4899651936158054,1.5580528645166136,1.534834864413396,1.4228950212076423,1.509740987586584,1.3264707411871826,1.1478229877034583,1.1488099684891244,1.2356325293585524,1.125803160812635,0.8315360507257562,0.6759182161118021,0.7352112229845368,0.3551671081158749,0.2978825674452766,0.12119259691616757,-0.05720036309625156,-0.013922058937134066
23.97,0.46219756489292896,0.5945553291845619,0.656730391807309,0.7578082515283393,0.7559098168467697,0.9714028435284148,1.1590351743762928,1.179426257905792,1.4572371459601547,1.381041998671044,1.5323982615300222,1.6010088904487934,1.4424013724672575,1.5742830860248818,1.5619029184869315,1.6815251790839731,1.5607028972401715,1.4268419898914635,1.3824966571929047,1.4277713746602305,1.1394993779794174,1.1298935781285535,1.156450049336247,1.035788840359989,0.8048531779853518,0.6896822697622352,0.7128975425695137,0.5122523837549106,0.39021666618301815,0.1068671721210685,-0.06276070315262508,0.005623338668500039
23.979999999999997,0.3601264063202154,0.44953217409684837,0.7225033923069373,0.8352379590007684,0.8842953934618826,1.1113167298153197,1.0677014870290003,1.2864610289312863,1.409644950414429,1.4463591418587405,1.4594569267837123,1.461291018307226,1.453471118986492,1.5589843338638414,1.5600932351559669,1.458792042245018,1.4804337819290878,1.3777661772777452,1.4892612100330456,1.420478336528467,1.130705198107907,1.0956254772624527,1.1469350747423643,1.044457291116677,0.8587549684231096,0.706971559569338,0.660411973327047,0.4754547538321528,0.26773558689037946,0.0738085157415037,-0.03753156417019206,-0.02640990724367387
23.990000000000002,0.3827453331481039,0.5275430519864018,0.7813641495894619,0.8107061046021089,0.9707184357697669,1.0513164997017777,1.038198194696542,1.2271279598275822,1.3882723429996982,1.5146461473858122,1.4072662466995205,1.514837242190723,1.4046153684877962,1.529491147546735,1.5660702575706746,1.6230868721092264,1.4911910029428816,1.378798743452966,1.5099911401459767,1.6081916171714166,1.2294363463106797,1.158961098600379,1.1233332422416449,1.0409752467632714,0.808692798358625,0.6935571209578963,0.7028687353003854,0.4321294609146639,0.31937383317188683,0.07965742748777921,-0.014448614381383302,0.037124991416390335
24.0,0.37097891842366315,0.5557076044320026,0.739832762079457,0.7018358002935791,0.8970896345165293,1.0255618900676484,1.0760600842085097,1.2664662613959898,1.4803402060622302,1.4718459836999516,1.4735147838066043,1.4345069994998738,1.4672600816146049,1.5860155114597507,1.63391272928228,1.6299281676126198,1.4938487618343919,1.3236696008735815,1.5124407260930914,1.4340007586571522,1.2367676271044596,1.1507925381675312,1.0611305928683863,1.0984503600851965,0.794602727389123,0.741538754775782,0.6534478584414588,0.43331464633050776,0.3828588234649078,0.1429072955037741,-0.010404711768031297,0.006863750260247221
24.009999999999998,0.3533765195273036,0.4776068150143042,0.6616347032550473,0.8062890497773967,0.8725822185593735,0.9999302573531949,0.969315672953355,1.2893662098434355,1.4369728039745933,1.341089372339325,1.4685078561064857,1.4710349241832648,1.376414289576355,1.5057570006242156,1.5862213110799346,1.58681864931034,1.5075289383908643,1.4000066527472326,1.5230636587702269,1.4513059759139986,1.1600375364193953,1.2284970531887252,1.2949308192317652,1.1756316774336677,0.7705329343258323,0.7511270230028152,0.7516329745443927,0.46282678755743334,0.30887488822344233,0.06177881873776402,0.041852236945733534,-0.05545124499561614
24.019999999999996,0.4488929227184983,0.5556480600974951,0.687866738319464,0.7523533646978204,0.817928144245871,0.9919435481808724,1.1554398014641871,1.1802370469556822,1.4416654734935892,1.4853787114750634,1.4520431991041258,1.4307903024778696,1.3745077859548762,1.5333439747887418,1.5945251958923925,1.594103258449906,1.6380022705107775,1.4078582484172175,1.415167094074883,1.4551475104724736,1.228627018867146,1.2628791501637882,1.111105031087642,1.0051454564496114,0.8826878427146201,0.7169825048982289,0.6854187983799697,0.4343492204924213,0.26530973902471505,0.1152574471423239,-0.012873490339393034,-0.011408035321705465
24.03,0.4073323447737474,0.5612787059633066,0.7012864738696313,0.7008551493895154,0.789576853676733,0.933450272890956,1.0669446351703478,1.214191448664614,1.4043455301194994,1.3326844566463434,1.3602479162560397,1.4153490917131817,1.3921965208352982,1.5809870892731832,1.703854677389467,1.5951745994334874,1.59575597346405,1.3637034858179542,1.424643973682983,1.365360675827898,1.137302566757293,1.1475079033071902,1.0986333363975354,1.0639872523521656,0.8013271050279378,0.7590800516694562,0.6865363043832176,0.4770877151053919,0.403811145559978,0.12106767353660162,0.01435262565408294,0.05141816112440353
24.04,0.4141863401045831,0.545939198339032,0.6245839233077257,0.7956090689886541,0.783586950097141,0.9458662147751237,0.9665570135260808,1.2231877508160933,1.3872679636854137,1.436094814481713,1.5058125728906964,1.5179751206478032,1.39518281301578,1.621668852754498,1.5398785328077615,1.5862738424366554,1.4923508124680083,1.3588077144385695,1.4942867191456375,1.5267476279649486,1.2420941983746552,1.130643630908651,1.083027141114192,1.0138246105851285,0.8928471943605305,0.7314290014227203,0.6861708394680915,0.5091955511651506,0.4494270271520652,0.11989236637829438,0.044726824101332614,-0.029734390879743305
24.049999999999997,0.3926180908224937,0.3955020064522315,0.6637743459286002,0.7715370686642692,0.8520957965101976,1.026089025724963,0.9507055692556254,1.1087485096715777,1.3873680602038494,1.4037798772029118,1.5241595356163584,1.4443881147297775,1.3461993215950498,1.4475936904373015,1.6029920056619882,1.5886765129260705,1.4911409304607306,1.4200837663407342,1.4554187070224986,1.3512461380900205,1.1666469545126281,1.1303864674565525,1.0776535918567538,1.0230020041887093,0.8329256361766848,0.8453116230037536,0.7314324693269341,0.4653790468675564,0.44354288734083663,0.12142980494464424,0.08733630612666962,0.09652936206232449
24.060000000000002,0.3939429439284348,0.4326074033730222,0.7381050725181689,0.7543327774182305,0.856495357808367,1.0277538901998813,1.1110025865908302,1.3356196177001465,1.4338503782980192,1.4952786628804957,1.5729131581952582,1.4870436997225716,1.3822548482098633,1.539180489283001,1.4987749923860103,1.5593069608681591,1.5585374070354467,1.330166784700511,1.54836121934835,1.4631065147425688,1.2007100576636756,1.1885433983586307,1.1376935339982213,1.043644927354578,0.7986659329496144,0.7421334163909389,0.7098204695558437,0.5942476398284472,0.3235778322992574,0.09296232450794757,-0.037243793159863745,-0.018321545109873223
24.07,0.3125928957347126,0.42443805607998586,0.6273522237411314,0.6370871103074781,0.8917487836389202,1.1235686939210519,1.0795250274553765,1.2575562683240533,1.3888137011876194,1.4110116310396263,1.44429248125935,1.509855301117323,1.3691000617172233,1.52580869314356,1.5337973695581193,1.5757961676297731,1.5205992567110869,1.414732048171285,1.5340322914532667,1.3975742188694278,1.1890313167357778,1.1634697792448219,1.1850628776305694,1.1245228259448394,0.879883675523633,0.8134653646704066,0.6958486390741937,0.5027574855579664,0.4815333480065129,0.049089078785446605,0.008697506809884417,0.10633841444455752
24.08,0.31589567792281037,0.4116920948539421,0.629285947123922,0.6586990306085692,0.8151242998494839,1.0393401360463899,0.9699277591886377,1.2285414543327575,1.4271585762759942,1.515540116951306,1.4912862786074672,1.50918929870388,1.3802842581686277,1.593841209815459,1.7015950435763112,1.6192978889255456,1.610720524296263,1.4649197295838736,1.462702756551788,1.532285146988074,1.301512938180253,1.1460992734483026,1.0216289967331742,1.0306602650686885,0.811243501391218,0.7220242189059402,0.6300754634537307,0.42628424628303274,0.4275998752707316,0.060045224722313766,-0.08904746404293648,0.029436312013388286
24.089999999999996,0.3053019613227568,0.5041165136916733,0.5968075851215506,0.6681583417419659,0.9189924268744665,1.0585874375409583,0.9187676967680386,1.2402072906789627,1.394646783873817,1.4137769278070702,1.5019977055461502,1.4881228278895398,1.4313709194114934,1.5908154825984961,1.6072393116350454,1.630452308705335,1.5449975322875722,1.4186333427466868,1.4820306900597253,1.394395902319661,1.1888592866231305,1.0997686141041614,1.0558451607362014,1.0176143194346503,0.8110784376531123,0.6704165906384951,0.6332866133939046,0.3434509840884667,0.34667030162520923,0.10769843790157253,0.0009122926205588798,-0.0028416423562280455
24.1,0.2974332891574435,0.46330169021202505,0.8003794158189416,0.6565543019715524,0.7500013253951058,1.0138563416227835,0.9451199147923764,1.2354725542834055,1.453017018070383,1.4234174287959824,1.4460005816718386,1.532783487594595,1.3932902223773973,1.5047161337670725,1.6377924706258444,1.544304650538809,1.5686514345280846,1.4546161025654518,1.498239587851479,1.4082589336692741,1.243046762326951,1.1803457356112808,1.057396792370988,0.9670527420404104,0.7947311560559439,0.6713594407923315,0.6831832506143102,0.39199060268046126,0.34775678388922554,0.12019562712545145,-0.008776886920395176,-0.02394787612131774
24.11,0.3155260711132228,0.3795430226158352,0.692916398026628,0.6159316619426994,0.8638368853601484,1.1071299118825038,1.1058454877084658,1.2817863944681316,1.32691857827826,1.4487252671980781,1.589441811277881,1.5679779106761975,1.4096475026319262,1.5676396427065327,1.6067248414545616,1.638883390812606,1.6168993417307291,1.4454328528276892,1.4861400347868017,1.3087723092819037,1.1859875140619462,1.2844498937341924,1.1545292564746028,1.1666400822408114,0.9258555714870171,0.6397109628118084,0.6398966905607661,0.4753083741190524,0.34628070462617067,0.12599788222454153,-0.08903239536644982,0.08501935324709033
24.119999999999997,0.3790923083758652,0.4347241724773765,0.6183988488145964,0.7292388600550118,0.9110992972666977,0.941264667072526,0.904646376745992,1.3245697366308666,1.3507368874941328,1.5278504105616502,1.625345694888482,1.558621856181732,1.3524104601939126,1.5092560368058074,1.6356072258523948,1.6623613162858055,1.6009140623746991,1.4026305533945984,1.5163648525297737,1.4670690535277362,1.1800432091300794,1.1956847389480076,1.0757416834060185,1.1348465524086961,0.7946539472943678,0.6745345255149864,0.7283108303184479,0.4545336871978758,0.34538024088366287,0.18310710803065572,-0.06461403354042465,0.04253006353124962
24.129999999999995,0.2797119688070432,0.5031888297959456,0.6790550866197355,0.6503499321930237,0.8268373412625425,1.031584702057521,0.9792872826831025,1.290893405813641,1.333296449411741,1.4856900710076884,1.5465491608114095,1.631580443925017,1.3620600068434148,1.5824306529424335,1.7058842349602292,1.6026341062690221,1.5396345827404612,1.4390384660284836,1.5013671576648346,1.3604747514700672,1.1566634965003648,1.2134569590056536,1.0948568812496662,1.1350381664334883,0.9620330731655504,0.729334653006873,0.715510445219705,0.5819330631570968,0.4169345675863412,0.12218612220154788,0.08321991435798651,0.033974242336661305
24.14,0.29195648672258845,0.3924404028414184,0.5822509078446788,0.6132253166981794,0.9020686346480472,1.0798261742688828,0.9682538418588769,1.3285152094022779,1.412247794471502,1.5118211315575936,1.5549284884536807,1.5654566140432207,1.4925106442219083,1.6665083002490153,1.6115391895940314,1.5353595562012525,1.597081049317207,1.4381705035905645,1.406907014783135,1.4052130187696454,1.1842049842393643,1.1974768532885633,1.0860454547442295,1.0866822241005598,0.9699316667558506,0.7483891903472656,0.6829085929625032,0.419272604510663,0.4122653442164435,0.19295371492360025,0.04644545443638029,0.1422256818886894
24.15,0.2876399617289764,0.438027831892731,0.6822983629714151,0.7768023577256242,0.9041002128921662,0.9427049923915153,0.9598657642885963,1.2427656293804383,1.4173081120266622,1.3460012275020272,1.5782510094513222,1.4715717550804732,1.419800811322933,1.5940530244985331,1.5795628740654808,1.6117113943432524,1.568279196140703,1.4232339872595192,1.5766307220397393,1.437518568162651,1.1026135329765179,1.146308003962558,1.0837617064400171,1.070159337401881,0.8913855211115636,0.6579455917720045,0.678535109978522,0.4660409505729715,0.2832392832028303,0.1569430019583864,0.033969104097867256,-0.007311039805648602
24.159999999999997,0.383883323904609,0.40012443405041676,0.6793781788923599,0.6783524880517028,0.8184012703982918,1.0140375316840449,0.9613904423223671,1.309208589771723,1.477095946733633,1.5009683262203786,1.4842166608806073,1.5524562077976523,1.3370132268350179,1.626619100751674,1.6957272575057545,1.6146259226503377,1.6392548842751302,1.435077182046147,1.4035107882965243,1.3857115269923554,1.203814325997286,1.2416883026793224,1.071023018452851,1.0860579143361324,0.8946495660714983,0.6666440736910323,0.5580368688830768,0.41944402334230396,0.3485509938108544,0.060594273854282635,-0.103852665405047,0.1102610784182588
24.17,0.21248646525611695,0.4626614776001481,0.7203043867858195,0.6753650519896661,0.8244657804356734,0.984665442649542,1.0323692375976172,1.316607704620938,1.395556214454115,1.4549061968836488,1.5828801327794473,1.5173548146000764,1.376394264189616,1.6207471877217254,1.5695796233780477,1.598414838689584,1.5232162299768737,1.4167563430330574,1.4702290841483339,1.3946074435185765,1.2128238620677865,1.2418229371202862,1.0267908131999512,0.970595936707926,0.9168688250576126,0.7232864376038276,0.7746929190475712,0.5798638369779183,0.4027128253007996,0.14484500321872382,0.0001781363609334656,0.03893477888702448
24.18,0.3364840455302554,0.4440012846003575,0.6530559747556856,0.6625240976140171,0.8945121228778226,1.079640286748028,1.0682420569772448,1.360838238095468,1.3701059519705083,1.4168247951820885,1.5196640234980578,1.5960977953349924,1.3875164997297678,1.543354983417641,1.655487734753922,1.5427915368684946,1.5492258844544278,1.4923244600832763,1.4640053612093706,1.3621050913045207,1.2585785944017989,1.2945558850406451,1.073871939193377,1.1601066219420377,0.850512372157874,0.6356989724427301,0.6345574935265634,0.46924859776732286,0.44803485901441537,0.1217479954188321,0.06215262747881191,0.09924785963427579
24.189999999999998,0.24450545668815818,0.35968499823826405,0.5599117552477549,0.7057785073518142,0.8419248007029141,1.1398944440847107,1.0492889101302687,1.2907245594696175,1.4245957362257142,1.4409063589955522,1.5866905513196654,1.6242279243207536,1.4311203424772674,1.4974449576674924,1.6013002389510627,1.6682923185915381,1.6059582782206894,1.4524211492520025,1.4955366499077793,1.3632377781411673,1.2221287504823186,1.2671905172955453,1.0927865999015054,0.9799407573063501,0.8246079805074361,0.7055824474914147,0.6810902944584564,0.49859496968151734,0.32490752476222334,0.11066492179642685,-0.11787280831081406,-0.062050677274463645
24.199999999999996,0.23180204823548953,0.34729892792552713,0.6082507618147641,0.6941386366702018,0.8239207556380116,0.9774438464741438,0.9780090085240769,1.2714680403727543,1.418941206972163,1.4945214869068588,1.5353677622550197,1.5757644771242822,1.4169588509992739,1.6397407559654698,1.66584991895398,1.6244620824363318,1.6292702675042912,1.5744625664163534,1.4377759889020614,1.3416894869127955,1.2413569985479906,1.2293669673640275,1.0853080840549583,1.0336645526318837,0.9949887121228742,0.7921099776612708,0.7011912526176536,0.6051145573156583,0.4114707124671884,0.12276117039417682,-0.021242753579565087,0.029335033778899112
24.21,0.2012338596420971,0.39249939739450646,0.6882220758031157,0.6404115727140194,0.7654774055245938,1.0877199157103425,1.0427744673606956,1.3179055290354884,1.427459843400199,1.4798055838978874,1.569395168924431,1.562909498957266,1.431632628120897,1.5706949538382968,1.6251462010182274,1.523870998613717,1.7033582988774765,1.4848730535129762,1.5491290705598206,1.4999945094288378,1.2732759825131543,1.2658130433261199,1.051596663982523,0.9280871425847311,0.9494941715939782,0.7687497747458893,0.6500761645965506,0.4849277562282379,0.40109807406546105,0.2298073221168876,0.05370505381126899,0.06546519281435305
24.22,0.29086524365994393,0.36838335446722237,0.7203592316376266,0.7927516849310583,0.7991407347964463,1.1635035908084288,1.1600335788871845,1.3391751818976045,1.306172959132738,1.4707307335680593,1.5726650832726758,1.5259563750386498,1.4357145398472537,1.5883532023385025,1.6280156781445316,1.6606726359277313,1.685484628667107,1.5819678851314747,1.5944507325861745,1.4208448110348222,1.247001000436259,1.1998070944256316,1.0390527184322536,0.8826524699760826,0.89243752124052,0.7374576053283483,0.6000133573903292,0.5600269135240159,0.4463224766426873,0.12028610196596058,0.012771804880288472,0.040112040792718594
24.229999999999997,0.1930779141728777,0.353796105867637,0.6494989629716414,0.5632729300496407,0.8156567330045729,1.156064774827716,0.977003205171635,1.2748714500399285,1.3622343045249696,1.5162393314471334,1.4398691090232558,1.618344772894372,1.4533069900247377,1.5631440253079942,1.6265600249355736,1.6361369551455978,1.74148885518848,1.5209708573099598,1.4809172142510765,1.3153289771941037,1.2262282555973698,1.2467474451955265,1.1073657090651225,0.9709703144030343,0.9117879644037599,0.6781512613273232,0.6059957949421412,0.5263618763604337,0.31416357030992864,0.1725999430316266,0.03534952601978371,0.07814967834500568
24.240000000000002,0.32364459793068917,0.3990239010676112,0.610135719910703,0.7054366445078417,0.9101325183035542,1.1476455700561414,1.100188308708475,1.2874219197701438,1.4018961863162807,1.4013355127944493,1.6182256088479678,1.6615985303607903,1.5182889980774743,1.594793218968485,1.642292231891176,1.5348975206866196,1.6085655987756375,1.5694358079680157,1.5736843055285896,1.3592892187592274,1.2530200682404788,1.261070002095813,1.0825370003781665,0.964316818522092,0.9300666893312527,0.7848139698253092,0.6970912416282059,0.5404763893015763,0.344105273780623,0.09225737688174925,-0.054029079211720364,0.0756451007404627
24.25,0.24033192055997982,0.44984442570271105,0.7356392013442774,0.7332997561854544,0.9127013672713398,1.1796472733562682,1.0313314266172955,1.298637139520384,1.3253502051953772,1.4989450586479995,1.6004210237593415,1.6795389115445678,1.442996143054073,1.569386063196999,1.5826829445578898,1.5398491255869855,1.636107241772533,1.563589509840653,1.5456739862823663,1.3620678878063308,1.3445461630824884,1.2673644469363974,1.1348303866733163,0.9608971850300158,0.818732118876179,0.6799507741137757,0.754111865521095,0.5345387606169161,0.3528960735456675,0.1216720665692983,-0.04769837359419894,0.17773142586336013
24.259999999999998,0.30070368535890013,0.5292943618732961,0.7086448520441881,0.6328739721398127,0.7836807716758682,1.0906288917108984,1.071390237675054,1.3054544953139255,1.3555200177368314,1.4302922229970225,1.6030036522180993,1.643568657805732,1.4404462043260124,1.6188421712810244,1.6636000311111312,1.5827677755128438,1.7153463744481177,1.5912264455001395,1.4413946635073953,1.2868467596927473,1.1744871729030977,1.1969107001073422,1.0570381484620026,0.9795055250522008,0.904527407945673,0.7431794232221682,0.6695107200867685,0.61958262206407,0.3504511928848317,0.146420068324925,-0.024465125118635307,0.033314431167606094
24.269999999999996,0.40943453586733247,0.6023713151417601,0.6798079037562061,0.7186723743409831,0.8665299937237627,1.1513535875126732,1.033439327727944,1.3915404433225471,1.3762429576661621,1.5742387706034564,1.6030058668701272,1.648024395919349,1.4889999915759398,1.63243718021748,1.5892978430290512,1.530977904734872,1.6410794734336385,1.6171323136400855,1.4866535782822385,1.2915684814487847,1.2430692767349805,1.267490332847584,1.0197590195687987,0.879548125076379,0.8317645312485781,0.7194056104168973,0.6727130436446588,0.47372635143708886,0.3513293578520139,0.1864719917003591,-0.010655030757148918,0.0537385761177735
24.28,0.31987226506614774,0.532099336799938,0.670388795519639,0.644246559922025,0.8572993767260699,0.9842408619991085,1.0126620043400236,1.1332193714442929,1.3571584127142962,1.580742622861417,1.5500680742564736,1.548493472297857,1.435125979079822,1.729072189099564,1.5879527221076761,1.4816353924315826,1.5436160778645545,1.5964597845988207,1.5036344210116128,1.36232957060733,1.3250538420179492,1.3017101201108532,1.0820383601438364,0.9992778844202392,0.9516735528489728,0.7912232349971172,0.5581570779133456,0.5181850806879867,0.5039120017652,0.15988221307107348,-0.04354405592682811,-0.011200859425564258
24.29,0.28424076229933587,0.4048523689294782,0.6849564722954362,0.7276371498001446,0.883590801264715,1.0922257821510986,1.034889711462912,1.331525476875021,1.3364729881511779,1.4302913052886947,1.4666553590167695,1.5957326653419457,1.4055702604050524,1.5732957314654143,1.5698978692181036,1.582379984486528,1.6906232093847255,1.6818931431730677,1.4722557104052403,1.3213394833588827,1.3761563901600333,1.2934559587312295,1.0456011371848801,0.9881598228404086,1.0733928576153007,0.8055041412112701,0.6252266195937637,0.5997047752661112,0.4502883834655003,0.2785253233007246,0.011172263331458227,0.06235822784427064
24.299999999999997,0.2708770114900449,0.5011734779831141,0.7155035329940868,0.7025700060212329,0.7506921946870936,1.019038554713555,1.0214974787192186,1.302114415882118,1.379232529094108,1.5233055622882818,1.5470367174955435,1.5640389347448411,1.3265294666225016,1.5495318412712338,1.5787389140259296,1.5084299799206,1.5988849797861098,1.5083512522893991,1.5298258137806013,1.3429007448624253,1.2582010423846595,1.3348758521202138,1.0824109702787865,0.9427062503075673,0.9755594348255819,0.6626084453745401,0.7278022594370025,0.5426192884909821,0.37524904808029913,0.1488671427763258,-0.04927983478820314,0.10168826787667185
24.310000000000002,0.21740526250524828,0.40984624031312,0.7150619164949173,0.7356255089375286,0.868853239343766,1.1712928327307937,1.009142234363309,1.1908731365882383,1.27352815858651,1.377170400068989,1.5170472204776042,1.5525132964239217,1.4670961736946286,1.6174851423585588,1.7064298134813394,1.6551668009341967,1.6564720930610133,1.5276174930663167,1.4690468382970203,1.2783537826994245,1.2965821245063847,1.3141291956636665,1.1304597864614645,0.98233896165895,0.8833199626993998,0.6492177562484507,0.6233977128138218,0.5675113600357707,0.3466341158213174,0.22114121130377595,0.16332594079397433,0.10401128794952895
24.32,0.2627962428455152,0.2910433632187085,0.4689712444610558,0.6468704248095574,0.7730583272260425,1.0565395583055706,1.0692320045661243,1.279841589537029,1.288553991473449,1.4437633511043653,1.5724903201940093,1.6206608059096996,1.4924955687115402,1.647690446818116,1.6479336754671952,1.5715279955025072,1.5616940502465004,1.522525298079946,1.457677553563426,1.2953471627073814,1.3122615844201175,1.3462465649274613,0.9904479378498183,0.962435485914097,0.8572881408766002,0.7750503474689784,0.6457489836391805,0.6463333993009348,0.3812224564169747,0.24650274079252582,-0.08075373466609395,0.07252228751390834
24.33,0.11217081972936,0.388186962689516,0.6589396926941403,0.6801997163630532,0.9023675241028272,1.0763687298457343,1.0697570870826156,1.316552634831347,1.3368993426971298,1.5152299354042311,1.5860305749253916,1.603294473417698,1.3830703399906357,1.648024513896007,1.625164299935919,1.5363627612176034,1.583084205902696,1.56790212625413,1.526137160741462,1.332468266517663,1.3057679474434918,1.3049766662394342,1.016309651262853,0.9224155666206711,1.005041971965803,0.7798504940454789,0.7317478792891501,0.6129567052673057,0.33303517920506864,0.15555259451449524,-0.036059907025037016,0.05339883466045217
24.339999999999996,0.32492948931206145,0.47781251356308807,0.7200125097118435,0.7774752909873757,0.8823873246466456,1.116083952507693,1.1123911439418512,1.2947375067691729,1.256506648796653,1.3746825108503722,1.5532953060563237,1.5084637933847491,1.4547862433008814,1.5971477554176388,1.5497075290940696,1.5327360713787563,1.577756548919714,1.543531964514522,1.420371291185552,1.184387219738585,1.3018501960709115,1.2571255791145626,1.0754739060785419,0.9732692396623432,0.8807089711153738,0.8529498186386102,0.7527800738826933,0.5585675099007842,0.34140370773969064,0.10161239760817203,-0.044266426477929235,0.06819144109864564
24.35,0.3486536712762808,0.4400496705789432,0.6492194777129542,0.7165780966582979,0.8768537641280062,1.111242000867371,1.0214141821057612,1.2375313858974009,1.309183328440303,1.4958381895935702,1.5675513871482272,1.5299250534935707,1.457620227973993,1.5598079992731793,1.5319720495252305,1.385765518956841,1.5900222575417076,1.4314256168113302,1.29509687248214,1.1903465964039266,1.2938716122723477,1.3138016090933644,1.0797410179547622,0.9830175912067267,0.9373776994634677,0.7683847567405443,0.7098452786454441,0.5561159076783556,0.4086539923211378,0.1995667064718074,0.11342926905136977,0.21079123941091266
24.36,0.25456318147915796,0.3969911784102016,0.6752992022014841,0.7226170890010307,0.9026926432152607,1.1433579545147488,1.0505563220014504,1.2453543360401462,1.3344223412984884,1.5062976688772067,1.4740922130819312,1.4989691540133883,1.5112088842301556,1.6755460876708501,1.6549368049881557,1.4209170830534665,1.516413605833275,1.652428409773838,1.5362277039976255,1.2661457745405806,1.3141048833883122,1.3166477737335225,1.0751970926584173,1.0199505056715474,1.0006800172405699,0.7391783839643696,0.6740653335619682,0.6578885573857723,0.3259605334718137,0.2586984728304496,-0.009536911089000084,0.11782085430030267
24.369999999999997,0.34154562694177154,0.5661802861274248,0.5889229145184964,0.8059783979635858,0.8902751198360921,1.0784702049832888,1.0734778440082704,1.2408592220209196,1.3643914311438987,1.4002372287880878,1.539279636110358,1.592109775931135,1.5499898645340255,1.5085482177543978,1.5310792121576655,1.4906635251928262,1.5465359349105354,1.5197867725927598,1.394655031101199,1.2994501422736868,1.4393648906379297,1.2087039556827217,0.9715532459325006,0.898492649529148,1.043305708250093,0.6879322445750583,0.55640928347549,0.5011302242971265,0.38220762724141266,0.19621067021978747,-0.012703170272558436,0.08988428360861636
24.379999999999995,0.3367230507213345,0.47668569712307035,0.7064975835720999,0.8055228258891654,0.8553114308396135,1.114303122777939,1.1320525894805065,1.2437192886565493,1.285614418565684,1.4731502059705972,1.4850574184752507,1.5601366824586482,1.4594423999042185,1.5016061377872527,1.4974287911440207,1.4587489707956525,1.5072393662099692,1.4595906320799938,1.4477519381060937,1.3100287268505901,1.2582198526096118,1.3144243567826466,1.0999893716718752,1.071646070402201,0.9469962131256697,0.7387994755502536,0.6029635863045675,0.6117838383043808,0.39414348999786064,0.16629223594054118,0.10632675090011898,0.23210493471078952
24.39,0.21714157477008153,0.36907124832109106,0.6491554496994707,0.7563394011434389,0.9118386663523614,1.0439024605408664,1.1396563297304665,1.2989814080244755,1.2089623304700412,1.4192008989613714,1.4830217339038245,1.589528257957541,1.5057130251521476,1.6048309231055118,1.4627183376572608,1.3567522964782464,1.4820272290407717,1.6128233904621572,1.4596449426952158,1.4169384082612848,1.2970318200807016,1.25081599867866,1.2001085716774647,1.043404593934981,0.9941756891959331,0.8502044304489373,0.6456112849645009,0.6347234805266673,0.41638366861959336,0.14263801233770693,0.02235846316373461,0.03550550061277179
24.4,0.29069746260253587,0.5246711629215084,0.603519526430564,0.6644982499250431,0.829031030430753,0.9700873278208176,1.1797677543628975,1.263677198378284,1.3252761289623436,1.388268992691922,1.4402970399223267,1.5729280129726728,1.5702471963221059,1.682139852666393,1.6654325768426785,1.4453291726073605,1.5305350857315292,1.5827873820507141,1.5410845962551905,1.2657913376178767,1.3412779717921808,1.317321829258237,1.0584289630438335,0.9138424874857581,0.9512362149803251,0.7411157559942123,0.6186906553282083,0.6128659092889222,0.3579799531151132,0.24120268209152335,0.07886620354424893,0.12214577431403059
24.409999999999997,0.35379668537519326,0.5453514155846948,0.706879504481084,0.6903366324173827,0.7700351915568424,1.0246010997810318,1.0427259853880546,1.3307776605095172,1.186067453933305,1.4239820827504683,1.4204831114778196,1.5506494019678496,1.5281649132836432,1.6380149116694822,1.5757371724399536,1.3791108006032633,1.4361605043485557,1.583098486906193,1.480323854402778,1.2636600464926346,1.3090068452292105,1.211588008003295,1.105180971570888,1.0581596811264142,1.002524158957886,0.883069106387364,0.7242109977322826,0.5731860131845526,0.3618696555396025,0.19706822162708498,0.045205280927332246,0.053249582843426665
24.42,0.3020293984950183,0.4469313154064767,0.6084662753028202,0.6347659060892558,0.8842965064016299,1.1359061337635705,1.1611414915816805,1.317916649937022,1.3585024746862384,1.4185054287249526,1.5217803148537175,1.4851937483354456,1.5262203158216583,1.5691868472904598,1.5317557309434193,1.3479883002399167,1.455168667405913,1.5058880418074503,1.344992636081033,1.2833813568956411,1.3873002530082739,1.3661890974328479,1.1197911448958602,0.8961757841139348,0.9874999867645395,0.7653541186756633,0.5684418648238102,0.5427691878054639,0.42902234299398095,0.19925093709189978,0.035274392887942256,0.13960634517337944
24.43,0.30979363494852974,0.4812974331929335,0.6103690941688933,0.7006995686279299,0.9757657831151565,1.0997978581105745,1.079967826842417,1.207768342745294,1.1643708810147797,1.385451902723223,1.4555716021223544,1.5069380606906404,1.5244082769510032,1.5558921901021134,1.4412690050942694,1.3904103719250391,1.566724643791596,1.5817008260469523,1.4092640661577667,1.242646828281155,1.3185450275334956,1.3609413587274004,1.0491707512209527,0.9391518760248333,0.8977713113310358,0.6073407848555763,0.48577544253455057,0.5695424516194483,0.4746551647999238,0.3015868502691683,0.11107098992741782,0.15045373165798473
24.439999999999998,0.28008686507828673,0.4263022982537045,0.5788896014898034,0.8052557325293294,0.9924701790878354,1.0681983996985387,1.0054363439423277,1.1578141866252665,1.1047862661343457,1.441901167428401,1.5099059156675316,1.571904960866149,1.5438173015885157,1.4601887461147829,1.527939462935396,1.3432456861954702,1.370740846502785,1.4369488719342307,1.4700971233973776,1.283717002189632,1.351092239028349,1.2527595657525847,1.1284962691327869,1.0585090608940044,0.9934806320144536,0.7647522922948858,0.6208108984463199,0.6210254943045773,0.42631709035542986,0.25231539834248423,0.008380802927897273,0.10613571894310722
24.449999999999996,0.30468381252477944,0.4914612475960847,0.7108219651841592,0.6937219204897476,0.8260203911601601,1.036999275026506,1.123271201334483,1.271502571589811,1.1668288744142585,1.3186900073199834,1.3793240126671,1.491874296148404,1.5884446546083502,1.476176623027536,1.478628249043804,1.337143139354681,1.4869933469453422,1.5692953118313757,1.396490486065571,1.3300155795868909,1.4026132103775761,1.3385764005638154,1.0821783262791584,1.0334671995626636,0.9809004601881629,0.831132098440428,0.6377642812893395,0.6346733469912633,0.3744088936018971,0.2417908027101258,0.03223048890781196,0.16936123276920123
24.46,0.338519285737862,0.5943158321537705,0.6584591961106145,0.7452460966601065,0.8093254650253656,1.0481216493829595,1.045798065333652,1.2396660418758263,1.1863626182940605,1.4732494820624453,1.4419250472573795,1.5878106265171452,1.5331060398604293,1.5035354931001255,1.5598021329258742,1.519322027805509,1.4874851585778965,1.5570744070231368,1.3498205657687985,1.1560129546125524,1.2893986791217054,1.115129295057806,0.9796857013615109,0.8940610619311786,0.9801500835841703,0.7855054744899207,0.5891867469563066,0.662570541929897,0.46383487690845643,0.23778324839127798,-0.009119602817193663,0.09852536143102782
24.47,0.22790474771309818,0.3985653953355567,0.7154280531370765,0.7502789632577728,0.8126036641697665,1.0339488907929961,1.1993705505111798,1.2263250921748547,1.2607639466139446,1.2988761253768824,1.5455345382707955,1.4947046039248089,1.5491417550146613,1.5875004063072315,1.6378653311707263,1.3845041604827644,1.3562998465264098,1.482842864248164,1.351115314793384,1.3049996866817917,1.474622443195104,1.3125880011678293,1.0897660333252832,1.0129334481644199,1.069974398848248,0.8794491148658589,0.7359845222616669,0.5709471600035134,0.4572843907066762,0.22586680150844374,-0.03600368266771136,-0.003061703191086597
24.479999999999997,0.2478590406444545,0.4609111644265368,0.7494474758347122,0.737424907641517,0.8550837232391815,0.9974533197970649,1.1081124380534069,1.22765533458631,1.2032542616333695,1.3186111203985174,1.4928868339361652,1.5021655341812146,1.5565281166811107,1.5314635189756172,1.4543765735882026,1.4084883901298917,1.5477482739598307,1.6513272716260996,1.4051285589369449,1.2810638997213863,1.2978642968430094,1.2696548799993759,1.1755245786090918,0.9569681044603833,0.9300902494328112,0.7778704409012074,0.5860703493899446,0.573369594374345,0.29788947340679456,0.22943317797382004,0.03763104861650976,0.17153086861302297
24.490000000000002,0.293462940548059,0.46727839825792905,0.7066004354579275,0.7587089327852541,0.7931031813450697,0.9664421056535039,1.0672169477257534,1.2065772758973188,1.2692583423844457,1.405070584271397,1.5223964686434928,1.5659164112187625,1.4931834912829414,1.4607435821071597,1.5467870093090013,1.4378157419135271,1.450391887778332,1.509408821050655,1.369361461506592,1.3817895649349956,1.3616048050233995,1.2432435613287038,1.1104352414394978,0.9226395336966366,1.0301063171101055,0.819162512163556,0.6047080743055426,0.6442776611961835,0.3700889134781296,0.17414462001139452,0.005879947858791286,0.11169595766517651
24.5,0.2701509295263153,0.42767662606987833,0.6177679924581149,0.6890613242733411,0.8111199993579331,1.0246075371628767,1.0505618013910625,1.2908747269336662,1.1742270651450686,1.4576205976587722,1.3988745075828055,1.5842639709458481,1.619709929300028,1.4749205873915583,1.5505369846780916,1.426682396409489,1.525073508394782,1.5959407630153113,1.421642574453176,1.2678926778858643,1.3977219495242406,1.2554407029322474,1.1056137136836663,0.9671845658471347,0.989082300735105,0.8795455441435458,0.5695111845928682,0.5336983366755708,0.39226311554250015,0.18022531076431927,0.03056487405683547,0.12608568912758336
24.509999999999998,0.35677024091723936,0.5773631582546389,0.6461465536204563,0.7601022502173582,0.8460316418096331,1.0820523313048596,1.0121579226124802,1.2298239952135395,1.2347468829152275,1.3510599942152015,1.3856037047868668,1.403101357233049,1.5637149921982978,1.5928080965574012,1.5352924103732053,1.4628959815840987,1.4551439549660148,1.4696900530417856,1.3578281861092396,1.2674915709281829,1.4337457513466985,1.2627643685864207,1.0999558056919465,0.9829032141346451,0.9437505269475926,0.8349555620236596,0.6505178822655928,0.5445156527546867,0.3937678303805719,0.2953275467761989,0.10825030105753758,0.13507737114175697
24.519999999999996,0.32239421917271915,0.5006082065168886,0.6865443226198311,0.7318989530290845,0.8153500114093354,0.9973973791118114,1.0059237150953142,1.1763395263585352,1.1813542577906762,1.301214380082556,1.4304563409677755,1.5705482444579746,1.6047441328294159,1.5520837874094975,1.6064636339337395,1.3880997757480333,1.4587857471200836,1.4636496968800325,1.2703447261428535,1.1406413031773126,1.4383279468057386,1.3365886171741785,1.1342946353541947,0.9760589633324805,0.9489063541511836,0.9206549107893144,0.5835312873227189,0.5070342368977286,0.37518259001180865,0.22991718080599202,0.10716278776040927,0.16043487851928517
24.53,0.34983151290784087,0.4780079272231474,0.6110894969006162,0.5428229119548219,0.74513226209184,0.9546635719221783,1.0067328001972173,1.2359423764071877,1.2207699542601482,1.4184076818794242,1.427870962945785,1.4652815504244265,1.6787353111619603,1.5280554474619883,1.505901005352416,1.4559807249222965,1.416076404240652,1.4986323652648879,1.3787633195466518,1.2795467285208288,1.373229561654068,1.2665846265900922,1.0485429903251926,1.0027362170840464,1.071966946491141,0.9265812066992475,0.6115031677610518,0.5658946496888705,0.4579892696803225,0.22712803284872835,0.019925930343381172,0.17160999480000586
24.54,0.3254610335151516,0.38067598194239816,0.579327325096497,0.645781477934904,0.7181296670549732,0.9705558542615169,1.0768740212344026,1.1802435002539482,1.1118478950287374,1.2829776805656072,1.3905147369419801,1.530636392560829,1.6360092882286452,1.6918137837046878,1.6140753286136018,1.4609857349533277,1.4494208549008099,1.5205879743488757,1.393760511588913,1.2670179450423489,1.3401385824735992,1.257574600415953,1.1511197657516936,1.0699912146896704,0.9229105928229563,0.9730929599752484,0.6439007931169004,0.5775411594828741,0.4075886850330048,0.24134835793035145,0.05493457316607661,0.17803140844279325
24.549999999999997,0.3339858249328796,0.43381420056739073,0.5270849645591796,0.6071205366957176,0.7615988835505071,1.0745259765391304,1.0925622782399032,1.2055959183583371,1.2044127957773776,1.3555910463220313,1.4420943318104618,1.412532483646526,1.5785273801298256,1.5092952970514686,1.5337226427552193,1.353734163688603,1.4307160265968926,1.4492949461627223,1.2470803234002028,1.2472474981078456,1.3715294575178714,1.2102201794198093,1.2678668516720877,1.1412539641301107,1.0440953817070946,0.9905656179734352,0.6938654745657524,0.5236905979864727,0.4421703862778816,0.31055303064894146,0.055249351350995374,0.0302775600994801
24.560000000000002,0.3158169287962521,0.40546977124492983,0.6063475828854877,0.7046111742323413,0.8421651119238749,1.1348779615627207,1.0671327408587623,1.2526370763357442,1.271971757535652,1.3977407620139344,1.403052373068154,1.455803451005991,1.6912403507167657,1.6441981370847936,1.5351430840656344,1.452376904030237,1.432628202741798,1.519254610127007,1.3239697277355051,1.2544039013464379,1.4230124036217062,1.2659385785773725,1.2981801095550978,1.1277861031920944,1.0577858287416875,0.8055247361655082,0.5783796996729735,0.5005098900488636,0.39547640343086304,0.14539105658039933,0.07576143971947209,0.08416774728470533
24.57,0.36797933198148125,0.4647116572459454,0.5754413237825159,0.6541578037141121,0.7732907072630769,0.9703495966505626,0.9652919708441128,1.1818694327563743,1.2507479943988977,1.446206258162155,1.4900773472180409,1.524338241549324,1.699326093617269,1.5815237499756802,1.553167858509575,1.4078453066344412,1.5413609985647103,1.5027145077875679,1.2645063592254195,1.2745593248555225,1.3220014511132523,1.22137452825415,1.1353095161509712,1.0637144782211858,1.0393434710565541,0.9374400672542228,0.6883007042106982,0.6379006837309469,0.40202511625521603,0.24166740860552574,0.09883082411200671,0.08368822527193563
24.58,0.34571718414257746,0.3765230272886035,0.5636133153191566,0.6747706505434737,0.8275011222925219,1.0912863298626192,1.0785825196266576,1.2543738944803784,1.2092465344522114,1.2536665682049928,1.3590750425572722,1.5352419994243842,1.7032950329487266,1.610236773711018,1.5243408923078836,1.4119969448117002,1.51637051038476,1.4703319617142583,1.399262412464461,1.3118763629462475,1.3939506099193792,1.3505325529563907,1.176643817916512,1.137112434701774,1.0453505877633351,0.9349311484943508,0.6450611284891441,0.5451869110633059,0.42739632221319185,0.296507329277279,0.016629220337876928,0.1663892717815837
24.589999999999996,0.36447015624624796,0.44663399133757675,0.5693447496818425,0.6900402837334032,0.8435776438100737,1.0424352786311388,1.020268837970814,1.1940959275781822,1.1379193808415153,1.2801198905852755,1.4244187703948366,1.6013170765522013,1.7116897348557463,1.54733143942083,1.5156455992864786,1.4844235213826056,1.5474095017058724,1.555504745093346,1.3661633815737715,1.2139361431426159,1.2236591924358873,1.135892972679557,1.139047616978647,1.0132403262339045,0.8873096572479602,0.7904791892134087,0.6357633742285571,0.5801777659359595,0.4272278422054415,0.344919019630366,0.09931708348495874,0.12547651596875775
24.6,0.34183445093710546,0.4250147541320049,0.636104402641117,0.6493498867905146,0.7507525574942893,1.09263442624393,1.0248958793519103,1.2535228028685759,1.179368138334309,1.4061996329844475,1.4459072508226714,1.6104976785899565,1.6325576852325192,1.5733027239594972,1.4786026841865547,1.3682189142902086,1.4196383713922032,1.4371697714550502,1.4017852452288448,1.3374422769917096,1.3747240293095873,1.221819142691668,1.1038509086461628,1.0000391219022189,1.0889616893023948,0.9153868397096392,0.6870006152648898,0.5502289436484744,0.414740874540405,0.26389580157558956,0.13880516639630086,0.18351186548032558
24.61,0.2565078930649094,0.49760594894224897,0.6566955533811544,0.6250263980428021,0.7901681287643108,1.064073566351404,1.168177993489297,1.1557447134967138,1.263655628897868,1.4073613351280423,1.379337914572626,1.4097277523230174,1.5373205766790368,1.5581345736875791,1.4901605156404216,1.4322397861691574,1.5378196190560036,1.470421802875096,1.2719816514022744,1.3799552503119132,1.465055107574737,1.2739090935946216,1.136705419237965,1.0318636228053149,0.9478037066425632,0.8126026383353931,0.6786714342331681,0.5377538809459879,0.3988265971552954,0.18349928063388793,0.11186983148356838,0.13442202467993652
24.619999999999997,0.24614834431637841,0.4498642575903392,0.599813176709499,0.7747990586441178,0.8743726798318714,1.168062854280413,1.0751524052617334,1.1577378336059103,1.27214354759745,1.2866653868880062,1.3541638427177727,1.5491799587361044,1.7378391838737173,1.5277329467533458,1.42855382196044,1.4306802644554464,1.4730368125594755,1.4261146664281337,1.401599040456906,1.4652747964788946,1.4523524476580336,1.2430085742402845,1.1697579217320264,1.0450168287009043,1.0280022041814396,0.849453325210293,0.5542307640553958,0.5733341286271286,0.4412373574402164,0.32958789703797275,0.09549722712499732,-0.006453754204714654
24.629999999999995,0.26927809603855574,0.4702658093291417,0.6232389051186444,0.7639808963622341,0.908131211484118,1.0705443686557294,1.0057464411122325,1.2762782605697571,1.3856847206085414,1.324512445660992,1.3428557708305724,1.4208433081064564,1.5999308818019773,1.5446207599292021,1.466046159951085,1.4795153489650792,1.607118943431431,1.4316693370670883,1.433531837468179,1.3469151267501918,1.3393611747127914,1.1176611631852498,1.1846450205931551,1.0796083240333352,1.0803469007813642,0.9020075897198362,0.6443623301281847,0.5253055015974807,0.4052321787405785,0.18139193919979094,0.09949599943897826,0.03208135367524619
24.64,0.17138107929368124,0.3783790431675156,0.488158827279846,0.5821278130588283,0.7444143250397884,1.0832129641802117,1.0647308586757078,1.3140865511521966,1.2555754807370623,1.3280539595455023,1.3748754020856946,1.4404023261959162,1.6408900670445177,1.5838462467057932,1.543183987042707,1.395530202498858,1.501635445010775,1.4661042733276068,1.2777216710108181,1.3733279441114143,1.3558780118988816,1.2195318071299508,1.182969052697998,0.9993343398800857,0.9770973294418792,0.9613154165344174,0.6379514353324306,0.503640199986119,0.3325076321357504,0.2309951357321794,0.17303953467010086,0.09277955382263449
24.65,0.23299838489514932,0.5518549987977364,0.5139831236729573,0.6170290647542003,0.7997048550686605,1.0256151685750061,1.0358043204451486,1.2794724951088003,1.2918015324279923,1.3230320073300221,1.3658776891633824,1.3306920242554772,1.556431117934381,1.5782315432241873,1.5556350924616686,1.4391482342679007,1.475820493016967,1.4812765160023698,1.3314635184583545,1.4506505106306515,1.4702690194082397,1.253422663105919,1.2337349395092374,1.1125057562280398,0.998845117772647,0.9440470364525044,0.6563850834836241,0.5255390052214302,0.3286666536103416,0.25306204167286533,0.07531727147034811,0.023994504547822926
24.659999999999997,0.2316561591150638,0.45670319989049707,0.543859226237801,0.659925784798952,0.8978763870931954,1.0311941150362898,0.9601560790546788,1.2286185027262282,1.2853636700028677,1.3919623796618519,1.45269076061624,1.3989066127678695,1.515639931828346,1.4969961485258751,1.5564505435391078,1.6853292763319092,1.575496434158742,1.5183269149446188,1.40711660614263,1.3877165705720558,1.457491418601942,1.2241241727653214,1.1360073101472334,1.1011132152740375,1.0170595860498242,0.8206163742597746,0.640228173640315,0.5300148723476036,0.4144209183140018,0.23172709081506804,0.04137271213548864,0.09918144200880048
24.67,0.27397936454490135,0.4247919128354955,0.5518253927934915,0.6327562228090251,0.9063003505561285,1.1058407409067923,1.025832138707379,1.231887592270453,1.2557103114774044,1.4269936489292396,1.5035049256932878,1.4906898943481346,1.6561543906407514,1.6065919077882715,1.461660720856086,1.5549871696388962,1.4933013937966508,1.4749654341371246,1.2904201891975597,1.4043283764979093,1.4286539843217836,1.284072923885794,1.1945450362843173,1.0891891225902137,0.9556114798657294,0.8760707118098671,0.6841116051490364,0.49645314675466706,0.3840928038938379,0.22952590520116928,0.04906768986085776,0.15043575579641807
24.68,0.32258889659885326,0.40645639967286823,0.5732836252976264,0.6177756811122971,0.8238298470347549,1.0890400525024382,1.1141761360913125,1.2820915959452774,1.3161984151298767,1.409753897169399,1.3357315657771753,1.5305895285037587,1.6271109966279207,1.6302670906903265,1.527451342849407,1.4981152740670989,1.5170307832388947,1.4835549567575868,1.3063927548353578,1.357316615856834,1.32950235810351,1.215112448329721,1.1562857345805981,1.0132282505876011,1.0456489363960109,0.8910870134903113,0.7207141205170279,0.5024588954124776,0.4567411121787527,0.2583582746360343,0.13779647089754835,0.11433501355378661
24.689999999999998,0.19072234154554912,0.4990307448739976,0.6829496967315323,0.6931682883973157,0.8509920586034715,1.0004895521038915,1.108254208097612,1.2491219027444935,1.223932694091442,1.4007037069007862,1.38016924932615,1.5695377954665666,1.772460968171349,1.6501469665690653,1.4998556256429891,1.337209468007839,1.4876334505279178,1.3970180847852425,1.3075081261526966,1.3969837596895416,1.3830981454320432,1.2253399758757166,1.269423544034669,1.090679518845883,1.0085901542978264,0.844233819796701,0.6448979700990679,0.5159607111159303,0.45597273977563396,0.33975342428418476,0.13687978300519416,0.09535047890597828
24.699999999999996,0.17604711366977252,0.49711743458774443,0.5846484003339405,0.7337585813103404,0.8717165707407287,1.0066818947362917,0.9859177978507896,1.143320293391163,1.203172795923329,1.3586763942041977,1.4169963007072721,1.5765472151143864,1.6192169677909434,1.681552092459367,1.5736924157385315,1.5127814502471695,1.5077431599256388,1.468966902273126,1.2634757386460111,1.3468056424443722,1.3688131806514656,1.1827700678512092,1.0975542867448094,1.0902336882841552,0.9859017796107443,0.8088419560429343,0.5622926317986553,0.5546256646819886,0.44956740168437437,0.3152181757022094,0.056186940365916656,-0.06605922203420703
24.71,0.24313316825517806,0.36139132596255363,0.5667149795487877,0.7323218222273858,0.7788288070073004,1.1464576971576614,1.0795305215557174,1.2292287576001288,1.2262815860409846,1.3330260087551034,1.4891500336820498,1.4575391867409362,1.6062719367808826,1.5783351175568363,1.5142833509400782,1.649516715011666,1.493407133140888,1.3811492720041922,1.3826723504237146,1.4660610597733696,1.3876831951785595,1.2263742087711953,1.1384939572046238,1.0599728939669073,0.9333624064635118,0.8719527660631166,0.7047731892616153,0.46638455696241005,0.4325142627625198,0.2688980501365519,0.06957161233056375,-0.01264721418102159
24.72,0.3372976236455089,0.43064202386088657,0.5852380229430779,0.7133853990820045,0.8283636688140279,0.9928020257635457,1.0513775075520377,1.2765885775573476,1.21692123011147,1.4328973078543923,1.4816838116866795,1.4449160644697503,1.6353218847244066,1.5971148446914312,1.5221507029606198,1.4002281665106262,1.4990335390252145,1.4492844687520483,1.3941226302944405,1.3560825418727993,1.3625703140282484,1.133525346321931,1.1980512607752032,1.0796839566440106,0.9493393564544355,0.7971802534546758,0.621255993728788,0.4577075479771237,0.4191901808749613,0.26044988535744557,0.08834453864826017,0.09300967722695799
24.729999999999997,0.34053576026715693,0.47442247178035735,0.6329384710662231,0.6743315042382637,0.8270864847435613,1.1067503376760806,1.075913327227133,1.3146697780630379,1.223246571465126,1.4047692563735246,1.4500149624421825,1.485541805875755,1.6183808462283233,1.5303515400471004,1.5352529660273189,1.5176814166279466,1.4053473261914313,1.4301200569738644,1.3693195592582548,1.4543550715904137,1.3910114095151238,1.2034409000359747,1.1180230411710388,1.0091477726151885,0.923277493823115,0.8367264479007346,0.5431730878269749,0.424768819196202,0.36425786372836183,0.15375480299042263,0.054495787162106096,-0.003326628631297658
24.740000000000002,0.31619181617396563,0.44309443596383175,0.6028419549822439,0.7034030277455556,0.8760317836703586,1.0449761967142284,1.0760165574001874,1.2688615791987699,1.198749216501776,1.3618161455381734,1.3213671684215642,1.4757692631789312,1.5521549541793727,1.6803862309996866,1.601782226729506,1.5098443560865786,1.387292147580539,1.416006115458172,1.3544581515546272,1.3433017437962091,1.3008464717836468,1.070092333577831,1.167457483245381,1.1738989793491434,1.0438506864296977,0.8126411842003864,0.6111208087571729,0.36453941827463965,0.3704654199854337,0.15208181535687196,0.02308805187619307,0.09185738833118139
24.75,0.1635290074422532,0.4269231444363057,0.5197816556801469,0.6028430727014316,0.9109853859768143,1.0625325625079374,0.936938604880971,1.2599743689484082,1.369634218305386,1.4208004666637446,1.4071364164738942,1.4170122845413493,1.5375858643722324,1.5270766409262917,1.4122920905035614,1.481910948702301,1.554624816187127,1.4522329960443348,1.32308926688279,1.3780450958459196,1.4423927577973428,1.1351664581140515,1.2372248777568173,1.1610594410017496,1.09913880702877,0.9036067940057632,0.6117215864722414,0.4538211890621853,0.3925854986650311,0.3227098887503433,0.06644051361586056,0.06715162362755045
24.759999999999998,0.3209077398382483,0.423226291562762,0.6407705078703418,0.6408287669623922,0.9770154614954177,1.1456393104266143,1.0964895674598085,1.4028899801490242,1.2896985326313315,1.346337114082065,1.4009864413340185,1.4847131427503855,1.4883545552312683,1.557544880890037,1.4582339401393145,1.4604128168406576,1.4538085100075422,1.3944501698357163,1.3799430863917412,1.4434823986451668,1.379753512617129,1.2138171872723493,1.185283449918982,1.0947951196345123,0.9914032675841861,0.67665296789187,0.6191320486491166,0.4602274356824532,0.3456741286522383,0.16910995533060877,0.11018708803338086,0.052397878211102034
24.769999999999996,0.23657189677091542,0.43015655824209365,0.5646759038483282,0.5871983223681836,0.8820142178601962,1.1900031149003867,1.1293485091384075,1.3140577718199622,1.2752780678149085,1.413453624761996,1.409699268855107,1.4935060767659323,1.483820605859078,1.5048727517420257,1.524790079298005,1.507171468406273,1.4370772018730626,1.3864036260738948,1.3660502189182515,1.4103411792840848,1.3903346436740325,1.0466976436873445,1.2223395449657777,1.1105410677933734,0.9134242021439285,0.7779592261478069,0.6673251072449726,0.40731810756306824,0.284204150970844,0.26595838508490954,0.12192527702540465,0.1310042585173698
24.78,0.24218874387465025,0.5109125735395804,0.7107427845630511,0.658450270698092,0.696052638775075,0.9783410990772228,1.1692995165862339,1.3358474717266262,1.3223253665223398,1.3905951479309184,1.4113390754845356,1.5809950477765533,1.630829397755901,1.6104282202121913,1.5036331874530617,1.4980555948815895,1.480937025974945,1.3713408263412987,1.2451307958572242,1.4504454727369922,1.2857654386394246,1.1401495656572274,1.1254210416372754,1.1033962215317172,0.9022511734327721,0.7241927813507937,0.6183015325525429,0.478233095734517,0.3880987364879958,0.17750651306938456,0.006051001976859009,-0.017811550299808823
24.79,0.25426300794295104,0.5401338019171287,0.6494731556815668,0.620474184646699,0.7719887420125527,0.9606480921310664,1.104211950389226,1.268790496527309,1.3836784812634217,1.3432682186050835,1.3559011369900742,1.434341673906894,1.5515521096382088,1.5296269360797088,1.5152610535427125,1.5634701544020448,1.3911250443588232,1.342123184073171,1.2769817635990943,1.3090966809771936,1.3133304107322354,1.127856644831623,1.2207986587562256,0.9664963699242447,0.8889856390223658,0.8018067102299058,0.582396272037526,0.49733435517825036,0.44101607215444893,0.24484679488017966,0.060849140957287544,-0.02329222140168269
24.799999999999997,0.1905742745835168,0.4347843432868169,0.6969476446645684,0.6991493239504343,0.813431346400067,1.069724527467595,1.1615751145164726,1.2768215252873665,1.2909156094252388,1.2652053105928414,1.280666680528071,1.4757510076804201,1.480107621360398,1.584907917254981,1.4652277793248198,1.4760583288064528,1.4362794471448863,1.315528235996763,1.3388835290325831,1.4533588826727624,1.3192794025405798,1.1005669911211937,1.1821695987626508,1.1078366172123746,1.0760359667070019,0.8178192789756497,0.6041444469918565,0.43397773552449603,0.40159370197195027,0.3246686279831997,0.1193628246406861,-0.02242223886165039
24.810000000000002,0.3232192947631446,0.46687904380123685,0.6450104496594615,0.6624011918979491,0.7909661213520364,1.0565399755571039,1.1510484965791787,1.2259171847857238,1.251221954459869,1.3866787091166686,1.3784995431409381,1.5945227947548268,1.5722800179015564,1.5416755523895849,1.5940451956447548,1.5575541462221123,1.390602982361281,1.3487632992686756,1.356729535879922,1.423671457403468,1.3466941676623179,1.166009957538847,1.2046547690160743,1.0322094657137963,0.9616559427014764,0.8462951631726515,0.6234621941612677,0.4625274173319681,0.4641013732082847,0.27745196322969484,0.09456119950388163,0.05379503053381845
24.82,0.3189519859332891,0.5248569273199675,0.5249225414085091,0.6888514543279556,0.889083082601075,1.0061849730881645,1.1024764642107057,1.3725301525668978,1.3384510045181717,1.4349920587289198,1.3404489196633746,1.4587365753555463,1.5372856365924978,1.561594546392017,1.54659764832639,1.3977576340297238,1.2964612230041828,1.3726524626924435,1.3636646765512808,1.4848196982145287,1.3884254092333606,1.1344767626416634,1.2822784973971402,1.0583391159583913,1.012208870273211,0.8243387629885874,0.6291231167787209,0.534961722602374,0.4355031946587137,0.33853464679739936,0.06560141086381979,-0.03398597305469184
24.83,0.2650110674561529,0.4647067804039352,0.6198840466019515,0.7527430191652729,0.8157275278046312,0.955841455993381,1.0801689262414178,1.225420327080253,1.1743155252689472,1.3058324955168694,1.4124559141281359,1.3998532268335457,1.435665625386892,1.5417835027698135,1.5222493479760508,1.5821972123275583,1.3756107663546713,1.2529595732760515,1.360719873461648,1.4934059606950802,1.304524458115415,1.173006168592023,1.2502115674165617,1.1048391709134495,0.9414054360752098,0.7798670582168697,0.5832262545934451,0.457242558075881,0.42800575964905635,0.21803852021844158,0.09569069672271999,0.10174044974626897
24.839999999999996,0.3250190604911266,0.4698278115767871,0.5802018372193527,0.7293445915739939,0.860254647043817,0.9841959825385638,1.10614022073089,1.177030134503845,1.2559696588862703,1.3021769684358728,1.3477788061605875,1.4633864018711278,1.4760226567696053,1.3987418442499255,1.4469917046509853,1.6617783971723323,1.50496254705451,1.2599996483455826,1.2256862491840654,1.4236345866563878,1.3670452443636372,1.1341783453129983,1.2864580567530868,1.091776286836383,0.8913421452905638,0.7604053431067737,0.5901328919496119,0.42329549041249415,0.35324706905010733,0.22247224636974902,0.06275094934181573,0.07829388575920083
24.85,0.3275929731491981,0.5192620311475238,0.5710084707830626,0.7838028709865762,0.904880123671811,1.0807279456683248,1.1500509979097195,1.2387547711217517,1.2840838137050483,1.502069889114485,1.4590805887992415,1.404363305505479,1.4458438875412474,1.519138993619257,1.3927264862242512,1.475582999647126,1.3249239974563436,1.259137540638686,1.433834670011684,1.4873959588709806,1.3853349981708107,1.2011281282891408,1.0975439734878873,1.1345754063280122,0.9853770503459507,0.674961535652426,0.6851640315006601,0.5475788407155198,0.43863960447018396,0.2840535342653034,0.04824135989948437,0.07338326896651866
24.86,0.3286189602286674,0.5504322241388979,0.6075807394300006,0.7417257981779397,0.8330580195587669,1.0709713268240941,1.0441160723269878,1.3052995980111957,1.2130810095688134,1.3429713234274367,1.4719248086058079,1.4544163569531723,1.450575328817769,1.5297538165285895,1.4780419766207358,1.4930134359661447,1.3602529102345988,1.4097433404935436,1.4036773136355485,1.338273699184218,1.3468088870265855,1.1385887640581402,1.1600804557567554,1.0412425595695958,1.005138282310459,0.894080276826916,0.6953702010870005,0.46694783490740693,0.36961222503681596,0.27084711293865826,0.1308846017122133,-0.08694242255261661
24.869999999999997,0.28766929970707306,0.457403552305544,0.6106085709645018,0.6386289280526212,0.7481463778458075,1.0484718138669682,1.1253221303902154,1.2007992029456875,1.2509585609964133,1.3079152589645464,1.2896834504979195,1.4140702403131022,1.4652102769736122,1.5338677334232553,1.5126880598431813,1.4746933840912562,1.4067112649407763,1.3191449600516285,1.321706539800238,1.3628584886588289,1.3398263799281533,1.0909957694689418,1.167771139394978,1.1425342267730643,0.9180386536724439,0.7387239722682398,0.5706695974277463,0.4167936838681823,0.5258950295045652,0.24424647854043796,0.12292310878631811,0.015292560370026426
24.879999999999995,0.4022581385127923,0.5761223131877131,0.6484860075023011,0.7887903874969563,0.9121507250095806,1.0878752976827692,1.166433703272689,1.2028948549304648,1.2969545544349887,1.351021695903845,1.350995089706914,1.4670455879664401,1.3613482308107585,1.5002129678863811,1.4296554565750186,1.4470197151155453,1.2730966147154439,1.320263850913733,1.3700321827255046,1.4577293810449103,1.2936504806575433,1.0762218288055352,1.1246071855422466,1.1473521238248592,0.931133729964474,0.8094761743258699,0.7035862097305803,0.46917422213651194,0.5182370269411288,0.2370643400253402,0.10679892317846809,0.09357400987779732
24.89,0.3175103231199635,0.4722337494007698,0.6749563840370274,0.7401074459441298,0.8045808384176167,1.021354048637067,1.0481696671091452,1.2466853492462255,1.3446183513325456,1.3018029636192796,1.2499077900136837,1.3597868830608624,1.399647580272111,1.5493570411195745,1.4143158073829747,1.436770426586203,1.3170266395038759,1.2251168716769747,1.4142769084721234,1.506250153762939,1.3513531917805626,1.1301649102724258,1.133382656369917,1.151949182509497,0.8735775333452965,0.735218163614495,0.6745294861587886,0.42547600768890687,0.47022667103423305,0.30417613934447807,0.050288571161708685,0.007112217422861132
24.9,0.33182920938959354,0.46066601129148754,0.5630544025393257,0.7884599170894931,0.8182507996078194,0.9373896578683876,0.9960489445922236,1.2010273524439856,1.2790386989061837,1.3071488246433385,1.3394906580047794,1.5349073934919815,1.4790254168234618,1.4684907423961393,1.3885551901296358,1.5785630326774909,1.4515326219580573,1.2490074261900856,1.4116306535456755,1.4384049151754787,1.3968216004098857,1.1693283744404837,1.2591986247462383,1.1370557724097212,0.9211828298609613,0.7792038377767664,0.7343035353778666,0.5410668911123868,0.4384905919059684,0.2961919133859634,0.1452980254275038,0.08681723698148747
24.909999999999997,0.3561038878165402,0.5042521968822019,0.7196706622221777,0.9238968822504227,0.8746138476606974,0.8730605997253771,1.1108608768485149,1.1977719949880428,1.2846076797385866,1.2398012149894808,1.310231619620286,1.4811976045719384,1.410608521353834,1.4028783012647859,1.41493092587851,1.4659994142112784,1.3951049468538823,1.2642517962983746,1.463968336826435,1.5448436797560092,1.358874799755813,1.1839507930883935,1.2612524449990696,1.193128001380922,0.9178411661564719,0.7319014722230651,0.728027124039889,0.5005956669118955,0.45072720385959253,0.30867589482007,0.11177802541053015,0.07209144478985428
24.92,0.24736970916020484,0.4741796191464474,0.6207361257248166,0.6971882003700339,0.8396094369265804,1.0143280536228858,1.058602271590649,1.192629942493387,1.19532939276082,1.2057240560695535,1.2555269136343106,1.4504259323647197,1.3582436361140489,1.3805538067222702,1.4300074365148892,1.5091025751557665,1.4557441545137733,1.329246714071342,1.5348384100132129,1.4845985609409509,1.3342886338467599,1.0880164374611279,1.216258675889857,1.1431155141284788,1.0536014805489213,0.7775069491484881,0.7625689343164669,0.5141802187254876,0.3909758346202947,0.25899530495651074,0.06294368467569918,-0.007111812132907867
24.93,0.4175699030993113,0.6629615212596709,0.6380422042401668,0.7965777885351,0.8798784963785979,0.9979523253311009,1.0599733338842383,1.2135552649397052,1.2173902857688805,1.2168030309262639,1.319297653883098,1.4035571207527011,1.3975688230536594,1.3853884416755375,1.443719836136762,1.5814509962098753,1.431655129530717,1.2863502820710766,1.4839453524541484,1.4560504345563308,1.2856167872485798,1.144202323503279,1.2356996327884722,1.1782581763254103,0.9795803955612647,0.8413437196009362,0.6695799660857246,0.42764775485293427,0.39380046610212005,0.2188581292560854,0.18463668461613236,0.1309932687017697
24.939999999999998,0.340265515943176,0.40369484538920064,0.5463728751619943,0.7660904938960226,0.7583545230894722,0.8217434289785991,1.0128953045748659,1.232459857258185,1.2821506836423768,1.169544991540754,1.2099973317573398,1.432237211769581,1.3246152001473241,1.285053729145197,1.3961470941653995,1.5429369132071815,1.4139821499479788,1.3626798158358762,1.4899464589430793,1.5382110088502492,1.3667732847637835,1.0374019356161643,1.2748808051039235,1.2252251798951392,0.9185905452948865,0.7384729686124615,0.6570479185475387,0.4278678923745747,0.3885769288884917,0.24165345575889652,0.14891659631795415,0.09123968409139693
24.949999999999996,0.31619958912828416,0.41397610403568885,0.6042834432077819,0.6785357777597322,0.797610143688742,0.888255672586976,1.1169557873816702,1.1146600400317113,1.192388234669746,1.340072633835491,1.2403793578403561,1.4576197141964369,1.3460584416047316,1.4594454623366342,1.4173128680894627,1.604423009441007,1.3439324565452546,1.2658007261035902,1.3503244043251432,1.3773505913203499,1.3422622449671884,1.1603297237310748,1.1829344284869345,1.0962727936257723,0.8589672427321365,0.7929233131676094,0.8158416979936657,0.5577698918374084,0.393245799808695,0.2478705172919953,0.07302726223565692,0.008283242020416914
24.96,0.24974954387104625,0.4185761697578747,0.5917090943632243,0.7146877869818059,0.7980905959886454,1.0029800953396808,1.0926200948936702,1.271294860799675,1.2550193462558055,1.2800353174832573,1.196289887309798,1.4157376958477839,1.3346583931031566,1.3593713753788033,1.3805337069085015,1.5766650134104396,1.3934959981588926,1.2974597748826826,1.5170361231160983,1.356231535949035,1.3668709595941428,1.2712923228886928,1.3213832661132876,1.1216807557700745,0.9190508080433593,0.7897671309994099,0.7955079865828475,0.5503943773764687,0.528651157360276,0.2663995915174301,0.15649161602297387,0.05991667687696886
24.97,0.41638831872502136,0.581831866435186,0.6608180558725044,0.7655893952899555,0.7673592107124387,0.918140572501087,1.040398650171966,1.1697153148720683,1.372171075184996,1.2802002506591221,1.3056739270717952,1.4179865897403765,1.3453229889621716,1.4384179108743358,1.391728542009498,1.5160723647458048,1.3083356216948474,1.2620462008735902,1.463764362256199,1.5332094371692067,1.3640789269057225,1.150539624442614,1.2604708439814507,1.1657276544595325,1.045084017194112,0.7391289467674649,0.6523288063387839,0.4339923393593186,0.4433997653126958,0.24969082958666303,0.10607015095776669,0.08639760707987204
24.979999999999997,0.2598508055146299,0.4765578411514156,0.5692328429153641,0.745427634806506,0.8795379698012152,0.908615794035872,1.0936813634337643,1.2104241653498382,1.2854957471224944,1.1684967469915302,1.2790639056737771,1.3928071093861605,1.3862698882458449,1.3604180996920774,1.255040681755609,1.472058060685184,1.3897299040742168,1.3996405979577882,1.4568404023405894,1.5495181593932965,1.376694655655393,1.1634203019840716,1.2533604983158493,1.1732610352799226,1.020770460276269,0.6959651106427753,0.7292472675113086,0.4191797028003741,0.34143817331347925,0.2271358098357462,0.005425926698250736,-0.014323460135847295
24.990000000000002,0.3467490744914904,0.47101710922918466,0.6228454771754054,0.7932940583925577,0.9602910134578029,0.9710630204464842,1.1335942933600898,1.1227460571212022,1.2572762186638127,1.301715126120771,1.224583047662388,1.3523927021281148,1.3166724792489475,1.325681677369034,1.417051271796498,1.456622058943705,1.3162511119528066,1.2625155184791181,1.4997209316101814,1.4382512910124527,1.4192735652721797,1.2076220307950662,1.2575190107372312,1.1530799353454415,0.9795595807671766,0.7398956141444687,0.7692412495276518,0.46439119951371993,0.374670529451808,0.2419511260795116,0.22010198288583427,0.07625931581507212
25.0,0.31985248320267806,0.5389000808915214,0.6141209607670981,0.821165947219803,0.8014109463946832,0.7743138101464072,1.0419359260938652,1.13395620872126,1.2471151262267524,1.1770188689222452,1.2399886631957877,1.4424222843851544,1.2969217222784548,1.3340327355118442,1.4219488960572435,1.647174769678262,1.3476277276054063,1.3192390979185915,1.5098269221197125,1.4829588608858248,1.3370126110350489,1.131853230671819,1.2025770271856597,1.1275935788548823,0.9370565795706768,0.7377699367154935,0.6847029462082564,0.46793163446723146,0.3467148001789942,0.277577525942099,0.057254133914888886,0.01247702029999568
25.009999999999998,0.2650168322247545,0.5608686857061002,0.6900829783973613,0.8298711087204171,0.8851654787166194,0.970586645131477,1.0800498194459598,1.1133967525858641,1.3506278499994115,1.3171804829285574,1.3247092989700895,1.3422695071389323,1.2782281325083265,1.3832864146084036,1.3795585623321571,1.5682484680297817,1.4537235602944663,1.3314986504531885,1.488531033077793,1.5060506502447117,1.35052952371499,1.2777890019987193,1.2161782001950985,1.2106358044604597,0.9852624499868576,0.7694894678894336,0.7589806251630585,0.5750223846412459,0.4796722163537883,0.32956750903605136,-0.012723839251766466,0.02113201253895667
25.019999999999996,0.3916733151712642,0.468577655045917,0.581761983204647,0.6958832539196527,0.91915442053379,0.8891493837189421,1.0815746154787933,1.1930930840804816,1.3843715451552563,1.3282813595243206,1.3300656006681497,1.3487969095154602,1.299933236026503,1.2925288299581896,1.3997531942850832,1.538780223079134,1.2676744419367667,1.356780370991673,1.4398126587047058,1.3768365930494137,1.3119850796456496,1.200572275072565,1.2239937864297568,1.1719002650099413,0.9423567131182126,0.7431967717453863,0.6758113205605918,0.5157302745255057,0.48708124861882707,0.25466406733605146,0.08359967795813994,0.09063736975678971
25.03,0.41791651516142453,0.43444788241005666,0.607965196662968,0.8195594076255034,0.8172086663560226,0.9480515847599852,1.157963161414902,1.1837822405615048,1.236111453247012,1.259290584951071,1.2701922401467431,1.4017614034253087,1.3699988868654036,1.365321496839735,1.3829172565104986,1.5151667631726813,1.297571136847224,1.3046276728494646,1.6130944728386665,1.5160410569223348,1.4158191478814321,1.1788407840625572,1.3037731255215441,1.1827696387421684,0.9380247045880536,0.7219511753810031,0.6982504448150553,0.5949988996620752,0.42096404671427196,0.08853538923361419,0.034722494064010845,0.06476099620191214
25.04,0.41700378421980416,0.6307785358691025,0.6703939193784006,0.8136522860274342,0.7595813827840341,0.9343314725904743,1.0564316356506143,1.1819659853618807,1.2389916681243542,1.2931832029358987,1.394200307331967,1.359708955166918,1.3097426827082759,1.3120937211351182,1.2804789002622503,1.4905683542831314,1.4966222174312087,1.438290252068092,1.569726176374239,1.4565078022579336,1.3029414920647555,1.1872671956751009,1.1887341499633508,1.1179905311522897,0.9014283507800245,0.7324435664240972,0.66808353905222,0.47826054831283416,0.3440964009986208,0.1781821246384408,0.024341115382196486,0.08253527382212344
25.049999999999997,0.3205387287099187,0.49573674396665673,0.6018927836692223,0.75619336818909,0.8465986281728992,0.9641375974991135,1.149281404886971,1.192260633198292,1.2148682991586897,1.3043338172062258,1.285192122085663,1.3950456879291366,1.3903602803179613,1.341922900244641,1.3765059954100158,1.5425440025435146,1.2732147190886443,1.3741513852739788,1.558616176464824,1.4044900668898301,1.366478392291254,1.324972661998152,1.2384259116876684,1.2198641997974364,0.9563962076300156,0.7098457762889891,0.7376336719928922,0.5300501441992509,0.38572719324756266,0.2977235613072612,0.04610061484843887,-0.004495102645833492
25.060000000000002,0.3503874341238613,0.5787152291166954,0.6372930330975785,0.8285995306790445,0.8264445261661952,0.9856334217619835,1.1474963832280383,1.1674588283678597,1.2331736953902435,1.204226136825202,1.4008057479312899,1.3827420540111235,1.2464986504965068,1.3892831934670962,1.3563219200434755,1.5031141639780088,1.4138633213865655,1.5277105799536825,1.6109878343351582,1.462711875116673,1.3380331101761656,1.258871016523987,1.3150950514523831,1.1621170921081634,0.9782009232375078,0.7450903623701942,0.7615499522771748,0.54294818748222,0.30378116279051576,0.14088564331590397,-0.02593366559455638,-0.07257671642509841
25.07,0.3285835618785291,0.45432492784612655,0.5392149823052539,0.7353964064707603,0.848774722720363,1.0510786792069309,1.151960368401061,1.1168971607444829,1.2606795097760681,1.1922797440274566,1.3064672714258723,1.3928974424926568,1.3799692150894198,1.4063313776466513,1.3745531138729405,1.5708772420727528,1.4572239698196199,1.384876278811155,1.608531741265643,1.4336308811921357,1.282858913548998,1.2785552500455037,1.2829327776054793,1.2417216500986945,0.9508580872411769,0.7494884480560451,0.8302078006577335,0.5349144724966673,0.41619905541603835,0.15546786390834058,0.024192612365900572,0.06364400304750675
25.08,0.2357981145225041,0.5099796758928442,0.5350422796733763,0.7214294680617139,0.8760273239166687,0.9656152439584387,1.1262403828055025,1.0931878228441947,1.254843796599849,1.2874647238372108,1.3181789823213805,1.3307153850971374,1.2901837511280467,1.312483332945243,1.409158172750212,1.6012644463403585,1.426524663793311,1.4633182984066178,1.5911456744146855,1.3236899672905984,1.2699157584096632,1.2929194062813876,1.2840299667486679,1.1089421984700296,0.9360511423737888,0.7148786386880633,0.7019111992933323,0.5248752369313544,0.35378146204283306,0.2700517552410105,0.06731523581031136,0.002319802551990921
25.089999999999996,0.3005120253663542,0.5059576661530419,0.4705688977857028,0.8324803137215144,0.8836592141876398,0.8946342589460873,1.1326088747816478,1.1296622604282733,1.2860025510753066,1.1709459168142362,1.2807029819212674,1.280540161561872,1.2854089587242499,1.314995960954795,1.376799517559969,1.5889752347572312,1.395081966959971,1.4349836880808902,1.5634977434573032,1.4833160113964268,1.3491904290627004,1.3347299074144676,1.2456252285638876,1.0807062205699318,0.9289606828053798,0.7387151747928411,0.7719742418263958,0.6774404506455229,0.3937166069693681,0.07793645324467395,0.14663708300350664,0.07396100470017931
25.1,0.47151396165885534,0.5995018912755503,0.6493150712669741,0.74648671201733,0.8398289050111464,0.999604222075631,1.1512348238478405,1.1920604248343956,1.3736060203362945,1.4207651382374453,1.2705413487625485,1.4010019638204156,1.3897507103103366,1.368857160281949,1.3681944406621906,1.5955282909171749,1.3907262239040215,1.5157987598702403,1.607942273263197,1.4695332320477,1.3262702898902048,1.2740180981627645,1.3354160452174035,1.204191065802067,0.910180525724963,0.6564128932348161,0.754921265280656,0.5659971062014583,0.32096118250511085,0.15935278698122335,0.04429665268802328,0.04048816233094868
25.11,0.3922306381224131,0.6182726485201122,0.572088108405549,0.8106703089312401,0.8539829982056567,0.886892025401774,1.2048348910988225,1.1438883427439133,1.3126584193585558,1.198360429141736,1.3294557864711483,1.3579200478613722,1.4209684214721792,1.3138376194454475,1.363979875549726,1.5171296396594913,1.3851851664195287,1.4148896351665115,1.5586036151287501,1.5026217471081653,1.1579893234316818,1.253553187226964,1.2211404643512342,1.1562616120955609,0.7515176372928573,0.6991217729956196,0.7648959375044686,0.4808587331289884,0.4492290449883492,0.24102397565737144,0.006007562255037031,0.09675594491482248
25.119999999999997,0.297071808760561,0.5018058774497856,0.6515810580330063,0.8345594907294515,0.857676372415361,0.8844135488907234,1.1666532136631065,1.0658595033672587,1.2736055129338018,1.33668717411868,1.3450581139362403,1.252797070910287,1.3341705365713517,1.3110488141009213,1.377483827627925,1.56313846882883,1.3937775325234005,1.4698985727961098,1.5336287882923305,1.459849540608689,1.267527826642845,1.3436962641158074,1.201735430540702,1.0860803583539704,0.8179093021174496,0.7379815378082663,0.8050499959189319,0.5703832245948942,0.38139865186142485,0.13930297409677414,0.01856014976928695,-0.016157154468396065
25.129999999999995,0.40658229751524444,0.5540412294454635,0.5416891812376529,0.8741338830184125,0.9569825169800812,0.9752550505255881,1.1615652663759393,1.1782754237812296,1.333207121275701,1.1830528420373148,1.2713297119497968,1.4321328749259186,1.438185235824709,1.3931181044492205,1.39636769564127,1.4928758583920183,1.4842355703761922,1.5136931069281565,1.5652523684536903,1.2647732718562044,1.1725524069240285,1.3212307753413683,1.2310907088795036,1.2043335196547382,0.9006337522470663,0.7505006830192127,0.6695019840740721,0.5707174744507924,0.41917932216130455,0.13996367382623023,0.016970266743148676,0.029584613697829568
25.14,0.42188096180391227,0.5023864884707667,0.5944992921180539,0.871971173478979,0.8481231313183792,0.8933347580709401,1.1333766230264277,1.1814378892632458,1.4039984152847407,1.1827787878917615,1.1929746288935161,1.356869743692651,1.3740198481098096,1.2939518864249848,1.4229823169405258,1.5550542946919006,1.3820218223424587,1.4744632232133887,1.599422402164171,1.5282881055850281,1.303928618950168,1.2501415844286863,1.1225346256634794,1.0017196893665024,0.9225102805824104,0.8345165268899978,0.7451088626066641,0.45556118518505845,0.25976685819070783,0.16415137779180874,0.04881098683259776,0.009184763789180733
25.15,0.37881552103910987,0.58739692972188,0.5939277772521341,0.8703793461331585,0.9268383970158526,0.9805535417785037,1.1475061091488432,1.147003601395007,1.3874239774705313,1.2370925750284403,1.292545485613039,1.256341198632731,1.396248242441831,1.3416786411564192,1.4379674578768775,1.604219679874273,1.485687747779041,1.593446977186442,1.5612061990656838,1.375049452222867,1.1972403977568782,1.3006370727374115,1.2124612248584024,1.1878992886363426,0.913270736242179,0.8325813741234421,0.7856650009529592,0.5242924248323216,0.24162766321404464,0.12253074542741353,-0.007622706937405407,-0.025206777309552092
25.159999999999997,0.37508123124847204,0.6718900164010851,0.5927857472207098,0.9353892463590641,0.903017579555585,1.0290395025288,1.1417836731703124,1.1383550597601582,1.2649846881961158,1.1555489467779823,1.334461938173393,1.334799547856625,1.3700303007072758,1.2323075589186807,1.3811389139441244,1.5558554683026278,1.461100101947646,1.468176124469794,1.635806508107683,1.433051306881846,1.267649181709386,1.2496317823361291,1.1414420375797532,1.0290573973203192,0.8203568306166368,0.7219041340540467,0.7301754724853575,0.535978392009256,0.3571482924958399,0.11461645463758967,0.0400119244465803,-0.027418549380608975
25.17,0.36401526457672473,0.4992373475075398,0.6683374275920859,0.9525606602767246,0.9342230675869473,0.9816169846938999,1.155002435098694,1.0516439459621978,1.3447532548684342,1.3346601556207351,1.370875190397227,1.3547047532504581,1.4435093444855698,1.4186305257159746,1.335284628412986,1.5554950113973114,1.5601797111843827,1.643333304627432,1.5551509481707144,1.345668678842244,1.3301867861121548,1.301785901730275,1.1851925191738133,1.0803448168268546,0.8595335827130842,0.7914640863334913,0.7655706250785443,0.6368432903770783,0.43023715152811276,0.1542391009765139,0.012077767166299698,-0.011925339763915209
25.18,0.38721820885707264,0.633687118677497,0.6712538670711906,0.8399113116241149,0.9248885073080011,1.0213322057187268,1.0884191535162886,1.11232018727946,1.412462551422246,1.2950936621408635,1.2011435013394451,1.293103415997085,1.3863393336193854,1.3143103735258195,1.4218113264756935,1.528703706653015,1.4722976331774429,1.5756756657411006,1.572081927371901,1.3294777112677956,1.1528436206208583,1.3087618234127971,1.1863309855545674,1.0244769039811648,0.8500198785900356,0.802078956706062,0.7698203437395543,0.5143836847130934,0.39465145183689815,0.13527689366629253,0.055576249807301165,-0.00791309772886413
25.189999999999998,0.4118405329492263,0.5020142067658255,0.640806724073959,0.8239511038111067,0.9467449674319208,0.9256600587685447,1.1524247982112523,1.1854845068621995,1.3179428435558973,1.229432180513969,1.2513630459777647,1.340116603911524,1.3785174558137112,1.368300011185838,1.4838123673197547,1.5871234110144012,1.488350511455353,1.6396737103389838,1.6661724699123028,1.4285967896638603,1.262459422328446,1.3017844028756094,1.092619296550602,0.9038596006857033,0.7337807837817856,0.7388160734705335,0.7765014193712954,0.6928429491390075,0.43718002130464073,0.2900327808536679,0.08435021429288721,0.07209298126307431
25.199999999999996,0.4579735858857013,0.6975136495342139,0.6023907379744164,0.8315629387621705,0.9284069186545915,0.8908998857225965,1.074935874670705,1.189132916883497,1.4183206414784606,1.323562386098372,1.3491792882561122,1.3230298578413304,1.4489180215174968,1.3896099984483086,1.5524687060264468,1.5801941750443615,1.3769087624104348,1.4999568190233428,1.5214736488707694,1.4136173744742557,1.209258558634516,1.1272984561490953,1.2140741729297233,1.0865207930371863,0.808253905760812,0.8134627238971059,0.6933916332867226,0.47462939774357266,0.3247572334674245,0.08261986554194047,-0.05496639728256446,-0.07690890761116916
25.21,0.36243743735485867,0.6037866979439561,0.58799471086955,0.7579599919198011,0.8564266765833501,0.9649719661621269,1.1799432387623292,1.1792003273734428,1.3665607069764079,1.2688138131024056,1.241819881596121,1.2823433162923459,1.361580212652639,1.2733047024605824,1.3802240440427205,1.509535514990977,1.4189892124138532,1.4940093058194694,1.5279435019822192,1.350751778516542,1.2092813701924146,1.3213943510009047,1.1059928767577185,0.9956495959742553,0.7984154134407245,0.8174054163936245,0.7487381313415511,0.5616164261949448,0.33262370502028893,0.11635088122440265,0.052994001714927026,0.05044064289787641
25.22,0.37856682958671284,0.524818562346663,0.620326778346092,0.9438386163306707,0.9511575851432311,0.9673863554128217,1.10812972307562,1.0673373620390705,1.3122701042603664,1.2063834448604083,1.3580891557716321,1.262045969407666,1.3283620580431852,1.2974562964594538,1.378897853969351,1.432812258567675,1.4287173229272003,1.5301732234628567,1.500030206470608,1.285203147840978,1.2408607067630122,1.3688768857550435,1.123016405580321,0.9956858699571344,0.8499109792246655,0.6876384447812011,0.5947487015363943,0.5008615403974628,0.44309469384982914,0.12782363812145492,0.10317417915916209,0.06331800119636519
25.229999999999997,0.42951757929254325,0.6369809895534209,0.642073014347351,0.9275102637063445,0.9507957282506528,1.0947269019840307,1.1558298465365902,1.1078688314838676,1.3818531108801406,1.2171530174105831,1.4703043150024366,1.4171750119738629,1.4893422360414263,1.456146021638152,1.4812094597755927,1.5140258819446484,1.5335093860586098,1.6996130200799144,1.4711222659285794,1.3339765471189702,1.2236447942315947,1.2946883488697634,1.2088711360098425,1.0526784574238826,0.7948911521873825,0.7663771317486391,0.7073832990645292,0.6372584024446301,0.3635056845888055,0.22188726583993343,0.09350555261674195,-0.02694786575581467
25.240000000000002,0.3866118843286151,0.4835137698116581,0.5717508402257547,0.8386661581843846,0.9146554405862882,0.9836967615757537,1.1280757723824117,1.184902791300741,1.407385146461439,1.2849323711812617,1.268761016674604,1.3009202686207646,1.3212652814271943,1.2368085464630383,1.4660695277883546,1.48210624380429,1.5226597153117027,1.5445870105893442,1.5658637780539229,1.3607006292005783,1.2435429016791173,1.3045545016754936,1.1423489039116552,1.006877882984285,0.7710300014915749,0.7573189062828525,0.7302843495185813,0.5596492937451328,0.40562964583384453,0.11196085551196701,0.02108199483612118,-0.04772127819163212
25.25,0.5043154894668961,0.5640212224427665,0.5227453538188761,0.8660925120292414,0.9815779971108943,0.9564205680695828,1.1423934270566067,1.0280371422851635,1.2533996152589135,1.1989594858189392,1.42161538942462,1.4058277178008933,1.500834384363787,1.482710731572539,1.567857671597344,1.524593596623753,1.5538069622465627,1.7129277212112226,1.4370968676515328,1.2471487827845391,1.2914921540988755,1.340993059194051,1.0651373976024494,1.0191289181157417,0.8806375640135425,0.8547779872351889,0.7707663838798973,0.5898676187289474,0.33209777398364076,0.05867197067946884,0.005938813638654592,-0.026944629816729737
25.259999999999998,0.5214625637920506,0.5680286365937772,0.5780613620390394,0.7994978049354239,0.9141120336296176,0.9713239806417816,1.1120957552241426,1.0892537514788097,1.3950520793503647,1.376449006319618,1.352967169018571,1.3273961927054476,1.4750934505314135,1.4329326177714423,1.4556703049120134,1.4555782625940599,1.4610969239902176,1.6045842825418744,1.5251893514405352,1.3183642900736838,1.1413969473424102,1.255689936035776,1.1184661732607248,0.9159346048680294,0.6985320316555859,0.7907614722773834,0.6889243789796204,0.6248326116179862,0.24008665771270998,0.0018998309230765717,-0.018390105253422263,-0.06109231232419575
25.269999999999996,0.4531396210034944,0.6156980367582046,0.5534937403298386,0.8093592099379201,0.7731304483284172,0.8916522541477908,1.1579753416262266,1.1235613252977563,1.3355254090173487,1.3177658759926463,1.33892843118888,1.329034285998815,1.516675353759688,1.4818129252178367,1.5705398716948342,1.4982570654085263,1.61046773299838,1.5153231317223363,1.433092352257,1.294493456819525,1.2309985795613378,1.1425884930393397,1.0903339941700532,0.9701514315126314,0.8361620618463862,0.8621110368093743,0.5818612116516636,0.40918947830240565,0.2632268312462989,-0.010185288667125612,-0.03368814724124301,-0.11984102977581218
25.28,0.4003021026064218,0.529482739124646,0.5894515077877391,0.7859453762507721,0.8749182228215985,0.9644187752021327,1.1503903574007908,1.1457484658929338,1.3402401287757153,1.280614203177256,1.3187008535509817,1.2974530077114217,1.4242198375855912,1.3165208795510952,1.4208985581570586,1.4172138117461766,1.543534968033893,1.4686493529131606,1.419088362047186,1.28538544239991,1.1825152042735072,1.3689736423415118,1.1265558229233605,1.00436363667742,0.7995019996363847,0.8040900680203823,0.6629310341165717,0.5158685840177994,0.33858567645592264,0.11153682406385615,-0.020606055381306596,-0.09336280975510156
25.29,0.4052629245527246,0.5110799235899619,0.548028167339548,0.755954341472557,0.9206653870591868,0.9771272875892706,1.0955308218927908,1.1074320943829403,1.4111492417672182,1.28833694440844,1.3514973281028428,1.354356421717239,1.5951344148863875,1.4237682590902216,1.5091851087289665,1.479206578495435,1.4867785767735748,1.5237343987917,1.4177445331274134,1.349414706542408,1.2197737957644263,1.2996666023345802,0.9942861217758229,0.9170652667884587,0.7600321302974455,0.6968302305520413,0.6633185318824759,0.5330742255742952,0.3270753500504211,0.03281534025777931,-0.020071450063564485,-0.06579446455431845
25.299999999999997,0.5186811400976485,0.5179906641944645,0.470561458274391,0.7792294253235842,0.9257506795436016,0.9558083929556853,1.1456972600588569,1.100695655393781,1.4079428210805458,1.3799971752687066,1.4468267152623546,1.3879446420719486,1.4568526094329886,1.4287209095574922,1.545718558153221,1.4406986927055714,1.5570029957911633,1.6529773119177364,1.5031910979760386,1.2464717368884275,1.1554335151635462,1.3252658341099701,0.9935906794518452,0.9737060172965988,0.7923752219567721,0.8068922414744039,0.6871963907917693,0.5401132539646798,0.324925735053463,0.15288251108657197,0.06174647784575876,-0.0020490809747046174
25.310000000000002,0.5163999004286202,0.6545980460188426,0.5838006360072001,0.8223378963238454,0.82879352483128,1.0098493732544445,1.1940304093864502,1.1267434908453597,1.3585090555797756,1.2958380216061918,1.4824121758493913,1.330887135524745,1.5500061620954262,1.4693423087700372,1.4997182841127297,1.4708243635458607,1.6112272832927725,1.6078930652883674,1.4626814877709433,1.4025796100328438,1.174567915600593,1.2318356559082746,1.049086316304746,0.97520388448946,0.7451018669595448,0.8291590875065673,0.620524794025581,0.5787673974429319,0.29382580402228575,0.06742328147660114,0.054203950857128654,-0.070856174396246
25.32,0.34026466114670106,0.5713900114843706,0.5818505842520932,0.7983219523926562,0.9076071541041244,0.9872633583394631,1.121787957971039,1.0253588671175193,1.3034434263268526,1.3427507993600678,1.43172778659988,1.3696557725727787,1.5119933197282072,1.3504360066082721,1.4173685457020404,1.5452032268896072,1.585785627969528,1.5341811194708055,1.4252455763629202,1.282559316798267,1.182072844058145,1.3561476683558364,1.0959658727714565,0.931456841764812,0.7047100366079889,0.7815804562322244,0.609720049490263,0.5127480162174606,0.3408258526026253,0.13789527632722645,0.06258423407946187,-0.024067667771345364
25.33,0.4125023556457963,0.5818901672480309,0.5197008293145379,0.865310221683558,0.8677271331171806,0.8903206031384663,1.1390109055757638,1.1159559842009057,1.3331212173286389,1.3570271090684778,1.464664400549452,1.2898163157713993,1.446731866431989,1.3492346327671505,1.5001554464022164,1.4619493758756794,1.6143171506595246,1.5649068958706702,1.530237334972469,1.2310621690022128,1.1331340271972503,1.1108606422418674,1.0129696653484852,0.9518287126075925,0.7321003244154328,0.7179572009892815,0.5503347724178139,0.5318401056711063,0.24545071272357946,0.0008677871657702847,0.1105269895938333,0.11014702844955984
25.339999999999996,0.4552412968166521,0.5338052622876368,0.6600395304786985,0.8414067479146253,0.8831326403155596,1.0463373594658136,1.18442453087019,1.2159138496336481,1.4677861639149592,1.4042700508986117,1.510012675209452,1.3508246135225472,1.4310685617211722,1.4002019498743674,1.4091119220666573,1.3866752927371233,1.5653820645909335,1.4874190673026306,1.4808966558321606,1.3169781002472467,1.1636999031665987,1.175114646644222,1.061476379635819,0.9237290912023333,0.7317315047346264,0.7354438040518435,0.6530058880777392,0.6097452046397002,0.3129358423838939,0.0787144478400598,0.004900128784110296,-0.006470527173539964
25.35,0.4066024058457634,0.6319134834074849,0.8002214201461466,0.8298511681022475,0.8489369096155917,1.0040707677592364,1.1256298579947521,1.1258982460962328,1.3108808674757304,1.320569745416265,1.4679614035645472,1.3644611822090276,1.548966163479245,1.4480781898808854,1.5504871444864103,1.4018225234742603,1.5368198276592266,1.5757212971712342,1.424900543020766,1.2426112042615982,1.2273693755987887,1.330467299361711,1.0328721180195748,0.9480996144479176,0.8300419496222039,0.7989307720240248,0.6616615876854938,0.5696741489165308,0.3110711418788453,0.1077052766994912,0.07177894902659374,-0.10794098059047698
25.36,0.4231022025681871,0.5431708012319094,0.638187727928835,0.9325499571158637,0.9037378782019135,0.8990225279746498,1.1829192217102535,1.1353430469448673,1.3477004920216837,1.296304491212145,1.452681436800377,1.3058522042450942,1.4754158026716278,1.3875911073045761,1.604989009263666,1.3769561546179823,1.5653550815896464,1.5187172536440459,1.4445152971724058,1.19392470638253,1.1126844350548404,1.200132355337292,1.0960901078244565,0.9512911513105059,0.8330927370779602,0.8508772103908143,0.6105800946715666,0.44163296350268966,0.26389041772739275,0.165628212449163,-0.029748564734746505,-0.08867590453001059
25.369999999999997,0.3845708109421937,0.48543565037556086,0.49434854657973964,0.8912946500355524,0.89741447065184,0.9642059423679241,1.1155014506639866,1.1595405583900467,1.2576040401635675,1.3855312639587163,1.4109368663777508,1.2810103097177976,1.528216187464965,1.4790552962522137,1.5660278320045236,1.3517804689524389,1.4884764105388557,1.6644436287918576,1.4413067947263158,1.1981199047520346,1.1120589986347476,1.2571451949173504,1.1158770968409044,1.0364268874024605,0.7825291532903331,0.8090116378426925,0.605623543224084,0.5742385270739854,0.3666287077714001,0.14410525163194435,0.14677705865643756,-0.03465412067698138
25.379999999999995,0.4194585075577833,0.4797476446325241,0.4823703480074981,0.7605698423832029,0.8135898528486295,0.8948796304119189,1.042886266887894,1.1495204747607393,1.3770873023825307,1.380419715955813,1.5136216690570206,1.331208069745041,1.4711253796723047,1.4190849677190571,1.5500896639279031,1.378912150786228,1.64312523300639,1.6748990976620626,1.4546176690175499,1.2261340030106895,1.1747454787779619,1.1736169916749055,1.023956478578535,0.8709055906423484,0.7798741154171386,0.7823790944655744,0.7158178274400431,0.6649311897499526,0.5013040568972261,0.09106721476608201,0.14136826912526518,0.0790373509568639
25.39,0.37325627821209395,0.5598879587582813,0.524488862191405,0.7999206890160286,0.9785055638681168,0.9637375107174888,1.1826667659805306,1.1902918723541607,1.3387750862248309,1.4749847883001252,1.5068627193463227,1.3776131815862915,1.5955194511077244,1.3979070352445189,1.59911047181153,1.4298741127642658,1.525043632695953,1.4985310926051145,1.3854707888553857,1.1937690957910927,1.1344658271711339,1.2340388244657545,1.1316317229191857,0.9648514755999213,0.8548743494956872,0.7975586436571687,0.5311834880707937,0.5298239915502272,0.407676037959091,0.13095184115574737,0.03503315235695836,0.08134954064623284
25.4,0.3829796895922968,0.5723848780077774,0.5944273198642497,0.8469697284719444,0.8756350004680289,0.9424756769833429,1.1729875142732478,1.072565509876928,1.290648544570514,1.4326221965324857,1.5233016818581862,1.3042737097365822,1.5791258532806924,1.4258754882412172,1.421656285172857,1.31147148955353,1.575236438961893,1.474486843394859,1.3392864895309602,1.206250589629062,1.14242465401238,1.2411508884736007,1.0314579001481943,0.9187044862911042,0.8288957611357275,0.7736344331712377,0.6215460240380548,0.5349217046606217,0.38905816193199516,0.1879452967903135,0.1411814339886181,-0.013443132425111949
25.409999999999997,0.48179114224124964,0.587273327299044,0.7429621934586638,0.8338321823610458,0.7860462980954633,0.9770910270015795,1.1637634033099364,1.1323463104440081,1.294361997519089,1.4017648231266198,1.4652099159604814,1.333272750898033,1.5409722156479086,1.495978294742057,1.621355249721468,1.5042012172256798,1.5413790085547119,1.4831434495553841,1.3226759290556203,1.1535996467751686,1.064420537805061,1.2106047208331578,1.0567219566656467,0.8893753712702375,0.754992949199269,0.7872585780152903,0.5192001770558259,0.5377501665097255,0.3702988190060431,0.1424721011937193,0.06896797543067776,-0.07608020996907428
25.42,0.3114803608261293,0.5022221500657986,0.5366901097840328,0.7850660084285899,0.8775744196337264,0.9347644287340553,1.429816069770003,1.152392437808731,1.3293739167156173,1.3559173660933503,1.507297168340428,1.2864798755673896,1.6007129785368615,1.4501477130184095,1.5699331745448448,1.3939013747183646,1.5816652242727576,1.4178916115869633,1.3409417631736387,1.2981696654211818,1.1411819318983922,1.1948415838222135,0.869778316927718,0.8704898498225486,0.8148744061007432,0.8381198402939694,0.5978429457574376,0.4995884802138115,0.3902898794434524,0.06521969865851959,-0.007644516629011077,-0.02278753489476657
25.43,0.34113467083229476,0.521234814780728,0.5799418042668578,0.8081181364154456,0.8976270077216237,0.9168934900481134,1.0716575440054037,1.0544332817940985,1.1972064615038753,1.3544247827790068,1.3978493434631742,1.3275614119440786,1.5694893038145086,1.4760016251506252,1.5860585900517035,1.42497851049527,1.6466619134079399,1.562361766136185,1.3232060936547025,1.1699020358775962,1.1080898271273216,1.1609091784428813,0.979015403110241,0.8068609649252616,0.7748732570728671,0.8230818482382698,0.5961931837983134,0.499127740203674,0.36974381772084064,0.04461700997334086,0.07596601606344502,-0.02913091220738554
25.439999999999998,0.40886954582829294,0.4976859384727493,0.5178514736213793,0.8152415009427714,0.8055600233224606,0.8439972823240465,1.1015412030209706,1.12270999945689,1.2843718129094925,1.3979930506769642,1.5740041034017123,1.3304446973042352,1.5090270678992515,1.3961248781373474,1.5267262140056355,1.457232417451097,1.5273342592627592,1.4798606703418773,1.215695005000944,1.207463281335726,1.2836251855141414,1.2633234397863784,1.0623696882207565,0.885516158816037,0.7626037688736967,0.8137636483223079,0.6220866167967841,0.5277797787591828,0.3617781032542439,0.05415956199334709,0.09924327219747436,-0.04236320571018175
25.449999999999996,0.43334700362086415,0.5352956106654211,0.5956935397174039,0.7986407844437357,0.9430529130627733,0.9044594503008245,1.1078560408177545,1.133515580033649,1.3454778463090171,1.4430539682562888,1.4525635219157542,1.40222768323917,1.6505467742306479,1.5403355407116333,1.65751928088699,1.4102982061844904,1.5590910029771046,1.529653756312566,1.3958667802519469,1.2198050530121147,1.1303534961000106,1.2567861416767336,1.0256265113209524,0.9578458762065952,0.739565180961106,0.755531716603993,0.692964668162212,0.5986441948188006,0.41904342069191053,0.12900129453067768,0.04147856755690025,-0.006893338092869655
25.46,0.30610529316291035,0.5430674092741617,0.5326163053616133,0.8636175232829332,0.9157939173808204,1.0840558381032601,1.191019230654224,1.0756336359599084,1.3108345397991772,1.520200366096585,1.6023846004111129,1.4356014092231584,1.6640561097367188,1.5052783154990241,1.5010106895686661,1.3385567388568578,1.615348708906852,1.457101577378814,1.4037994150489954,1.2555781577627618,1.0756826025073614,1.1569041298635463,0.9768172169178795,0.8307894775063162,0.72523495233289,0.8548264265357439,0.6473884096202309,0.5132925407180163,0.3268663647957422,0.11805753536454888,0.0932581232136648,-0.06819305407898663
25.47,0.353363901797195,0.5348682256781595,0.5907634992328238,0.8478130691741633,0.877706308746327,0.9160062247439319,1.0869681805943137,1.0419575437204136,1.2140340722886402,1.345558121157428,1.4941922437563924,1.279618623253363,1.5101375211588455,1.3989357584836304,1.5714622844132826,1.374488828497684,1.6291602820718212,1.515696519222835,1.3457644405383202,1.165335211305122,1.2223901820251548,1.1113850645034031,0.9755437756181149,0.863296780501006,0.7313661623546831,0.8161444628095835,0.6042179770095127,0.5570496976996374,0.26658295687227207,0.12199486266564699,0.028961132383045003,-0.0442618187651662
25.479999999999997,0.30500564661129553,0.493997940909208,0.5756079700890387,0.7037745716126587,0.8886366997569224,1.016224395905073,1.1736726397291797,1.0422419032599382,1.2594507724131492,1.4887680025124266,1.5526359499769518,1.407786117774773,1.624875989064697,1.489792606616591,1.662274991086529,1.3415635370282701,1.4913098117511503,1.4057552903921522,1.3771290282848663,1.27556399556973,1.2164122118242513,1.1302421502941107,0.9606519770742125,0.7971739796670163,0.8555195405100188,0.838438770824009,0.6328154887605275,0.491275977929488,0.46235988073918516,0.16691582339925146,0.04180018730574559,-0.047141009588002866
25.490000000000002,0.386547943322299,0.4782826570266743,0.5134449019741086,0.8037115815307567,0.8967026867708457,1.062644911499137,1.150064476664686,1.2129738599233666,1.3660721061632584,1.526764066636588,1.5232575342056478,1.3500507087508913,1.5356131108173225,1.4862551316002037,1.501554098242591,1.4720232865275895,1.605220969165353,1.4718332820245261,1.3217682587062975,1.2563575224538315,1.1741917866942422,1.1104857978077072,0.9498290368752239,0.9476524250521942,0.7404118053248361,0.8506948404178756,0.6114236958018063,0.5009458780403215,0.3468570664347609,0.09097977275118455,0.05176648506484857,0.03518855519824104
25.5,0.3143564563971505,0.5443126746472625,0.4960835997661328,0.7433809049431409,0.9381266704399949,1.1596821913943014,1.2166881991664473,1.144602065555878,1.3216252047714623,1.515770014045427,1.5657071525005475,1.3672690131991208,1.4933896056324305,1.5257610905548233,1.6068765768962514,1.4816320037193491,1.5784087039372805,1.4760453907127613,1.3038559939970804,1.2720099091569743,1.2036958014421197,1.1386570129605234,0.9991296574154234,1.0056471423839581,0.8139944625436845,0.8465353698487238,0.5975646500955513,0.541993324602537,0.3479490732103317,0.1772940694068881,0.12560176537022627,-0.0761204480151909
25.509999999999998,0.2815450221444548,0.5134763707073712,0.6497092086419798,0.9045543294476539,0.9177306458875258,1.0974994967948266,1.25771830305817,1.0676172298416822,1.3070507618088336,1.4426462776663203,1.6062499521114815,1.393631469155248,1.5976067217220007,1.5835100427394089,1.6152811715188258,1.4183726141928525,1.661892279152429,1.5356344981872072,1.3598591142785565,1.287082893013181,1.2220164291100908,1.1416044944611314,0.9343068379537006,0.9133948542878946,0.7813921066675451,0.751948234005019,0.5346193379316293,0.5403121367884696,0.36533536218005896,0.21538031277355932,0.14776919373612848,-0.09977676426216414
25.519999999999996,0.34432868640847597,0.5913031522865955,0.5976556585673872,0.8311096370323682,0.8155130189085783,0.9754332915395155,1.2063677867412488,1.2748024260856459,1.3671218087975705,1.3850973177116852,1.5137452794401516,1.3385593374382057,1.5531338976350235,1.5265166684873814,1.6149132633521988,1.4050280812335763,1.5124412512867313,1.4223414818887132,1.358183044666772,1.3358158083107048,1.1785189632737163,1.1422254135492433,0.9103441994309872,0.8918377729652067,0.8254840702888678,0.8077958293032579,0.5198539934243636,0.4041031990069488,0.36021411801651787,0.09423403269846925,0.1309388138387297,0.1088681401428121
25.53,0.27237023769477864,0.5707616632301624,0.638778813493368,0.8668304174302138,0.9529685299819033,1.0016694542048226,1.1128611064194769,1.220729107154698,1.249648009180478,1.4424236720895145,1.5092855734448143,1.3549881470477052,1.5181648937516932,1.4551537084246537,1.5341577706977696,1.4914131426702188,1.4661494867434408,1.3234010516225825,1.2057575073973557,1.2464030776219057,1.1556090066604767,1.0736862644593792,0.9969530333990094,0.8909330908958849,0.8067894776400011,0.8105552610414801,0.6232854193015205,0.47783061837051827,0.24721168291297205,0.012673356161730875,-0.014752864685361926,-0.049232774456349784
25.54,0.34101261864269,0.5338741678533457,0.6324886395629868,0.7448151292900297,0.9323527902392068,0.9771367839697055,1.1407332357208406,1.1506659424256802,1.2370725379760057,1.5288105895778776,1.6354948263999478,1.484619996019004,1.6087930288282617,1.5520183029831247,1.6198248117657488,1.4882976061418787,1.5240571683729538,1.4314955338975537,1.2572290399275867,1.2923881173785,1.2130529834742065,1.1417550946944985,1.0555673824985783,0.9014579941138617,0.8026504625215064,0.728273336015915,0.578073426261363,0.5260145259941461,0.30745514245607575,0.04038264235012243,0.07668038486011002,-0.04077834205511611
25.549999999999997,0.3424212853626589,0.48227303796417953,0.6785508716793978,0.8048733377928943,0.8713599259147725,1.1121592352126815,1.1982313934466393,1.1630443610350083,1.220971900690023,1.4699923756371538,1.4762715884296107,1.5202875899547605,1.5640049845208757,1.5624941157985794,1.611064295660812,1.4925838580414612,1.683809996893318,1.4273947197525327,1.2544534161374141,1.3306597081592895,1.2260949974704556,1.0909088583151882,0.9615018383713055,0.8458185592767609,0.8360474162556331,0.8371831509640183,0.4877453669629837,0.46651821595188275,0.33114756515343274,0.11556962809476626,0.147294330566842,0.007014021468251266
25.560000000000002,0.447924172401704,0.6312457736263924,0.5869401541822713,0.7340838374244734,0.8606068081711894,1.0306701035531067,1.2144969023765113,1.1889225693925245,1.2459249320797905,1.521419368369343,1.4873552998995747,1.40640089820012,1.5439463657322339,1.4849354055495485,1.6151506832466485,1.3976381876063935,1.6474800191516077,1.3533393368118076,1.3675193556317422,1.3093408692619148,1.0990683073967247,1.1131625394961036,0.966984690323586,0.8910868828142041,0.8447479834390981,0.7501541663923796,0.5915569094023464,0.461845068357796,0.2983563533109978,0.11735256336402569,0.04202438514804486,0.045069901569617904
25.57,0.3492005463096102,0.4586243317940569,0.5722929008445424,0.8560541112841272,0.9063453226405999,1.1008313371640035,1.125860393056684,1.175371548134107,1.2915890005620074,1.456909033897852,1.6507840132747367,1.3279810713970557,1.4961487797850421,1.615303118350838,1.6177804547041987,1.4670541661321008,1.5190288513701191,1.3270548099427004,1.311162330027849,1.3143954348191804,1.2029620155994416,1.121761513417957,1.0740576532193844,0.8703361465866111,0.7946314215882524,0.7619820368671355,0.5967783124002286,0.5963615849461524,0.37504203966352406,0.0596679008488679,-0.08490793826150621,-0.019015961029587317
25.58,0.3882530121322033,0.4650062675277045,0.5434674493331727,0.8587108203944899,0.9376472329865297,1.0396749834298933,1.2332486693212874,1.1433311015384038,1.2598260467060731,1.4593333512411653,1.514169984226041,1.3552399112038074,1.514411960682561,1.5602949822661414,1.6917440900976217,1.5131378227759076,1.5637638956646507,1.4192863348669396,1.380901349477343,1.2650406749673166,1.1725915128777502,1.0227384204387138,0.8856606437643343,0.8992362993396887,0.8138104456385461,0.879420197740113,0.6097682419100422,0.553528684718172,0.3764050298893841,0.22104448093278845,0.1512549893720503,0.07961814546197103
25.589999999999996,0.3926431348360206,0.6187392218450816,0.6994695438131416,0.8221328106766851,0.9779913106928109,0.9961120248567529,1.111439550580281,1.177391474246754,1.2780897747012663,1.428952969219932,1.5084072219973752,1.3574591572123393,1.5931308610983623,1.5749983704576604,1.574365250343419,1.4436194601153707,1.583156250338154,1.3849831739226677,1.2251196149275907,1.2998448191459835,1.1370471031998823,1.0799999784114156,1.0180478648665856,0.886303109090887,0.8543339386385274,0.9379709063040134,0.6281315526505342,0.48732998752179085,0.32783005673154575,0.12036039675125482,0.11551364495533407,0.021036933469155885
25.6,0.37944563169012596,0.49040525321192396,0.5181576874881295,0.8343782988127063,0.8829790696487804,1.0902001262448482,1.2302982768490918,1.289194783703713,1.267800609367842,1.5299304228981485,1.5583008648873233,1.3423102996804437,1.512125097089285,1.5642917187021972,1.6770546852600536,1.5824223701944844,1.5309572981285244,1.3367655966002467,1.2605726173927556,1.2584270929788057,1.2652623085845776,1.0560748838528473,1.0257171081553074,0.9574754936073193,0.8284226313717161,0.8608535717244368,0.5479107266776575,0.4954420611165026,0.3441164999422015,0.0628680196493503,0.09723930277408738,0.14200651585742793
25.61,0.30223637017561167,0.4912176920144286,0.535826685286457,0.8013639653109836,0.9801090604873357,1.228572242054104,1.180660129150964,1.1678169741838527,1.265358255675972,1.471611755774625,1.4848976657755482,1.4679896262009426,1.4854750718435001,1.5927701694218777,1.6383086573906456,1.4238665005081814,1.616935767629671,1.4117777471081518,1.3065321828702647,1.3555884655740025,1.1750612759357995,1.02565653924942,0.9843054921322353,0.8183738704707996,0.7979353057378975,0.867381019322948,0.5420947947850396,0.4545196219651174,0.29503406291819145,0.16921822062044597,0.10162682008470306,-0.02461475073887883
25.619999999999997,0.355839998062493,0.5804324583244396,0.6119878290586301,0.8459879593695887,0.9034114944558842,1.184757622105389,1.2646277169743059,1.2143241759698742,1.1940397830830727,1.4339907309550584,1.561349073631274,1.4726690068924395,1.4959945838766295,1.6067066056523014,1.701272559258828,1.4819690955879299,1.510181828738237,1.412341853183566,1.286484679834391,1.3310038858810096,1.2153469603899802,1.1170476478613192,1.062284031207005,0.8818778525730538,0.9572520679315168,0.8873322859297271,0.5425948414469971,0.45337601427287666,0.2782464132946434,0.1194290960545403,0.06094046221450411,-0.019607397990848333
25.629999999999995,0.2853080191917563,0.5768359006249274,0.5725997308940882,0.8019229262410524,0.9631356015609241,1.118145390822512,1.1484214957394114,1.1389142355267852,1.2114665864963767,1.4440162366420919,1.4744034858479707,1.4050932816242663,1.5618394872076766,1.6709581222882053,1.6501440050760605,1.501489140327779,1.5369637286690303,1.3697290652357972,1.249996262976723,1.281363707669922,1.2317104433918817,1.0416504472494796,0.9510219662761199,0.9382201100643375,0.9309410076017932,0.8725434538712749,0.5583645788798695,0.5303942909575957,0.35480910033854834,0.13848299516142765,0.034040345812867835,0.0996337675498402
25.64,0.3166388083803736,0.579327843770939,0.6494905504995405,0.8383845016291392,1.009377438627134,1.164138838534532,1.2769466204813704,1.2108014570957721,1.1652424030230986,1.480490452791335,1.479988234595696,1.3704336032991948,1.540234132716885,1.57819739358587,1.552692522522856,1.4109363550823444,1.4577158634300518,1.375480908103842,1.26995213938017,1.3047799832394578,1.277987356718073,1.0161994072231575,1.021191219656726,0.8870550472546088,0.7644360378367232,0.8767309594715851,0.6215612985158986,0.4127093112016351,0.2953182563118403,0.13656309034597278,-0.03270252927986695,0.03860738419115106
25.65,0.43831119452213396,0.5451389748582802,0.6760897428622915,0.9494553370328516,1.0034253098108317,1.1105440120754506,1.17911805499959,1.2595148552108761,1.2107174704695476,1.5257126258388163,1.612618677860458,1.4676252912426209,1.531824030904918,1.680060010556997,1.6708112885629947,1.5193140698741001,1.4703913094071226,1.3131461748471656,1.2706311541632151,1.3495557840685994,1.2336998050010273,1.11313826001559,1.0671089946690784,0.924069626273821,0.830262149029829,0.7703472525929769,0.4911628488550742,0.47604357727339885,0.36374998620985743,0.27271848446602864,0.027958859565290817,-0.04817438206449757
25.659999999999997,0.46905243544411584,0.5557623042446438,0.6098212253077907,0.8608423740091241,0.9608201893510745,1.2307505030404498,1.2397327272718208,1.236882363695438,1.2605395905344423,1.4525095726462567,1.5535654461159285,1.4001721608329687,1.4876074445132115,1.612004823583672,1.6931476520017046,1.5116836373604894,1.5681304429577037,1.2394629047927017,1.226780377874769,1.3834955658094887,1.3582247873010136,1.059673901391261,1.024071119306039,0.8222681095566113,0.8806084245981736,0.8370546274046338,0.6829485485493781,0.4529329752248009,0.3000037597105041,0.15816077816270885,0.032723481247692976,0.11463328565202159
25.67,0.317669776817216,0.5919121771328366,0.7197280332074492,0.8841842830275397,0.9568927190697489,1.0700222881529133,1.2227939484465946,1.2036148112563905,1.194656982155582,1.5611360465838684,1.4916951803788314,1.4688722986478298,1.5333278573501252,1.6697689013427477,1.536340379103004,1.4720278689337611,1.5648835541890338,1.2995178792094448,1.3396357901416982,1.361643884907702,1.2232136545727308,1.070637243293967,1.0884504595548055,0.9945794357352412,0.9133334024967092,0.78448055689727,0.5689312519855808,0.4471966841237265,0.3558277543868875,0.13313898080645709,-0.016862595987873027,-0.04211857082856377
25.68,0.2886954124219156,0.5573232068631577,0.697986683722432,0.826141231270045,0.9033262840404465,0.9926497937894482,1.2170695856290572,1.1991859812580203,1.1604743089217529,1.4834253521923884,1.4975046811577024,1.3955952422546465,1.4400992151942025,1.6342827918055316,1.6171940042301636,1.5452430991861388,1.5527842332153583,1.332559183419809,1.327123300736468,1.3441281659344748,1.2096155822595596,1.0357439218654922,1.1626517102571117,0.9284795983518521,0.8844672971941756,0.8634798686898347,0.7507115485859609,0.5105635860292945,0.33961667768357573,0.22369598005566602,-0.07026375714208655,-0.01725430835159413
25.689999999999998,0.3462569276933682,0.4751742444950666,0.6378557407936822,0.9262346125327454,0.9533755392152397,1.1722420786319758,1.2953254156679082,1.2289275643450286,1.2295208286652874,1.445875029162692,1.4632495131245151,1.4053931812934726,1.4746049076037773,1.5420110302926708,1.5501572707818192,1.5686476489144217,1.5444679919331061,1.4527401504919175,1.3257373184138022,1.3558187637374792,1.2939441924241526,1.1385582631807578,1.0862688816658719,1.0317951118169446,0.949846611829819,0.8477305810060297,0.5240203031982251,0.3951622833550574,0.2581272649707526,0.19078944787095056,-0.02922432216061788,0.026170427201864185
25.699999999999996,0.3754578211107084,0.5727226266550379,0.6070766561009622,0.9675822783926585,0.958130648457703,1.2070337191362035,1.2081392942359743,1.2896195105142005,1.2617143064713174,1.4177688429958235,1.5348356454807863,1.4392551339514756,1.4977397011136881,1.563834819885967,1.5880454085426008,1.5565405958096852,1.429494297921626,1.275427567397983,1.3416265188037844,1.3564544584451204,1.0860291911242048,1.1030284453113213,1.0946389849820921,0.8955669636777078,0.9341173870083728,0.8152503976627905,0.5750539928642251,0.25351130687075263,0.1718512824224426,0.19552522838139755,0.13417212274916315,0.0416341876710959
25.71,0.3045946212315976,0.39838344031321543,0.6747576472867274,0.92142337178238,1.0005258696581258,1.2050096259146703,1.1907892079065823,1.1582256983276824,1.1412564498610713,1.391570919815507,1.50079562279529,1.4040653309759676,1.3737669852115688,1.559599164285821,1.5069819249384029,1.4092451813724454,1.417773000951611,1.1779277352265807,1.2639519662015266,1.416346508994401,1.2533288125800661,1.0748145983145356,1.1214830648441336,1.0333567749540729,0.9179131256236904,0.728114138677317,0.5523738036022027,0.4378528105669946,0.2586689039957706,0.1661650957008696,0.08479828897174023,0.00431805923180377
25.72,0.21842691117361865,0.4841711398360428,0.5657524817418905,0.8282307897099013,1.0594302952795205,1.0768330992855972,1.16545717146887,1.2341684914327156,1.1594565086576873,1.4481057830221977,1.4698880565186543,1.5067008715124166,1.5276839981658612,1.6951705228459257,1.625679320866909,1.5320466711443246,1.4317656018111962,1.2539768206857649,1.2696642614849887,1.4003498758028743,1.2406667078030431,1.10230196400691,1.053121646291152,0.9725072579627475,0.8199167026895982,0.7265054392329731,0.5689081338979873,0.41765457635500325,0.23503747080234927,0.1749532419230582,0.050124619270704336,0.008616882032365117
25.729999999999997,0.37409668437207433,0.687642525113539,0.6745968514424088,0.8931168078152061,1.0297421047762176,1.1769172451152001,1.1834291752757258,1.2735620243118628,1.2330039839235232,1.4194723656945043,1.4512818949579949,1.3206200211151558,1.519031104157681,1.714616328787505,1.6097482100985148,1.663658572015384,1.4864054144213887,1.259932080173181,1.2522525424265223,1.4994860190701231,1.3538254124889972,1.0918599808960034,1.0027175685996346,0.9282537599013762,0.7618253258125299,0.7980928189600821,0.6111132029943444,0.4663716950120781,0.2860842434454417,0.14733104523442345,-0.07367084629081974,-0.11577878769224138
25.740000000000002,0.33011768238731626,0.6656845098466906,0.8327924868137209,0.8835095401285128,0.9847699113798221,1.135811494260289,1.2775315624145231,1.2040384333534433,1.135680274134525,1.3514412666019928,1.3772671212379077,1.4041277176033162,1.3300396148874385,1.5744811772728493,1.68392676404654,1.6476222146177137,1.516069034378112,1.2925219656243652,1.3693841229575674,1.3748908953723147,1.1453151405254474,1.0641648066450808,1.0652497492914137,0.9418631860517029,0.8216592641729872,0.7819540567425484,0.5833243952634077,0.3998822709654234,0.19625377529200136,0.19543228713741886,0.016247328549571675,0.03807748853543557
25.75,0.4371824596430748,0.5708772230141078,0.6874330223267276,1.0029359214042235,1.0231492649665985,1.1448128847648693,1.2925264472003326,1.3230731317900075,1.1621448638224454,1.4440524666932317,1.4069827599241653,1.3699697771228319,1.4411562234020012,1.5707192306952396,1.6886462593158933,1.4681723368705444,1.4443242333761779,1.305165430196767,1.2994219520623864,1.4363445390549165,1.2416045726581495,1.1445739069158647,1.1334895199977404,0.9897013968288344,0.7845909555543215,0.7292180349882491,0.5408856387281273,0.3826821163244755,0.21456974475385188,0.15516950911983227,0.09727947486277959,0.02578078013144665
25.759999999999998,0.3937070144199916,0.6158924449256565,0.5978897824049374,0.8017462044911992,1.0088899366262243,0.9902847706826622,1.2482199791880402,1.2225000357014582,1.1254444448013636,1.3319833824169498,1.480646777669819,1.2980260087056061,1.3881382381075589,1.58236224389438,1.7462482740151468,1.6682571865594233,1.5032804755484677,1.4043844419551177,1.3197191396090546,1.4952362944329665,1.2537618255765772,1.1324932666112737,1.0359372397789557,0.8656488461756178,0.8867027311399786,0.7322133704433805,0.5836014397520436,0.4012645972939845,0.2492227714716063,0.033185008540765254,-0.06681595854873768,0.11042685333065541
25.769999999999996,0.2937985837483908,0.6210471584068892,0.6835102043974395,0.9178424475102316,1.0251483596482287,1.0310470488765333,1.2111302519695253,1.2639210792193625,1.1892495710288515,1.3723107682641182,1.5398792702955975,1.4794516546199352,1.375617890602861,1.5633589209564984,1.5951507562253957,1.584219554530442,1.4320535312293525,1.238696476980112,1.309802150148285,1.3967134517449262,1.2821149440284099,1.109727637104968,1.1073801482428294,1.0554110288018972,0.9003016221094188,0.7758218012046669,0.6089929568148269,0.4657179773233222,0.23072892432862818,0.04709865031001469,-0.006001408135463589,-0.018673685103988806
25.78,0.3752669379137254,0.5915602499022075,0.6299739538184111,0.9212764485083753,0.9467350572155717,1.097121895465476,1.3366858318365575,1.4212207623614725,1.2557601323867935,1.355637210053874,1.4592406670505667,1.4191400970611454,1.315447822600292,1.4823181723171552,1.4404685036183602,1.4384285346796446,1.4266688439158248,1.245685226900074,1.2763527977115379,1.3511917002141893,1.2306923023307663,1.0965891735273785,1.1270144467529961,0.9893483998862714,0.8859625569851136,0.7211605434394354,0.6120057506526712,0.4295898964090816,0.3502104576602988,0.20157831969793782,0.07160229790188571,0.03640185476963819
25.79,0.36229824658290594,0.5808151274969435,0.7165994806501528,0.8672230915532654,1.0529526890234324,1.0957063073387798,1.26092195798014,1.3215081806109974,1.2215861593253732,1.3725456566960719,1.3575183313005357,1.4174236063947179,1.339702491998043,1.5227135128402003,1.43380169719136,1.5107786868788378,1.4679703161954483,1.2908959372346627,1.2915014117068027,1.3975730933491186,1.3225071305022678,1.2046273600508115,1.0388239514540916,0.9388832198346481,0.9283183456459952,0.782127150271052,0.5496667255971401,0.4627568389651695,0.34008761602556564,0.21853341294774178,0.056783748426151366,0.05089651857393675
25.799999999999997,0.4122691380157944,0.6890878088709776,0.7659215796169533,0.9372302317955781,0.944445068952902,1.0831603789991637,1.2936076935306342,1.215856144307998,1.193133630766243,1.4462781322945646,1.4542533814259313,1.344399778794362,1.345286608020518,1.5419747286105456,1.5198718067732766,1.48966274238724,1.3983461200784033,1.2828266727144384,1.3324521643547729,1.3764886057187986,1.2169997462347446,1.1285385926989813,1.0644574434498808,0.9776117856165579,0.9040927483650004,0.7460706973735011,0.6601017997058072,0.40938242652807544,0.2474574983869045,0.1031544076456335,0.012492292247569202,0.042403298234477846
25.810000000000002,0.29559483323327035,0.6197538876289246,0.6566550778889519,0.9909834487460042,1.028390205774898,1.1194595414995334,1.2703405290662813,1.214036438385596,1.2528116172906503,1.3847864171535675,1.3462263313578875,1.4207477125031518,1.3689315837904947,1.5404713538539623,1.526427415237555,1.520247771043907,1.3127973909694604,1.3285458787379107,1.2880761174185302,1.4124583069435481,1.3343332992363046,1.1259851017977291,1.0162716514274117,0.9228937092313084,0.8498389447968178,0.8551206862618848,0.6505041638106334,0.41907129536661397,0.17961126822376328,0.12326475010977465,-0.048884960741173586,-0.04367558910250936
25.82,0.3305530310942988,0.5748700829272552,0.6305270051485694,0.9120083612776676,0.99273610662802,1.03081229447932,1.2585517462678564,1.2793997986894576,1.150771186831399,1.3646449549294688,1.282477153658836,1.4200931594154502,1.3139387688612607,1.485340084316463,1.5401139414113596,1.5926871234846278,1.4999462371482148,1.3715230759818777,1.2592094322544503,1.3872941726625208,1.264052179756097,1.1826210097192613,1.0350517648952697,0.9347859046766129,0.930939968109695,0.8244983151806913,0.6019319317354795,0.47102749101435876,0.2917344186146368,0.14988561025918873,-0.04336114528850641,-0.0635759143950201
25.83,0.32861448498457746,0.5363568862908896,0.5612438988332328,0.8022605740902604,1.0023742649356042,1.105083757443195,1.3223658878229514,1.2761451669121777,1.2177713346352783,1.2926242493873192,1.3795756762249802,1.5130666872561818,1.4381354430198081,1.5549571196758862,1.453493244432884,1.5618045968598921,1.4392305341709752,1.3095025126260755,1.2710425738368316,1.370493108665859,1.3477315024894443,1.0979983993689646,1.0456357313936304,1.0614741790430935,0.883728619204852,0.7312129680543555,0.622587915712329,0.4235795753285646,0.25089273360939374,0.129028838029913,-0.0041683187494150654,-0.0007945190783266096
25.839999999999996,0.3319602332232523,0.6421950226644242,0.6995873132251116,0.7961611169956645,0.9929125817364395,1.150763193904219,1.2544419833947411,1.2935368598369459,1.1660231155718142,1.2621509490078664,1.3140986642340464,1.4024156662599387,1.3487893942990568,1.6361695530706686,1.5009949446342696,1.6305945083222722,1.3971647994103098,1.3382760749612927,1.3232932323261055,1.389507124644132,1.3347944697779792,1.1794612738380583,1.107619558442459,1.0262307615325374,0.8967749428496103,0.8827325784919543,0.6536171477972219,0.41571334158002426,0.351909855859771,0.14699142441509697,0.014928625108635,0.03617753610741445
25.85,0.35407500862596636,0.553535256512339,0.6896984181617377,0.971805167234833,1.0913731898229462,1.1487610078193127,1.1750716943138286,1.1940288480764831,1.2084531601541784,1.2965011586768211,1.3199050079332224,1.324788599282459,1.2458307664540365,1.4570303275490768,1.4237596329746733,1.5732409853785645,1.4635207851697032,1.3566054068080917,1.319033205970514,1.3908572653122826,1.2640272924151055,1.1688684491573773,1.1466394503666044,1.0367846690172082,0.9584477575422156,0.7344308116208316,0.5650357555919064,0.4462421140027955,0.30014717426847204,0.2609898464563652,-0.09136474877117126,-0.05994843684128121
25.86,0.2616457728424101,0.45175257019443865,0.5236531575296306,0.912960834480976,1.066609298493435,1.2151702180315176,1.214123217246938,1.3127621958646942,1.2218700585094961,1.3257636379333775,1.331604227700114,1.4666217522016476,1.3338054474104932,1.4466996916311856,1.4019882927433194,1.5319025316597836,1.3554099940621467,1.2821624839644652,1.4466665262330387,1.4469409879037056,1.2485588244704513,1.2790214039947931,1.2413419707784672,1.0213712030861826,0.9496085720733599,0.7600068407931628,0.5488637033298048,0.4150937385297097,0.2805119358410414,0.13857750519473622,0.017226359682168485,-0.02144944042368571
25.869999999999997,0.2512295664085097,0.5462535177871618,0.5777789041777399,0.8312380451013123,1.0335924232293858,1.0709508460916366,1.2874959799190044,1.2129212341398843,1.155181921642537,1.3101818300292185,1.2444700853541601,1.2985317607945925,1.3667496628252824,1.4527212287385831,1.5255858493124594,1.5973854359331103,1.40527768095467,1.309370864230969,1.2715941985462063,1.445125168374099,1.3564938975132803,1.1972640535803714,1.0704083596518141,0.9612308310725934,0.906446898784153,0.8095232750116919,0.6999145556999736,0.45330224513241557,0.2882453183387067,0.1221022270119519,0.018424820024981227,-0.030168529550388203
25.879999999999995,0.3112618766781957,0.6945421711400807,0.7039813734867664,0.9337658779998966,1.0188257779570564,1.07744517177528,1.1771112403280606,1.2762390481368975,1.295702032799186,1.2421472221547039,1.2949189794714207,1.3483959339341172,1.3968889070259962,1.5085682266920581,1.4532194153472928,1.578118113783742,1.3379920292852652,1.427906710388904,1.3473372912655857,1.429240415995545,1.3024094246519273,1.268933749814745,1.1872020299140527,1.0196216250695287,0.7737865796218328,0.806612961647229,0.7545133112899538,0.4195755058540368,0.3406113178378324,0.13465019275368884,0.03125539616345932,0.030724489076958215
25.89,0.4950292651263976,0.6652371394565066,0.6788001475302956,0.8785209775260323,1.0092807267361363,0.953437119324001,1.1817009908626361,1.2785869004244501,1.2236572657962734,1.290776144586122,1.2587442957615531,1.3182528617828975,1.4124216751980803,1.561509671338965,1.4460668538402472,1.5210765419083985,1.3499497362940662,1.3735038737731304,1.263814023011193,1.3881049949211786,1.2362466968978398,1.2605726965341988,1.0933319344337087,0.9936399855847993,0.8353144134345634,0.8075656803537062,0.6213860250487862,0.5127717032709778,0.24078262697799147,0.13717633216130515,0.020814324447822642,0.057877290418581015
25.9,0.272397226981164,0.5943944492393346,0.694836991619806,0.7903435311656841,1.0249032609755453,1.083906322565916,1.2095196412817921,1.3232597463184572,1.1688288760810235,1.2275951560038754,1.2414628624326625,1.4240572775301135,1.3941228257461014,1.5107110880781027,1.469083257165606,1.6285684767513182,1.4227794228273818,1.3424494948413397,1.372001320507632,1.4937085700964534,1.2644978919062015,1.1598939039682314,1.1030822461356213,1.0774220742021114,0.9105662634074955,0.7574507845395055,0.7163253159804388,0.4767527431243444,0.26905126837451415,0.24826031130915008,0.07128915582837825,0.10244362558813326
25.909999999999997,0.42799485408980364,0.6132284380374458,0.705933293102116,0.8965383543443136,0.9289878188281551,1.099164496387457,1.3193888743980706,1.1919441225760499,1.2999763378645028,1.3644510953603333,1.402637514372701,1.4445269547965864,1.3799061433517024,1.5342775096591368,1.4519244587077687,1.7438237171824649,1.297651074806201,1.3831872003819874,1.331236489703077,1.4313090939713125,1.3698315509840453,1.1592622596065085,1.0682972182240489,0.9682431349487652,0.8971478792388949,0.8337494028233499,0.5866329387520726,0.4566965928268901,0.29276474914655726,0.1477673083702468,-0.03168248751502994,0.005405116123698588
25.92,0.3511986783868337,0.5748559378654866,0.5952815833105312,0.8425975503680542,0.9565062194331537,1.1046907138933884,1.2736575604811478,1.2633387907678368,1.262140843975028,1.3167157479955114,1.319239411115835,1.4428234449387558,1.3776281426396328,1.4450095980413078,1.4042758541609004,1.5468201635005243,1.3122968670774022,1.379050368974608,1.3516120141570733,1.4475703583186599,1.3391724994856011,1.2324602384263836,1.1063134365145149,1.062958020615687,0.8056662636851177,0.6050824356002541,0.6885908749515739,0.5219576584729803,0.3378835274357923,0.1609909272532236,-0.03843705419381722,0.06542059837497513
25.93,0.30325427641797376,0.6247929127499295,0.6915832757181306,0.7269286209897268,0.9681854316296127,1.1449189089155623,1.2611088118974765,1.333811586056165,1.262280768827571,1.3405466431036763,1.2575047251796205,1.369246832072781,1.2339508728968118,1.3873610839762172,1.3623497264500206,1.5843435118072329,1.2773648352758338,1.5169385481699067,1.392974109187303,1.3342362288506944,1.2480155242738022,1.2683629447384277,1.158841092132627,1.1303008938719281,0.9189461067816904,0.7710621699406339,0.7428880487683496,0.43166332428700604,0.2797863035678086,0.20400409790866042,-0.0036628157874772707,0.0026417661155469334
25.939999999999998,0.38052238439979347,0.5332635850338127,0.5454656698576369,0.9309719566873239,1.0278011629082164,1.0307157512905878,1.1042966000338073,1.2207341462937245,1.177585855861839,1.3996162332395463,1.3736640865717002,1.3863989061322108,1.3783514660280993,1.484540910296663,1.2851172645595428,1.5601471593708378,1.3087901067994678,1.4081970688702876,1.3359521385218311,1.5150609638513235,1.368023579268171,1.223548521681609,1.1161974989246093,1.098841240453369,0.939009508941647,0.7573240350708665,0.691168251048273,0.5108005996393861,0.23102689284552438,0.18791100537817682,0.0058821809655867485,0.06241792132672636
25.949999999999996,0.2740309272408857,0.4735436696533869,0.5507656061457087,0.7994279126221568,0.9747268510109267,1.096187152217229,1.2481938155077634,1.2561592962717842,1.2517197945967753,1.264121415165528,1.2664714393408778,1.296469103359536,1.3239913435139867,1.5498132656068917,1.4935958599920267,1.6007177600214626,1.4028538788683789,1.4336747921223711,1.3602536215801921,1.5037584844663183,1.2663078915693957,1.2975554664337972,1.1986170865431607,1.0199278162654393,0.96883385308678,0.909442413152411,0.6214271790137776,0.4042275989619476,0.34128008160552653,0.23660759175572835,-0.02986662852991397,-0.014945629135245948
25.96,0.45229514725198544,0.5707928950263037,0.6605357818778892,0.8309718862837923,0.9457667813084168,1.0548081620986185,1.233156233457358,1.2941551716387876,1.2802879268667493,1.3853372615276744,1.3208268192863835,1.35031537802916,1.337690256107317,1.5024037306739293,1.5007693702887994,1.5993316245595088,1.4405563684216873,1.4271266150802344,1.469581927641661,1.4430398677979799,1.4198203942514742,1.2521874584164225,1.1327879123049223,1.0754052243664607,0.8866418414506108,0.6781504927144061,0.6885666605938927,0.5003211277890522,0.2571741737384038,0.18631160086589046,0.010856388537953066,0.04398817263851546
25.97,0.26377667759127604,0.5890227875915366,0.6037529726247328,0.838869159026129,0.9548946269221406,1.124117585391544,1.2091828512429588,1.2532132634191622,1.3320045339860047,1.3016698512160687,1.323598487653963,1.4192868709661959,1.381975141802781,1.5568306508089857,1.4287348540155376,1.541913039753795,1.3571913861320564,1.5082046423304907,1.4056299889939257,1.4206392150047122,1.3090791164599689,1.2633029112718048,1.1411043374042191,1.0280032219413573,0.8785798856668454,0.7694745957447244,0.6160743630545058,0.4208557992067185,0.2527205688271997,0.18375197860445933,-0.025170936756895988,0.07882912164237812
25.979999999999997,0.3010092165631696,0.49509767111516406,0.5496321186201374,0.883032169572294,1.0199828081992495,1.2063980989296124,1.2758381802822338,1.280520848593211,1.2384342237574808,1.2780525213964429,1.3435234983712296,1.3957003867749738,1.3900739153549642,1.5014181572269039,1.4043331517352056,1.6176511562192553,1.3716770270078191,1.4980759703091426,1.4051352968522126,1.4790621637168297,1.3225470455590946,1.236839781715669,1.100828034334142,1.1585443180912844,0.9984420174495069,0.8225061639061015,0.7300449010581078,0.4452593020822647,0.3332555776745239,0.13808917432477621,0.0026152399359509154,0.019410047811756814
25.990000000000002,0.19659015350008727,0.5995679303973098,0.679605113926139,0.8174032394561146,0.9376803548320513,0.9103556451131762,1.2084234460850216,1.279202770183482,1.2174874108317675,1.3427907026688997,1.3167242731426374,1.5009482226157398,1.4160732225396284,1.5242879446511481,1.4086715273813626,1.5326318018751661,1.388647408953274,1.4473262885303546,1.4944612404811393,1.4210139285923966,1.397497347069135,1.3221090014367054,1.1145810202335078,0.9488274858662852,0.7877056152830106,0.8074866862242661,0.6307296998660104,0.43106373985619434,0.3121305370172397,0.13974144842512595,0.044730751159504305,0.048411267467607585
26.0,0.2930630905149911,0.5498509036409627,0.7000701650016712,0.8138438671320499,0.9808754063433591,0.9658072010292958,1.1510237109735115,1.2830710986186111,1.2734017811840346,1.260560605106058,1.2868247403414868,1.4235818986875945,1.4271395063656496,1.5214031718672891,1.3406958492042038,1.6186690426186008,1.3583024305067921,1.4720338325670632,1.3884130809212236,1.3338130288520316,1.3751237566538967,1.4125356624669743,1.2561485232099792,1.0788546601080287,0.8625588645171975,0.771859600985278,0.6383653679911859,0.5250889006141677,0.3187424710128014,0.23264218258361108,0.07545272260044382,-0.10750891284011926
26.009999999999998,0.24820238850915338,0.47555906670578746,0.6591662785393797,0.8221682479338638,1.0546692132605777,1.1571525690203166,1.2323091371605552,1.2780088850076488,1.3236328885312492,1.3887022081577347,1.2838524545045726,1.4581577166912905,1.411321190385447,1.500650217495162,1.43762848060705,1.5880524972507348,1.3699322615784224,1.4446862977564694,1.430057231258615,1.3413908082396282,1.3934830755905117,1.3116496405623859,1.1960705043677538,0.9536481228266502,0.895877008919735,0.8060433086858086,0.6137942743378024,0.32299838895229394,0.27535990756265805,0.3137534529254148,0.0007776063408099186,0.15607012974329518
26.019999999999996,0.2894848834475113,0.5502830280835482,0.6954361746185607,0.8339585573537547,0.9560124398309078,1.1530132272582319,1.283056758987095,1.3676994652792354,1.2551073101961654,1.1698872040201505,1.2725677788627017,1.37510266928457,1.417829186831476,1.4649068484801488,1.4865253298557917,1.6051040576308357,1.4098834825567963,1.5277867496099953,1.3768810103732774,1.4078032666936913,1.374311317639456,1.3890807351203454,1.196950062583308,1.021517780147021,0.8457712999462375,0.7832387960402762,0.6890161036608036,0.5265700539705096,0.24138462257369078,0.18726575997895276,-0.058924745668242504,0.07218568630390672
26.03,0.3103433085911323,0.5355514421157095,0.6001708762627902,0.8252627057752221,0.960225095385964,1.113409549212961,1.1600940220824496,1.2479943473255655,1.4421201000510273,1.3067584616615826,1.326379519073388,1.3962507635874366,1.452867075275581,1.5905346384511094,1.44956957065507,1.617648798136622,1.4187992292194744,1.5035481395914092,1.4640203309288373,1.47967218401805,1.2964018271120736,1.3627494371783864,1.1172697433747452,0.9520313291802818,0.8490844911497253,0.6744077577061256,0.6843164684610682,0.45101308000204765,0.2064063167181529,0.16270879516266173,0.11795427304027162,0.03466176945958481
26.04,0.2896320563551904,0.5192292611998947,0.6988405763024553,0.8664783888614622,0.9982592212265662,1.100268077354044,1.1780203428172047,1.283193655836591,1.34838254676552,1.2650989651642142,1.2801437786007073,1.3922683780826972,1.4176041235361672,1.5787428536970174,1.46973430767198,1.6286399645305178,1.3933103070304733,1.5491350339104315,1.5385042165454637,1.5119705796648346,1.440722107115853,1.3569425860712712,1.2050625449633503,1.0580477270342792,0.980515761746004,0.825996865973299,0.8104228005072169,0.4743205298010339,0.2878876294092391,0.22089375303932313,0.1042188843747483,0.07256545060560185
26.049999999999997,0.28582466217797897,0.4762391052459068,0.6753108704907682,0.8915699683987874,0.9499266938878381,1.1229877105450303,1.2174296655431733,1.289055498209572,1.3587598529601979,1.3161820409213976,1.2384816031442347,1.5347263364621082,1.5247214016820196,1.5914566236795362,1.4326508324435372,1.6271285978982002,1.496435933803074,1.5900020578549676,1.392298054407775,1.446270442621705,1.3220012632648133,1.3299773288622716,1.228736515097482,1.1808722164249397,0.835212901587641,0.6634496886064595,0.6734086700786749,0.4346079943622846,0.2779890930885252,0.21561828780219994,-0.012712222842396873,-0.04403849236960691
26.060000000000002,0.3733525513616173,0.4922620302522718,0.5881488064831432,0.769704299785259,0.8875899571870054,1.074364298347627,1.2143688415245746,1.1982328075576123,1.35803932647873,1.2117511302915305,1.3418238618299299,1.3569913146218289,1.5536126079007613,1.5411343495216672,1.4104662405400596,1.486187702459573,1.4562254271144481,1.6065724065217009,1.4603866272044892,1.4493879979326714,1.3901443822831718,1.384142555565594,1.2170647774684364,0.9951373764419756,0.8520292880137216,0.7782094710394412,0.7541873404159203,0.5649287330348947,0.277381889026676,0.17506743093931246,0.05008993457909733,0.06418177540427311
26.07,0.1942004129454217,0.5170723196792344,0.7039350706207042,0.8274869521231988,0.9567219225764493,1.0725822658039208,1.1585891460834858,1.245540337802932,1.4597550541950486,1.3085599810066209,1.339628696287528,1.5364396812439167,1.5328247476547612,1.650138093082054,1.4953380067491804,1.537722962455219,1.3920195410708314,1.4945889848952068,1.4467322602583486,1.4263192580424002,1.3293306731622747,1.3441839934506477,1.269932677915443,1.0413735114737401,0.9734272438933309,0.69446833195699,0.611915597782834,0.4261775422050061,0.30721701637558774,0.08186279324229527,-0.03456026812807401,-0.04641169172081165
26.08,0.38637680140962266,0.5375851149407357,0.6413486022967951,0.8237923112350833,0.9126187097273033,0.9708106597283125,1.1485977588020504,1.3821200267081206,1.3567966644219311,1.2255177076127008,1.4298277817895695,1.4689276404851381,1.4232286271856445,1.5304754053020895,1.455540203598117,1.6254332449244286,1.4959094708560055,1.5547020491236256,1.3911053095239263,1.3671105434515003,1.2308666785268403,1.3482215309269567,1.2162803303439813,1.066339123679349,0.9107834675555463,0.6603259421243914,0.6171246945184082,0.47574987976771305,0.22754744350199188,0.09514955406194434,-0.06077407529282266,0.09874940382372305
26.089999999999996,0.2274078398947191,0.49446400267247537,0.6530545188319667,0.8468042832615806,1.0335899495103882,1.1451895835307324,1.276510218989025,1.410440767890842,1.415910246984366,1.2149367226348387,1.4222329177222577,1.4966180635728745,1.4599395391173708,1.5024642868274853,1.3998767240112096,1.61440906962943,1.6459747725627552,1.6610633663592638,1.5501466429515303,1.3849484437271804,1.3760237481655682,1.364629853361704,1.1835567883429317,1.1014699523393225,0.909938304336463,0.7961962849125044,0.735136257716194,0.49256694823494,0.32188431368409604,0.20117898192949676,-0.060316035044465394,-6.221486487408695e-05
26.1,0.23321616971098114,0.5657953115912993,0.6306412077749073,0.8595157831210212,1.001561548302153,1.1739948127548478,1.2524801236232155,1.3504516313221249,1.4542685004447853,1.3449140498417003,1.346973890006619,1.380890634194468,1.422110233560452,1.4529635370352143,1.392865028462923,1.5425314931790517,1.505920386988236,1.5579106845617596,1.4681985238830684,1.3840101172739352,1.44050587571457,1.3948163837671246,1.142915965066004,1.028533782013987,0.9462933297437489,0.71956938752989,0.7320736208339567,0.5820513253111651,0.3791708598697353,0.1992757404609005,0.02466614745572946,-0.03249456089737972
26.11,0.3926333246398006,0.5531100024370761,0.7260345112667594,0.8877511616929048,1.041532605249317,1.121477969927122,1.0367122099148132,1.3494212795904676,1.5325243574557,1.3035577747076401,1.36846643239361,1.5789161938040803,1.5455017950669865,1.4925153829264728,1.4681929447516575,1.565927257422536,1.5301882301404166,1.5807151076508832,1.4946987500806272,1.4004274007297284,1.4566834304585872,1.4051261413323537,1.1978496049612661,1.0500902603633147,0.84871828558292,0.6416122585796153,0.700157610838554,0.5728289685570648,0.3169836058482016,0.20639893890087918,-0.018199944444147693,0.024956841150991976
26.119999999999997,0.30791872181348195,0.47197849513709217,0.6889678855276099,0.9336591695480901,0.9695836826264708,1.0984745299426297,1.158234672487046,1.257382259764653,1.353824228973846,1.4309401672471314,1.371453377673389,1.5227284165679222,1.5817151129568328,1.6143247710422683,1.4428948202669931,1.5407115808517506,1.44439317871061,1.6256126979559944,1.4741326088894784,1.3421497561549751,1.4003515655532075,1.3513538469738535,1.244194228416338,1.1484074998657248,0.9775933452335427,0.7445325555765946,0.7408976397696381,0.47476246006033707,0.10034808632134881,0.10595901726072281,-0.023269557861504038,0.08091060443082189
26.129999999999995,0.20703311248391298,0.4457848509899476,0.6034310500423423,0.7634605847649629,1.067040524629766,1.087811390575163,1.1883508771229614,1.3912931015681331,1.498710081812221,1.5298605966932128,1.4268234767169392,1.5187016650629226,1.503154454853485,1.5129274808872983,1.3764644824107535,1.556185015034562,1.5559693659477132,1.6043343755239674,1.4230298301182704,1.3937926464768498,1.375488818260127,1.368735997752653,1.224710291351997,1.1257638421206342,1.0494649168337897,0.7852833839409046,0.6546088232003827,0.45130010794752223,0.2256510861581952,0.228539466544246,0.12944032653331172,-0.0517585283743112
26.14,0.27608527755781687,0.3732596961234723,0.690959448641651,0.881477827262646,0.9891874238350296,1.060259084418123,1.1826248037131226,1.3421481788525085,1.4591240450649692,1.3859928380232536,1.4604116234024052,1.549104893877912,1.503365812814726,1.5797278872904834,1.3863779562363636,1.3050527487342582,1.4443409138547714,1.4850837844060414,1.4209437766686153,1.2641471466883982,1.311436903524121,1.3878294504444364,1.235846794980244,1.0984617521283553,1.0001965610524266,0.7795926442753547,0.6725429003442887,0.5704483557129819,0.33458975820811915,0.1587863943358158,0.07622630416531521,0.08336650846860233
26.15,0.32444477749783807,0.5595392141813884,0.6460276540312981,0.8426393511548512,1.0296729346880902,1.1007274056840608,1.1976027483486003,1.257232172493791,1.4809756129729794,1.3726324296692947,1.3804716026179311,1.579236813133626,1.5399796460537174,1.598628608050722,1.411890641532994,1.5329887401152422,1.508463042853144,1.5707672384789295,1.4367719581128378,1.3674881329532427,1.3524460546381358,1.3507558143271188,1.1657486133738422,1.1242586188690469,0.9586105015770714,0.7868728494104543,0.66326558245727,0.4227280168267527,0.22488570551660178,0.17616500331335713,-0.0035183402545447967,0.045775993193174866
26.159999999999997,0.2422309775161941,0.4704702080851743,0.6637141672946321,0.7370576189141338,0.9174453330086133,1.011951737936816,1.1473253564451256,1.2671605326650819,1.3469914545019837,1.2936519244965738,1.3116481327127167,1.5033157986258683,1.3618927597625534,1.5349077985083863,1.5495718818702375,1.4954559987223437,1.4963648028627254,1.5032209585194076,1.3997689701735918,1.3215388208895666,1.3585846749852233,1.3785441378800658,1.26552767002799,1.16457324663394,0.9834101410970224,0.7674398991464172,0.6599406256708739,0.5031735328409317,0.29862713790818957,0.21163951407101764,-0.01720759920091895,0.009028674753182957
26.17,0.3291330375301735,0.6269683648647296,0.8007128790723936,0.8760197061396463,0.9785518341024094,1.084885522893055,1.1960639045070793,1.3323160813978716,1.4331137279636175,1.3468555259150772,1.4586641555541258,1.5873417910549878,1.6370652860660349,1.5437620787311699,1.4755956772523986,1.4750922822302295,1.5671416192291798,1.4171190312980908,1.3555178484074957,1.3278665446956877,1.398494617379813,1.3184442417628834,1.136013626392223,1.1161060090261512,0.9027246205799389,0.6942764695157593,0.753531249496356,0.5457173707323338,0.29109775668298665,0.11325015205561836,-0.05509511709707679,0.005877090976861052
26.18,0.29561687595031083,0.491659484590931,0.7041183042836775,0.8520241373828874,1.0205971880316091,1.1201876083033673,1.1488520893113239,1.4002186640920171,1.5677828225080128,1.345567072739932,1.3952675319984484,1.580474152285701,1.507916520251771,1.543231578340198,1.4600279281509192,1.3182355603682536,1.501910479491881,1.5561727990001708,1.4518677702713363,1.2631845603323506,1.39766753035949,1.3317211561878732,1.119788564858814,0.9681083342732937,0.9818299013844751,0.5645836246004009,0.5721667385295883,0.5031151939287234,0.35042230118591106,0.19145480819042837,-0.01568272941555787,0.025447241483431582
26.189999999999998,0.29632825483175523,0.5230143929009047,0.6992983960110664,0.7630218478246802,1.0393450620605587,1.0410346438620528,1.1289243441993473,1.3455281628769007,1.3580265607430688,1.3678353142686581,1.3949830819023137,1.6012289699614128,1.4604123669146094,1.471539611795699,1.4166792605100542,1.4442687119380722,1.5159571160503393,1.5978335228002918,1.4238932031912015,1.3075737270175016,1.2412259788539814,1.093928361793402,1.206128140496093,1.092527668476691,0.9955080774947123,0.7322630888330359,0.7484269983764715,0.5163204692224529,0.2857615578095952,0.07584340937731975,-0.05014267353428709,0.076524773830162
26.199999999999996,0.24112741895153725,0.41145642593140186,0.7138622288089672,0.8292205383810899,0.9564828520535615,1.0528367139581962,1.275891167266229,1.3886648275085012,1.379680248907315,1.3390000174845453,1.358427649025347,1.6287135507209012,1.4805110406857867,1.431595103896467,1.36520599184129,1.4094748798995842,1.4703290330471648,1.6158089533282642,1.3910290875582119,1.3088291763020266,1.2987095392408516,1.3165986286799582,1.205041275744191,1.159445675711622,0.9315550972808273,0.8165400019338861,0.7542960176054672,0.6034901963385395,0.34302771401920035,0.17010766932271534,0.056097776292643176,0.002736330399120381
26.21,0.32585875826320065,0.557175109000372,0.7372322734502348,0.9399621288136828,0.9922407054563144,1.000961096113693,1.1650212029929947,1.300294994972494,1.4608152910755754,1.3384341028655382,1.3662519700495568,1.5306504551809383,1.556819770053576,1.5517866682043016,1.4717804577904707,1.445043756896433,1.4559223578563383,1.6079303090218349,1.533605109604099,1.3141821975239385,1.3191528631870069,1.3294727911235744,1.141604855279404,1.1572997819060378,0.8515944289171256,0.7955368939320695,0.6439083985518598,0.41749207715406517,0.22026850640613202,0.2570875342767139,-0.021851378001751888,0.062250421070176955
26.22,0.2524739621966282,0.4449115043892139,0.6832226656081207,0.776774152938267,0.9421366928020775,1.0595553153352306,1.2705171122503338,1.299708533875924,1.4667246757341201,1.313993978274023,1.4253106944541936,1.6101915531085997,1.5380255691554785,1.499107197682482,1.386960848237144,1.4058733937052812,1.5279139854276975,1.51814404326152,1.4205523019485238,1.289663145402743,1.3505344736813976,1.326625437577466,1.2699062001634953,1.114309636057567,0.8910430825726045,0.6778875540968885,0.6959974770141325,0.48796613416447504,0.30269832857400286,0.13899282337020147,-0.0396320820961729,0.06343318825880764
26.229999999999997,0.2946316642072229,0.4228771754584106,0.7310006227437905,0.8457275798469531,0.8679197175185551,0.9866319380334035,1.1518445855760722,1.3080987984684072,1.456149833205963,1.3111847741422222,1.3731675353015318,1.5581745374706002,1.462566133780753,1.5407572217982222,1.4219895315722275,1.4560755357226696,1.5080501435371838,1.5041568635855083,1.5135441449530758,1.3467003624681646,1.4127777577510725,1.2277336619821224,1.1838143446711276,1.0262268975184712,0.8669717695914116,0.7539572879469698,0.7681905205422256,0.4220110480885323,0.332495130012064,0.3023721373554245,0.08328088912152032,0.1083471972269929
26.240000000000002,0.27037855528720706,0.4454054259851528,0.7196121680828496,0.8674903943437212,0.9326066280283478,0.9106327781262565,1.1182798159033909,1.2511887338858338,1.4201649685272852,1.3798669192297697,1.5056620251726014,1.5976684368252456,1.543174183048415,1.3647490328334302,1.3847147299668037,1.3892369159529139,1.522263054869181,1.527862028253024,1.3809720490699924,1.2875517238842527,1.3989774491212459,1.2780853959750738,1.1633439814577107,0.9752476557399897,0.9857502691865767,0.8222588158906659,0.6905683867023884,0.4562247464791818,0.41614812436876125,0.2678603188325806,0.04685134105381892,0.07287976023077627
26.25,0.17219055403276826,0.4784522412712616,0.7362713439761265,0.8836000010165315,0.977850343968401,1.1057510122420744,1.1787280303023908,1.336485050626308,1.4459859680785947,1.349306132995487,1.4927875281013472,1.736265862251611,1.5786767161362487,1.4091337494700626,1.4088394143486747,1.3224790602732155,1.5169600502748097,1.5070879744043053,1.4770860419937002,1.1346852103251508,1.3128163099525634,1.2927706008134239,1.2773819919704683,1.1211703154832027,0.9453421451722137,0.7065746151214998,0.6859874686023553,0.4879289378833557,0.26477537738175316,0.24818320639365007,0.002690417491933288,0.020664721149929535
26.259999999999998,0.2893977968819902,0.5227350352516119,0.812511315351595,1.0305747030473487,0.9572528431199674,1.049869950337947,1.1089966231655386,1.2019773343855378,1.3191470052102767,1.3653156889276081,1.5292295094355937,1.5711159436838886,1.5171469977584795,1.519180024750324,1.4028706121148984,1.320327164748269,1.5258099745092044,1.5084885520257367,1.4601454159418592,1.2312650777625171,1.3628097269436403,1.2813062622207845,1.2889680712939522,1.1121767876594646,0.892980914844411,0.8168884079270903,0.7419240497909891,0.4684273680234359,0.3743509367643589,0.22354778579799817,-0.06411374273047274,0.08334850737530022
26.269999999999996,0.2815203336459713,0.5063617573443585,0.6018255710938365,0.8721150990331634,1.0571329711241801,1.1013960846516944,1.216432401067724,1.3037773371222294,1.370039340046192,1.2345978455185675,1.374331800296764,1.6548253676419074,1.503203336598134,1.4314293789317398,1.4155688456324207,1.353086628159435,1.535238903487655,1.537675092826181,1.4900761963748637,1.359417583191868,1.4056931602543874,1.2677666634502758,1.1184076638593385,1.1486667741359604,0.9633861490475804,0.8039086423356138,0.735212296529885,0.48788354133978495,0.3607375460423733,0.24713503588977315,-0.02066673529309454,0.031149406589849986
26.28,0.283955293421088,0.5408995937628343,0.7466315393328137,0.7920111646648833,1.0115115612335968,0.9542898835539879,1.143725397745189,1.2630443389156851,1.4005405349109314,1.3071179906639998,1.4245644262866846,1.5891426481284023,1.5715642696881837,1.53344763851372,1.4927519627633303,1.4339259892751388,1.5604780340892077,1.5008869507123836,1.4577935981975723,1.2913817928190847,1.3391389340559954,1.2977813051075524,1.1710617528502785,1.0760645493840133,0.9634964083697342,0.7364561806882893,0.684946908363316,0.5615039463219365,0.26906063542302905,0.27415804451605147,-0.08180502021628376,0.041559736291407065
26.29,0.22682687959757142,0.4635265564678018,0.7552774778496207,0.8961994413036526,1.0654165539052962,1.05619463879423,1.1599226501925894,1.3816918046735893,1.4589156427111571,1.3370629034434258,1.49448594584135,1.6552557642381729,1.5425143269969537,1.4141189540344217,1.5220519058091544,1.3675468625044636,1.4920309705742651,1.5737743664181731,1.3988875445920925,1.2480146616818495,1.4011866323260875,1.2810729220810844,1.182464988512771,1.138714532070428,0.9597222026145742,0.7601927759597207,0.7443542985070022,0.5640169959121116,0.3169362307130525,0.25052556309159874,-0.03239215967359657,0.04385496846067544
26.299999999999997,0.2816445695458173,0.4449538964348968,0.7337443048485707,0.8640589674626639,0.9783203636776383,0.9649915247616803,1.2268099701576751,1.2820684013643777,1.2525318637169611,1.286195124603807,1.458967858438664,1.6567927199477221,1.5578902029645574,1.5105773242934062,1.4826709900722785,1.3735827441307589,1.5651046886227922,1.4653585268592395,1.384370259471838,1.1955115998938022,1.3962558395020783,1.2499876965991517,1.2297643876042836,1.069193206962851,0.9741292310495065,0.7455497254207903,0.674724798094805,0.5797048215777044,0.3065106158628752,0.3605937941128441,0.030501051341301735,0.11501423347007515
26.310000000000002,0.2654610306998934,0.48565861494073453,0.7213538606967272,0.8292306515657215,0.9943392481472878,1.0349205637344603,1.2014142740620595,1.1690842561445334,1.2381772676527867,1.3925765677229673,1.4772382377617872,1.6118594049108101,1.599638680704852,1.4642116949538517,1.4367315052499465,1.404820125142294,1.555364197519272,1.552306586643491,1.521256213587273,1.2158262111135878,1.4317769394454813,1.2616895907123193,1.1897174574342395,1.193253005058033,1.0536177489444947,0.7687787548963932,0.7568694566113436,0.5394066761945815,0.34374710335920156,0.24867446658120612,0.02736063737531287,0.09352889353744806
26.32,0.2881439443728464,0.4862041598890984,0.5787782865284642,0.8095582223229296,1.0277238438765517,1.015509971240321,1.1653616061882912,1.3265331061130494,1.3224871509787277,1.3007395310842282,1.4423751573856443,1.6984712253000525,1.5565569904804795,1.4826715760933864,1.6073320668969004,1.340673082394691,1.549287135195825,1.454923264665105,1.499400044617636,1.2618352928207621,1.3680059703333907,1.2454650919793,1.1936028172914164,1.0509351618578888,1.0727239386890848,0.7452744774115212,0.5739603097594682,0.5681355019783008,0.3007849424647123,0.20867019623541028,0.0023403527316064503,0.03896274231349495
26.33,0.23338301055818755,0.5153215871633134,0.7591755874500755,0.7926001215753883,0.9564033014951043,0.9740613747637494,1.2550349803433125,1.2194888988013008,1.2603000840305905,1.2067627390976785,1.448675087244178,1.6377937202093888,1.556255643884919,1.4128275334138112,1.3900266823128211,1.2829705774276978,1.4834579392069103,1.434884720068753,1.505775363343937,1.2805533750015843,1.3450843748300123,1.1424496582512096,1.2832154376911888,1.1440664922657684,1.1105787560591278,0.7848342495324597,0.6587476950584744,0.5803548938226389,0.33196647281512237,0.22066504912105772,-0.035052202545927585,0.06455716568210025
26.339999999999996,0.16314140099741603,0.43921409789762345,0.7415127016925463,0.8707435502803172,0.9808664417840102,0.9738825993866386,1.185605347373714,1.3192311520642572,1.2969551018932846,1.2432432476201822,1.3763524720442317,1.511569033393263,1.5065725483563583,1.4576845150234345,1.4741006619190702,1.4819300415716388,1.4794455479311197,1.448814372489778,1.4517582039000556,1.2320602589421976,1.3876957007008588,1.2754376429098084,1.2623879039022028,1.0240337966144926,0.923386606589878,0.7744756243472756,0.7074968494193874,0.5635129156982638,0.26282421839641706,0.28103825352284206,0.02862450060695631,0.127019420372731
26.35,0.25569323168571073,0.41817715764617863,0.6700595220020052,0.9377718535615862,0.9193311095631047,0.9515978823296449,1.2363335991082187,1.1765652875150725,1.3271125643245651,1.2423288181313166,1.4387014861668228,1.5790322193361708,1.5606074268384797,1.45384249891029,1.447604952619431,1.4154167165139626,1.5678791807638282,1.515475012443463,1.449274410053613,1.185908432020278,1.3591855246430489,1.2027609061395925,1.231647712779468,1.139123758217583,1.0102680139115188,0.709211514903848,0.726838060712871,0.7252603877930934,0.40906275097839156,0.28435163060784874,-0.021026376379645655,0.07631920800551709
26.36,0.303000532256367,0.5327267122815745,0.7179403210983203,0.9070487574311195,1.0374367423213533,1.0076666407654506,1.250085235023527,1.1165479767266757,1.1787792789246658,1.2573311841969281,1.4686798501974603,1.57618609898886,1.530259361707616,1.39444525735283,1.4298512138020225,1.4730722716740015,1.530196159297629,1.5064385171745114,1.4603080732793312,1.2796750653179934,1.4412620447506004,1.3558916817344977,1.2138037630091556,1.1145552028167618,0.9478776449643794,0.7298633306584572,0.7021095129657188,0.6030759777832382,0.3169871227190746,0.16233658829655992,-0.03288900991726813,0.1391082980984139
26.369999999999997,0.13220745624008473,0.4159052272180606,0.7260969775963797,0.9478695575357923,1.0170884834462093,0.9717221657421875,1.2044286987792223,1.1794925802700724,1.3249502452603124,1.2512173253763734,1.5241727545923291,1.506016683438667,1.5228700925985872,1.4469585983894557,1.3932853609833682,1.369573179934484,1.4971510697901544,1.4492182703433167,1.500982429035939,1.2789196170392017,1.394188826308291,1.1360989972141846,1.2345292122669038,1.2386925409276395,1.0414718190796293,0.8285813681398908,0.7579409082041161,0.5500990499955478,0.3476522729316655,0.3452167302441331,-0.021488965909245913,0.1772040379640763
26.379999999999995,0.2670480438948819,0.368885876149164,0.6644991787136373,0.8331216218008425,1.0348211058651617,0.9819999164505441,1.1682454904167638,1.2347719198804026,1.3077934880802828,1.3274579374801587,1.4701713718083285,1.6515741222922786,1.5141563740576707,1.373770560616243,1.5224767774908596,1.389116755395877,1.4889747535216382,1.4830842377785198,1.541283437715823,1.1935765003817662,1.4162037420773246,1.2562549159159995,1.2624593073796695,1.1316412956936046,1.0019848099307866,0.8501521178248944,0.757375982618989,0.6156758186851956,0.3824905203872938,0.21774065296159983,0.06373686752760685,0.1513910494774071
26.39,0.21900626168471032,0.4832919507072194,0.7808447804585485,0.8022928340872864,1.0416962566860886,1.0441392071846636,1.250386131320979,1.194745405485225,1.258686353138093,1.326949088625999,1.4544597989428405,1.5270627246592834,1.5372126626585494,1.4098774907024196,1.502405722806973,1.4808540068854792,1.6810726180911848,1.5634533106032598,1.5384808239613257,1.3051849142247365,1.4759218061081663,1.2608167641081514,1.2023045744553733,1.2110736088875338,0.9976242418517561,0.8611895401861569,0.7967599834778103,0.6696843006533937,0.36815936656776005,0.3219204636394933,0.07435157288773477,0.15515758733494692
26.4,0.34828951343945924,0.46627564920401465,0.7887244555021102,0.8320671299956861,1.1288021400078856,1.0132112185753666,1.1775705469004405,1.2533000451878076,1.289851610789948,1.3580418900056241,1.5027482968008088,1.5566535208434287,1.6524179457135237,1.3698639382550748,1.3737144049408514,1.3449199833766068,1.4799131536394459,1.4846426290620616,1.5907282654748174,1.3428448537355064,1.4355421723324224,1.3050941203898703,1.411540613601382,1.235675942044918,1.0564010733052063,0.8492411152304431,0.8004954086380338,0.7687636937204704,0.4362153728009082,0.33156105189208773,-0.016032875515747107,0.14431145039641075
26.409999999999997,0.33006891765624286,0.4932232494009302,0.719039860261135,0.7660426788946325,0.9990791936580224,1.001973372475196,1.1735867568621512,1.1855586349457194,1.2326665583255458,1.2439793558002814,1.3684088900417524,1.5474822264748533,1.6613464865454883,1.3543820361808212,1.4669984425699214,1.3858739654296235,1.49857305322394,1.4216827872462259,1.534813216825901,1.3809301652686035,1.3931477147944489,1.2682118885472857,1.263824293267787,1.1103795991247782,1.0913869172379809,0.7743333901888755,0.7958285347203427,0.6115446211374108,0.4387420750466798,0.2983007619418068,-0.036306748616462756,0.22965712669727958
26.42,0.2615789492328805,0.4631109170246165,0.6637519095533184,0.8298521270771274,0.9893826619722164,0.956824330836558,1.1030821655840348,1.278915116257186,1.2913947081345523,1.359989436829327,1.5097350876266014,1.6558963427196591,1.678215260671311,1.4015786568232702,1.4800664573541735,1.4215931556171653,1.4602210609404183,1.5099060088368088,1.4837317238229846,1.3349501605015235,1.3939671185145333,1.1590115350529056,1.2724751126101017,1.3097353350155547,0.9951564405500839,0.7942505746042183,0.7490499912097072,0.5497358773918478,0.2426709078931722,0.2647650326678908,-0.05927965772442755,0.03355204554211133
26.43,0.2627403059343459,0.4860557126033919,0.649329216820526,0.8391666420210906,0.9970537602657951,0.98485285956688,1.1082065430783654,1.1117121789230224,1.2692239630267748,1.3725339459810069,1.4545142906614539,1.6374244746763977,1.6816822838940924,1.506289262125713,1.5887013417592577,1.4229577249622671,1.6368273665721624,1.5553909048573722,1.5422399267279239,1.379602372401805,1.391512152840458,1.1804024584047241,1.292177873188743,1.1761745039025238,1.0129385089347451,0.7669163772977248,0.759510300279932,0.6221955536060869,0.28727898041610717,0.24332074673838477,0.07556820019640156,0.15201537367063955
26.439999999999998,0.22230012267746146,0.5277105496544445,0.8807902101621689,0.7769663190596383,0.9469961831049347,0.8987675718753265,1.072158067159736,1.1046967284033498,1.1899266999911118,1.2880960552018417,1.5593178653672195,1.5204296841464973,1.4329619313052397,1.3943881878387234,1.6031128085648956,1.3836365597366633,1.4158943591270803,1.478396315624377,1.5884150105506776,1.295351394025779,1.447334755372197,1.1441703177026772,1.2647803139118485,1.1752148654254204,1.0295155634077287,0.811971736922276,0.836403175747922,0.6016037804978286,0.4109650097476965,0.23721913401287223,-0.028899651486356925,0.09886288481689831
26.449999999999996,0.3522046632855572,0.38534050673415193,0.7324172369305277,0.8460399513222109,1.0271815594738705,0.9737353788288456,1.2196609404260133,1.2044848946830338,1.3401875108247272,1.3604334287046513,1.5170059050145426,1.6382088076801056,1.5392730421659317,1.4522395961965462,1.5395418584620215,1.507573714781114,1.4813526737933245,1.479639813904646,1.533949779022773,1.3116815176064152,1.4034136728447737,1.1779724872362922,1.2769527236333984,1.1590971499060405,1.0331112417289612,0.9198915418765362,0.7025586747966673,0.54585420322835,0.1567991663635832,0.19904972457909434,0.050666510899306044,0.22739925648782497
26.46,0.24187920915982758,0.4347341895745824,0.7314179934291678,0.785753644900992,0.9028237494042313,0.9187323205120697,1.1028306507114705,1.070203364058447,1.1887708591847235,1.3015359008185572,1.4986589397072916,1.4548952387951832,1.5486788048364597,1.4253550109606226,1.539538116092545,1.4711575135647923,1.609283129848099,1.4976297779948398,1.4695566319139666,1.2491390756372431,1.3939153544083887,1.2393200243195641,1.2520256922909072,1.1927278119495397,1.0438981532951368,0.8481973012357074,0.8459642307866796,0.780161678632512,0.37351346989309747,0.302002698059695,0.06049525767511858,0.08860295025789129
26.47,0.27636575338483116,0.43287556067688043,0.7369881513541897,0.8786357581718207,1.0060843882031414,0.9131175590761387,1.2207610253826477,1.1944167147712754,1.2665091023228463,1.3997869808472485,1.4359888527801263,1.4837718641750108,1.6372614424229506,1.5007649454492473,1.5198453953612143,1.4099429183926646,1.533341354819603,1.479419407119623,1.6122996516018584,1.3506355646777843,1.4389764656578443,1.2691423000750313,1.3081451814586822,1.2508390416265058,1.0882086186489133,0.9530972609711412,0.7897612569932269,0.6729097716621869,0.3264544949750513,0.3103981641010239,-0.09646148533887866,0.0833500638113777
26.479999999999997,0.32890226945927586,0.5277201403354403,0.7475894842776952,0.8071491082003976,0.9975462880688233,1.0415291931587425,1.128747920322564,1.1111980707239404,1.256977469447535,1.359390986900414,1.5750973159324866,1.541761875378993,1.5544015173601566,1.3781349864830386,1.6479387168442072,1.480848710593005,1.5722486363445973,1.563410203548767,1.5208304989958417,1.3953575359746067,1.4285674119421512,1.1552956363682194,1.1800728588613936,1.1673392283067843,1.0876743500890798,0.9430707001694326,0.7414633753595706,0.6295991103828398,0.3034730376490336,0.23545548930139718,-0.03845551540547448,0.1441995288911607
26.490000000000002,0.2557165224876366,0.4875407613683115,0.6529148543742284,0.8436958470933246,0.9714803798230568,1.006867480488155,1.2242857365625464,1.1452341857606647,1.2086771180293703,1.3392950671600223,1.6365433632026747,1.4277931117947544,1.5018088338874096,1.3575239834430581,1.6133077373689795,1.5459622502543975,1.6117795203648724,1.4369233348132815,1.4792046726880672,1.334329489623436,1.347192104294208,1.0979971807537972,1.196255523335079,1.0963369524662183,1.1072798850245864,0.8422433389691688,0.8005059011551283,0.6271045236782556,0.1082212813880441,0.2118468328943837,-0.1173405562580659,0.11282724936575252
26.5,0.33224554859227656,0.47359380543214535,0.7249259165467701,0.9129875340498158,1.033902175590306,0.8827337619408149,1.1051136189901896,1.150894897438169,1.1751943310387911,1.4318925188468092,1.5758766776746662,1.5117663274348971,1.5518308060178014,1.3876672993264085,1.4382371093202089,1.434988861455251,1.5443234084399544,1.5025563752260784,1.524399095202243,1.4031131225288256,1.3964564317974095,1.180006977342538,1.3190733886032282,1.2358095252328376,0.9715938786200337,0.8217103998226924,0.7750865229813929,0.415884349616785,0.3170634438585831,0.3252727535996496,-0.0496574581039249,0.07653849312363514
26.509999999999998,0.28148345868813396,0.5090198644937596,0.7851412103440732,0.9323802419100324,1.0815907463056362,0.9523466378511545,1.10462870646379,0.992770963897525,1.1388218202455496,1.3999200492214452,1.4670310457552458,1.4862203266436163,1.5634242017088604,1.4859337346588977,1.543609032821945,1.4223673343111056,1.470868268580827,1.4570853028449124,1.5492939892409259,1.4557888819540006,1.5258092714751168,1.136364870436789,1.1527911306090919,1.1779429409122883,1.0166288357278308,0.9372629343243588,0.9048635207458671,0.6786477933085397,0.2597472589815057,0.29549481760552854,0.057408893877566786,0.19237672841097492
26.519999999999996,0.23810800163197518,0.43671663267278854,0.7982471677810451,0.8459707216959846,0.9241586682714316,0.945867332183485,1.143816695874884,1.2253210011928972,1.202825836936385,1.3852100341025204,1.4201786534028513,1.442734434090492,1.5770339278330323,1.5087502813137572,1.6286389288958925,1.5268543935561985,1.6610859612266344,1.427815013134477,1.6034232528723964,1.3571738005040657,1.399028320612847,1.2592176973125107,1.2997244076647154,1.1396277312680647,1.0893427406766183,0.9424035151820975,0.7959190424251136,0.6463753471226432,0.3616902866010773,0.2340354735545953,-0.11405853337736324,0.0841564388245126
26.53,0.2714270100621901,0.5159788841751254,0.7531359632995543,0.8953718152488778,0.9459034337181799,0.9221269679581064,1.1232137855838134,1.0538457711254878,1.209994355996282,1.3072996736394775,1.528232958685602,1.367256360804526,1.477481718464431,1.4216314646176396,1.5637658658400415,1.5824472835536085,1.5196232017074016,1.4281595358938666,1.5059318126068255,1.4005341331712713,1.448228237265323,1.2275396834505334,1.2330839869142058,1.1769475696877907,1.136272765705078,0.9341956123477503,0.7450946729397186,0.641336903046678,0.33835413800540315,0.21739451522158115,-0.11256813391233676,0.08462058332282013
26.54,0.18647410937017844,0.47176960886291375,0.7827263106460823,0.9101241629141174,0.9678122246533027,1.041983278887166,1.2307928664180352,1.1021557729652418,1.192899848562483,1.3999685756096545,1.4865395306065663,1.517235798393688,1.5643747034523279,1.5455070186101147,1.6063702533068758,1.431726510551816,1.5802376943850007,1.4317828814863105,1.3181462134115953,1.3953888529238716,1.4434026246901852,1.262145961326994,1.2007454338577586,1.104871276846397,1.0761463282831116,0.951592792250152,0.760181351801337,0.630767063559717,0.39529580458938385,0.25003461323543025,-0.11274556995441595,-0.030982803862471504
26.549999999999997,0.2432342369294124,0.5134982331158278,0.7999054679734144,0.8658315931444769,0.9039206054017725,0.9936620796044393,1.189088971376284,1.1158240037549505,1.1794348218924808,1.4443024684173222,1.475110460955237,1.425028626014518,1.5772471668157806,1.4613424600216776,1.6257561254479782,1.5042756758209699,1.528959328672391,1.382899293058533,1.4209401348556638,1.3475534151507131,1.3572705766004762,1.1497371701047245,1.2499808010473825,1.212708663934975,1.0997578803752557,0.9066656727782385,0.6599832395551004,0.60018223539273,0.28997418229127586,0.16739550804427292,-0.05383025180577156,0.09682530349363705
26.560000000000002,0.2517839078200246,0.4428760156971716,0.7255129888436535,0.8702981623068746,1.086294765983688,1.0907225837753516,1.2291759403843348,1.155179175339896,1.2168465257547156,1.4178946152635175,1.461127913840609,1.5024974067561763,1.6385892412904568,1.4354330367209576,1.5158657913499511,1.4336884824184633,1.665736368972448,1.4353764865072984,1.5576530391706425,1.4377420998080785,1.4002132835496894,1.2079880398729,1.1854774606229013,1.1894391409019083,1.060509724825211,0.89990151605226,0.8040042086368204,0.6145701198330011,0.29360788586387815,0.23120808591129474,-0.10121140277212257,0.15003397743892596
26.57,0.3568630019200909,0.5771931063602542,0.711305430357546,0.8576089056965008,1.1807077923495939,0.9888348790702962,1.1322466399443718,1.2016792983425586,1.2149472564896153,1.4229962781751553,1.5674599645989642,1.4461446001573697,1.512789699448883,1.4253584457120982,1.610404628479411,1.5345718641409665,1.552014618664847,1.4549168162210038,1.5210238263586686,1.445350893188352,1.3785529348304353,1.2497184283615796,1.2959582916520078,1.0962846152827521,0.9932316579126133,0.9020554143020223,0.7254452674314481,0.6415308459988617,0.2338415795632759,0.2065864312940476,-0.03255064227813309,0.016602948009295106
26.58,0.2345968754485436,0.4006900829334891,0.7335766352261135,0.8786340392564257,1.0698599721544477,1.116973523193214,1.0850949379828911,0.9994518534032798,1.132267192034202,1.5257855085324388,1.539350006424068,1.4820977814323917,1.5047897863594348,1.4191425698955122,1.600570664166131,1.5175868885476838,1.5638204959497426,1.3699176097390702,1.4863939897621716,1.4276873452346461,1.347616043054699,1.218658058963337,1.1531173110930693,1.0908997873575035,1.0529404761627277,0.9776828511565048,0.6618693382194328,0.571634153257217,0.247377089817208,0.12751638410372515,-0.09439966689171733,0.052136715201784214
26.589999999999996,0.3589755386699447,0.5924706282148071,0.7359612374722235,0.8898201600927327,0.956866516351685,1.1026407418626023,1.154612515049195,1.0740200074465938,1.1577824755402841,1.4205940078607193,1.5758672221722991,1.5464338187618931,1.5635579818406529,1.4500170542364919,1.6729479394671416,1.5372961042576123,1.5420386406649023,1.409596676377143,1.4911315408331243,1.444526858176677,1.4588581515327717,1.128606610209033,1.285902427353369,1.1275882617878747,1.0674396122440537,0.9834037374669702,0.7686602842004127,0.6239939539342598,0.23958964832700302,0.2654159640245761,0.003678123560083752,0.16409353323390033
26.6,0.27004938597989947,0.3752353357098079,0.6555130331516292,0.8169050028917068,0.9457372152012539,1.005261211438007,1.1065478028336428,1.1111170744022474,1.20192457349441,1.2936593435674215,1.4279994673357308,1.4463942160424739,1.4574861718337928,1.5493599741477908,1.6077539633426383,1.6118920997051678,1.6304317444193934,1.4072331321127982,1.540801729671266,1.415723419104122,1.3901375202597772,1.2211461813757276,1.2548025754067822,1.0938466476517081,1.0263413503145478,0.9258933312793244,0.726545380651624,0.6126691462891752,0.29527324794589793,0.26456224330160194,0.010279683476074965,0.08676548385955549
26.61,0.2721260905919379,0.4512665262173632,0.6850089246032525,0.8622162240965893,0.9891177494349238,0.9756936041528641,1.1044765916735169,1.1352732647204062,1.1807995567642036,1.457949770110126,1.4476653253779352,1.4358559530916257,1.4849027083841768,1.4712077352525041,1.5508287127459714,1.531161104984899,1.5463430225721218,1.4235791585477005,1.5171316990836183,1.4374225151730933,1.4049051391686158,1.174923387101471,1.2836561053891724,1.0901382044835801,0.9295778253691218,0.9075867257494664,0.6729815382474975,0.5950167819055379,0.2676748027086342,0.2195734906669194,-0.10906491561464944,0.06752195939061845
26.619999999999997,0.2625454028562011,0.5265042679565037,0.8723750352400165,0.8439985776141873,1.0009304072946619,1.1714884395038279,1.1473774002952837,1.003175507408889,1.1410070714004874,1.471749907118649,1.5600285295782552,1.4569655433264,1.4540899911598648,1.5421823126599747,1.6466713505563206,1.5862636547634983,1.4735912812122547,1.3795852449438084,1.498879862628824,1.4725250071258502,1.4312030034152734,1.2364994478890203,1.3307809433854385,1.0869362953345865,0.9480044952059833,0.9436412656149414,0.6910634707646053,0.6254722127576197,0.3612387142169818,0.21500550744185606,-0.06050382911949933,0.02189146087537984
26.629999999999995,0.18662250377246106,0.5761127576314846,0.8640184850603723,0.7926815951563728,1.021359839636648,1.0591098324884618,1.1566185862543505,1.1894171679554928,1.211883372472311,1.3964672214627105,1.5562868053191536,1.3636752414136062,1.4944150190524268,1.5755268333997416,1.5950215251365785,1.5824622392736294,1.6467198056976564,1.4990055734803935,1.561572497335976,1.4078897380701851,1.4384345662648599,1.2146877116210308,1.2358149295973155,1.104103762890532,1.0771055139983545,0.9766868102873917,0.7287202106692818,0.5791645741624197,0.20908756076043297,0.11787425297362582,-0.0934230569374201,0.06780154940386665
26.64,0.28131876801625066,0.5192457780459867,0.704615747513954,0.7823061658616263,1.0216918228536906,1.0857929929880352,1.1786794945232786,1.2433425301240746,1.3010276895710544,1.4968372639854013,1.4459306365272457,1.39698680141895,1.4518449970149887,1.5227095591255335,1.612540416678284,1.5953675680346082,1.513152848975683,1.4150805673835138,1.485597272218876,1.4069145609645366,1.357532443239136,1.1908200991904283,1.1460895253449543,1.076237244199563,1.0009908044233942,1.052706906809499,0.7853563309044654,0.5729178920074136,0.25081848834728837,0.18103170014339537,-0.02303324655192797,0.10328288818191142
26.65,0.26569493806002403,0.5082398503127168,0.7510202298121401,0.8684438751419803,0.9863509183352133,1.0112643836142536,1.2271852544082886,1.2124445316943975,1.1836201182209354,1.4544554303272847,1.4928392996918962,1.5147715215857482,1.5200049385026635,1.4299734203685854,1.621949631166242,1.6949060366731392,1.535597373497347,1.3869673168303143,1.5164737150207135,1.6000671777895397,1.385096323964507,1.158754118414539,1.1477133351159354,1.1642490456632537,0.9882908072671445,0.9102834540983246,0.7774505092939735,0.5825691616780821,0.3003001450638023,0.19280424112871455,-0.13814726251632256,0.015696857022124144
26.659999999999997,0.30546381622185736,0.5183869413442748,0.7627570666290938,0.8270552941159368,0.9618523408665032,1.0706512709359655,1.1524259326568354,1.1237854674323788,1.320961453827901,1.5531337175942594,1.5934466591912624,1.4118875643143913,1.5057489947022855,1.5585088415024189,1.6179172066004988,1.4690197099954618,1.4991482095244748,1.46318022566489,1.4817753465854215,1.406517739756975,1.3924186967826682,1.2001936783536553,1.1781295108336163,1.0541127699755861,1.0336067033540004,0.9144074061596505,0.7827653619129994,0.48664803743364565,0.30919453428248406,0.1016553508631379,-0.1066787555887993,0.058045836793643196
26.67,0.25169634644445527,0.31741153447917325,0.6626892004557543,0.896789735734458,1.018190915803148,1.0568413674477688,1.1997709542381383,1.1560796079563134,1.205545475170426,1.4775752869259766,1.5326368753742068,1.3930704720036429,1.4096125621740112,1.4834709912065205,1.6021918046327144,1.6470793844596348,1.5722294502129937,1.4594313196925937,1.4538612202014234,1.401147421432106,1.3825712163458794,1.2292978259632146,1.187294781570456,1.1023578968332457,1.0271961155116245,0.9109344512451326,0.6745010784400491,0.6100476331597293,0.33124232403516274,0.15192184186402802,-0.11657023427981232,0.07923463690260195
26.68,0.32072093247866107,0.5321826919138918,0.7206366759429317,0.9739819338632372,0.9512082732560705,1.104677139664631,1.1911652334060632,1.1577603659193012,1.3147931903474759,1.5818454887177655,1.4374091444933506,1.4290158335096315,1.4607904173357396,1.5114264477781965,1.5245914812682213,1.5969919973117408,1.482876930505793,1.4375484927751565,1.4171025632090122,1.3946125967117093,1.4124430814377709,1.1944610342044024,1.0380085274850028,0.9825695003493317,1.0085704712918846,0.9439741080759344,0.6073136669025901,0.4480304272715201,0.24440524844243253,0.1774151748538289,-0.12882036791472912,-0.0031808253680128407
26.689999999999998,0.29421271763512885,0.5316693624770054,0.6418568269609632,0.8141640102780804,1.0962145943054162,1.065266116832052,1.1948354113138018,1.0933388742930474,1.1866699018626206,1.47092434369086,1.554768489633722,1.39282559602001,1.377904643416067,1.5534910677144054,1.7140355868136414,1.6673604754204863,1.540469574858478,1.3623715495424045,1.4040871864515898,1.4523058391484358,1.3110230963560507,1.1552408798356657,1.1557466672262555,1.061386205569098,1.002872865053797,0.7859032951352358,0.6538349921888235,0.5426948528723663,0.24784978365468674,0.21746087555366167,0.0027022118247589434,0.046669844778777406
26.699999999999996,0.2291380208877864,0.5131586656002749,0.7089193123253404,0.886293154755856,0.9753833706221158,1.0937617808935782,1.090162345983318,1.1912545366024623,1.2594993968686394,1.4326648415924805,1.4881530824765683,1.3377877207642306,1.4329002016186667,1.5155443272710378,1.633471034243364,1.5750916112311362,1.4577573890994735,1.376429864713541,1.4790549103838433,1.4823298153740028,1.2255564454820147,1.1738326631757505,1.1196308685816188,1.047292136603938,1.0338607555520725,0.9281459585648842,0.6147938465601166,0.5987801996269478,0.3160055167795146,0.1857409467572503,-0.009239111040301229,0.012346713375658085
26.71,0.34239106190584817,0.5147071665384562,0.6693493460770076,0.8657914816870784,0.9593750751057577,1.078341957903445,1.1839627190970845,1.0783189563208826,1.128949790336254,1.4864715313943477,1.5082199920517396,1.385320747447386,1.401714534223441,1.5590535707604598,1.6345478122114632,1.5338257343879755,1.4636392834126948,1.5369438428746538,1.5043842459112442,1.4899702805639934,1.2384131453767349,1.1412706385025062,1.1005799443319328,1.061168448837706,0.941336826147442,0.9133762850193864,0.697242968790391,0.5561497092664041,0.23759454828445067,0.2730351452010813,0.11244466750754793,0.06476077125114535
26.72,0.24606288248606298,0.48917976850252537,0.7586365917515623,0.8299782477982478,1.0112260085442373,1.1490421190724143,1.1625221237094887,1.1669217933716847,1.1724522655727314,1.4812147376434142,1.5087329273760175,1.3935248630084338,1.465949505845367,1.5994971037439027,1.6842618989669638,1.5317354504265346,1.3876181649833237,1.3787021916418971,1.3697397733774,1.4365237626543406,1.3366715257996498,1.1060456985415366,1.0873363620403969,1.0662637357794642,1.0070516621488288,0.9446952803559179,0.5987563463332433,0.5480458028489843,0.3725512902034576,0.18403705445177537,0.001680274879393413,0.030365481725881903
26.729999999999997,0.33886709713721164,0.49898566297706964,0.6584835794747343,0.8230773928899326,0.9686697539925088,1.0490261224288693,1.146824050419308,1.1585525732490227,1.2808366943826548,1.485885333225733,1.4330348911293271,1.3640530542675682,1.4364709958515922,1.5925283993840935,1.7110073151548566,1.5733261817991564,1.486580778363716,1.4325490276708035,1.3963782014905717,1.454755635455614,1.3068253541230355,1.119749896885139,1.062245534062725,1.0430676493785787,1.0234834910126946,0.9532219623231052,0.6156193217354623,0.4584726414386416,0.22309504328673735,0.16899284384515909,0.1458445250605593,0.1080231462455378
26.740000000000002,0.31629110538823146,0.39819271992195415,0.6573648416012987,0.7558987897645312,1.046844112347493,1.0513376156734333,1.1003159001244556,1.1791863926581019,1.284539675758447,1.4387452987739804,1.5041864389867552,1.2297352755192001,1.4529225690960734,1.5883706027814593,1.6347262823623354,1.6364867136396615,1.5288635842193863,1.3343236463110988,1.381498292055569,1.4312127249604332,1.2744152504328556,1.2597568316264565,1.1277079929155,0.9699005874241841,0.9940312161396648,0.8840232136411872,0.7151893391688148,0.6908982125949761,0.3497389474596042,0.1449209072203629,0.029176116787100838,0.05813158596871547
26.75,0.24781337281946636,0.3835916277446666,0.6733705978928111,0.7907420383938011,1.0072708470997944,1.1126086543762042,1.177592452391121,1.1927435069120191,1.24013709621116,1.4614753498930133,1.5592752507565835,1.3959146565684917,1.4752445652549007,1.4798948583275922,1.64848837094915,1.6632367269589743,1.456726202577297,1.299742362989697,1.4160952302544485,1.5245677840733456,1.4005071118611603,1.1266276398458868,1.0211498057162842,1.0475579449200934,0.9087576576919425,0.8513713499270578,0.6841286602047768,0.526382879390528,0.35631860356758766,0.24951748225132353,0.024180097526390262,0.09055031323823066
26.759999999999998,0.26648223329332826,0.43418482107623624,0.6013998996392558,0.7517607377947486,0.9753763425629667,1.1609112701851945,1.1771279535889048,1.1456124125211926,1.2951108886362737,1.578718290134337,1.3768076468832269,1.3874261572715825,1.451084032137412,1.5450349428349048,1.449147640078276,1.5885997256664977,1.41375340679255,1.5094039595296278,1.526309850112048,1.519690168240403,1.3686734817462478,1.2153093439431593,1.025227792174703,1.03817659407604,0.9380170723089575,0.8900815528533365,0.6374738113755427,0.5102035574330885,0.2798201459184096,0.1513380230701876,-0.04445388363516215,0.13100357692466424
26.769999999999996,0.25216003173101864,0.44398441211105116,0.6736184186783613,0.7697778550945796,0.9102669083064793,1.1596180635822917,1.162575955731398,1.153151271635102,1.2800921661387936,1.4316857525745026,1.3462802884337657,1.2438902628210737,1.423493764719367,1.6086780614513676,1.6163727137417205,1.6299408093256382,1.496378990720016,1.5134026908974816,1.486793550960717,1.5477000086335688,1.34404122126295,1.2079110536294762,1.0537323162096868,0.9349731166512525,0.8650746175508911,0.8376933956143446,0.6658855374728039,0.5646664566100817,0.3629276591076658,0.22567011791349192,0.024667168031387993,0.06587964393553179
26.78,0.356639837601902,0.5793854962862359,0.6409479846360754,0.8156918895524197,1.0083597269147238,1.0783063572490885,1.0176627979656079,1.18790199891805,1.2017613251731132,1.466218071068664,1.4467690425113953,1.3947051549923883,1.3163372970998677,1.487897510246682,1.5497312064363578,1.586265900908153,1.3501949911601996,1.3384868179008296,1.3579584051975326,1.4851627233803735,1.3983475242276548,1.2619690433624633,1.1377572695345517,1.0080775919787301,0.895359842567409,0.8359847536639117,0.589397222661331,0.5288760484837535,0.3768318623359638,0.12823150553503146,0.01602436351736166,0.1616459922453266
26.79,0.3169430399716774,0.4719585446010186,0.6236034025796255,0.7566020313229944,0.9585056926297226,1.0291783605984144,1.1832903073309091,1.1831451142599754,1.3606123137686836,1.4773357396449838,1.469990130492761,1.3112606995460965,1.4934454631939655,1.567763841320579,1.4887832683979805,1.6149550116186557,1.4329391048562545,1.4377334858040187,1.3932162451266976,1.3961611276465866,1.3487022137722655,1.2848878909598709,1.175373185473957,1.005575618582828,0.9957607298321954,0.9169150360863483,0.7077284449577703,0.5928735779831712,0.3974268522816654,0.12940516193738635,0.02940030418220319,0.08898318493721369
26.799999999999997,0.2719655721282801,0.4732342164930688,0.6404465851398012,0.8391222667709879,0.901917453121054,1.0427647034090821,1.1203763229775028,1.2020482892486442,1.2853497048272684,1.4578327964223983,1.4686652139596188,1.3154644163601543,1.3434251187721642,1.560050184239058,1.4919691483721877,1.558707971727155,1.3880749746321268,1.2926876682002828,1.4112548919434127,1.4333344685210785,1.3159868228991631,1.0662008571478754,1.0858547581180524,1.008032854995767,0.9602247144660541,0.8334907342947487,0.6598579020791734,0.47389656289438564,0.3068304398470362,0.20575000091985007,-0.05279693609522018,-0.06985948675099635
26.810000000000002,0.35727537095059614,0.4540033772105152,0.7031377987154295,0.8309733289430167,0.9742170106957269,1.0278161736465028,1.0481616344824318,1.152017441070075,1.2438288730040925,1.3860013519667942,1.404829027202035,1.2830512641705791,1.3875683093625082,1.5964243490662111,1.5520763801826638,1.5935373008448748,1.4002575861219364,1.424449801034253,1.4105451366169288,1.4664027742000625,1.3464671280316711,1.1523106909091725,1.1580629366278066,1.1198002537786984,0.9125443469963557,0.799487446809594,0.58960886561921,0.4869397093409845,0.35578464575712215,0.1833346703441567,-0.08156295561449493,0.03021054329848969
26.82,0.2399921455154051,0.4730339947730751,0.651359428085275,0.6994236415880015,0.8791520626412901,1.1337464738376881,1.1277917730781162,1.2228268236674198,1.2959923047882667,1.3836966305801999,1.3925413095563854,1.298807823903677,1.4253720390949822,1.608213778922256,1.5288673748788546,1.7155921611386789,1.4309351078028225,1.3359836033382662,1.3639946254696826,1.4347264602881036,1.4014943166266707,1.2551548697498138,1.0548019756686984,0.9440734574351788,0.9231408890786819,0.8547765160554086,0.6169578322780155,0.6141173569988501,0.4456936812246986,0.1953142239817014,-0.06012388914627384,0.03702986867512164
26.83,0.19132403160281372,0.3373083733532675,0.6312596874265912,0.7418720580642235,0.9146460029373984,1.1196897843408793,1.1543860149140341,1.1821527130700413,1.3461833795694595,1.556236359206083,1.3526799796137408,1.2864940797998723,1.4049187569246337,1.542785801936793,1.4571221810623136,1.6474155122862377,1.3117797294620903,1.3952630044938643,1.3235087667252645,1.4260058997578224,1.3182907249996898,1.225387968011231,1.1349943615130411,1.0345934103248458,0.9905933804721762,0.9288653601891812,0.6029800506568894,0.5357369262293862,0.2739430641125297,0.1260246951151387,0.0027377698555616356,-0.015032564150978919
26.839999999999996,0.24303819416689215,0.4367466518099109,0.6091540891532254,0.7446722555027475,0.9700414942090019,1.0861760385783923,1.0268839834575458,1.1799043892774501,1.3064615062071598,1.4816217649176413,1.411105204780535,1.2752199028586086,1.376822434475499,1.5680362697536854,1.6072212964379298,1.6701376575974767,1.4540700575666492,1.3769882433524785,1.4282892461753862,1.446174608592242,1.341252428333887,1.145883277784512,1.0070885933995486,1.1076096827875337,0.9673476809706039,0.8391557580764673,0.6408396015942576,0.4976596770038687,0.5125416925237415,0.22706045284462872,0.10672174538124612,0.15253854286429322
26.85,0.2826117077264569,0.410933295916521,0.6793369152172353,0.7348358590956572,0.939379016507488,1.1691681698825909,1.1890666114318238,1.2571803657820086,1.3631943186567652,1.3741452030068966,1.2596395014445747,1.3087624876014314,1.3860005608753776,1.641609114714456,1.4982617105473173,1.576228736887276,1.374583612547956,1.374243620814719,1.3970683072316252,1.4419320535087752,1.3763338745995122,1.2823646227206198,1.0568090553903833,0.92305744441639,0.9968388666408736,0.9188497188871756,0.6473515854490517,0.43775788776233676,0.400249633830543,0.23162035420583404,0.04777452798553912,0.09539452470350158
26.86,0.2540154624950743,0.4644382909738234,0.6139486920186072,0.7706111594464187,0.9096791498840116,1.0443194101571405,1.1800558826547882,1.168397297804785,1.266672834136473,1.419659639950721,1.4329468268451948,1.4689359805772566,1.5220966921990142,1.6914722671723377,1.5526714537581643,1.6733787299859206,1.3988510512957093,1.514631935479952,1.4701552733028986,1.4790114567985675,1.312857514866921,1.1479521959147214,1.1491568999656894,1.0445029048627243,0.9643357184758962,0.8704632903137756,0.6434465598286931,0.37118950707977505,0.2857027425982619,0.15559753522475897,0.039377966639615194,0.09554079389424153
26.869999999999997,0.34433967475246835,0.4284156097939543,0.5938179732551884,0.7142831205387314,0.81836887063127,1.1169668254598875,1.0411548097306005,1.2341743082769407,1.3117224861209213,1.529987785358227,1.329348848023776,1.1946525697232437,1.3364088816848219,1.5443862444458172,1.4455190619717997,1.5135825802966487,1.4156012493693195,1.390043156192731,1.3821115031625224,1.354682278446751,1.2642396479037796,1.2275109191883575,1.1114075614499188,0.9938626301778402,0.9974572392918777,0.8549994668733132,0.621780158623093,0.5272728176691556,0.32702693311660375,0.05207135464872499,-0.017879823239617697,0.13074652231644285
26.879999999999995,0.3448749037760258,0.4969987107863896,0.7013405975431976,0.7919621589869117,0.9728868346922727,1.1493290690997409,1.1749499034641564,1.2026479896158675,1.3689445340401607,1.463856840149049,1.409494588129362,1.320855120671826,1.4029177410710756,1.6790098021152362,1.5476065013677376,1.5805199497837212,1.350719199707234,1.4382736978703532,1.3589262184805866,1.4828573437194648,1.3990557088779723,1.2517928657604442,1.117297213917364,1.059377986113699,0.993505210998235,0.8506014413119074,0.5546594786632292,0.49453669048309035,0.41952462881848995,0.25360357209243173,0.12372176139407637,0.03854898813146547
26.89,0.3133430114557361,0.4287468754175871,0.5680378879801612,0.6278862717755754,0.7881296825768425,1.1741145835564906,1.0349734181290735,1.1421325342377833,1.3418694326800567,1.4343946400561896,1.3370063964041694,1.3835418086580584,1.422038073338728,1.5494354861894029,1.7983670989439924,1.6075533495800394,1.4515774363152325,1.3999923165804704,1.311327220282919,1.387197633387326,1.2865283842015496,1.244949913348511,1.1334594422876356,0.9802398633490051,0.8934007407174982,0.7083826059783095,0.5788892071033013,0.43691630129877546,0.3141117923253409,0.17540536669385853,-0.010348252057313196,0.06135015449177977
26.9,0.25216063431303215,0.42859365166352964,0.6341691776420237,0.7433351864325796,0.8333683390264678,0.9679779614028059,1.0868678882772995,1.260883970509087,1.3698290721326885,1.4155416458096945,1.3301083080967737,1.2928320779010967,1.3480654326589416,1.6738043816723223,1.5537358530980832,1.5959133365135592,1.3561961747604943,1.375948432610084,1.2914331209228784,1.421645197317258,1.305546307746422,1.2950564396658877,1.1032544889289613,0.9568151262666624,1.0078631911961797,0.8303969462428457,0.6290047501063927,0.523923753505676,0.3984591110612426,0.2559349131555982,0.10014254231813874,0.14618936705907248
26.909999999999997,0.24015235388089917,0.34661125828260597,0.5728875210621484,0.6892440852596707,0.9061886946964809,1.0460132688461756,1.0157004472981044,1.2127280459197045,1.4106078306506704,1.4351353083945784,1.3799887723889723,1.249778010653409,1.2599588340431227,1.6165609418837827,1.5526363801713763,1.6230730833832572,1.543577066718676,1.3707477775891135,1.363422503754335,1.431973480075048,1.3252318236856375,1.1878267196829846,0.9818495215534685,0.9621324191519535,0.9780708104552446,0.878666988717908,0.6614252458578066,0.4732450989530001,0.46160259008132676,0.28325884723134465,0.1567372414789867,0.13500996206979826
26.92,0.2749094606291865,0.424872492155112,0.614560827572067,0.6768518457273466,0.850328915111694,1.1304465559547219,1.0497163113954684,1.3531218634512374,1.3126911777053443,1.391710506728929,1.4354085873782438,1.3387384563586755,1.4040710229195839,1.5408082966598908,1.4868625142346814,1.5592719811480036,1.325696343754129,1.4308820384497807,1.3055579672431745,1.4188862077709352,1.302700688602091,1.213728030618565,1.1256692794434056,0.9515863576926781,0.8838914881753717,0.8032647933673122,0.6030224335158978,0.42904250371201913,0.3108583700673462,0.036283000558212895,0.03432535929730066,0.11876430604751399
26.93,0.2264828682163316,0.4214800793035747,0.616756844660695,0.8223990862182977,0.8953532038829947,1.1004664679491167,1.1595691701320152,1.2497431391598164,1.4368606004969688,1.4468766658077892,1.2508174514455987,1.3126795409940388,1.4835968090336618,1.6619040609019817,1.5161824925108358,1.526831852819386,1.2926209592099343,1.4498169367413374,1.440590816616586,1.429419395362714,1.4280953348107663,1.1074005496179793,1.0315144625437038,0.9827074077153952,1.0188866080996075,0.8999145675288509,0.7028313327412283,0.5620818040579231,0.39060397732003016,0.2671308328128045,0.022487418521981037,0.05792574391960602
26.939999999999998,0.22945035249790602,0.40186607840168204,0.6009872941768853,0.7209501265258754,0.8794806909955286,1.089721013601292,1.0807147479548989,1.3512970555843433,1.3084538825852705,1.347678729644648,1.3158129188652539,1.4227607811819138,1.3671045116090346,1.6075937532061655,1.4704894250661578,1.576581945987474,1.4213610958411833,1.406551159726028,1.31572967034554,1.4484348317359192,1.3216714417987154,1.2252003221608374,1.0409378278250794,0.9646372148579964,0.9704786493160854,0.7413050837107689,0.6508819632968292,0.41562707863751036,0.41746964996357444,0.23407953131001027,0.04504253601224394,0.13338061330591763
26.949999999999996,0.2563042306785697,0.4106093796382488,0.5933436803668461,0.6539895834101443,0.8435362383834869,1.0812711915454694,1.0822530465126698,1.3549154097573428,1.3953745494009822,1.3260016136312425,1.3755153625086631,1.399031267934375,1.3673791550157377,1.5744954508593936,1.4442090733271473,1.5300203910536214,1.4598850454191985,1.5016459089455398,1.3752126346725622,1.4063479084386654,1.3877728678654215,1.2743834481877223,1.1186076112943681,0.9429264184337198,0.9656342815082407,0.8071617767775054,0.5370809986563481,0.3796258578873645,0.3727579308517779,0.29536179311955285,0.11807288770830124,0.1425040578156131
26.96,0.2792935727477053,0.28039764037872245,0.6165678022772356,0.7678252792348859,0.9292131105900638,1.1047293585000464,1.036875913407061,1.2784424747660414,1.3457947858229502,1.5194463343444218,1.351759912286115,1.425273589119223,1.4152101684729932,1.608468210051223,1.4154926219967243,1.5092483074182461,1.5516145944427306,1.4778917202715813,1.3339114370149407,1.4051230193674815,1.252951287914235,1.2741850565845554,1.069875593960493,0.9802508638128703,0.8222523060336839,0.7628346647970587,0.5568067788258211,0.4739435260224555,0.3288760375153831,0.12058909506783383,0.02358222071415262,0.17417993502128873
26.97,0.20586205705374666,0.369735857585219,0.599708328735773,0.7221467478641945,0.8459382815086511,1.096381750958066,1.031121419922406,1.247612773690554,1.397449562833164,1.2840557950230185,1.323961401016296,1.337812314488683,1.3323319561823876,1.5871255576287189,1.5428568376973328,1.547647411877989,1.4192509660819124,1.396826161910224,1.4212507478900291,1.456378571002772,1.3526723490631727,1.231800930384307,1.1236669440101967,0.9907089244123164,1.0403991064818325,0.8605214006840131,0.6227374159420623,0.499814484459685,0.3307950981280243,0.1287731672387846,0.07796203772574924,0.07413355598429545
26.979999999999997,0.3559849797911993,0.3733397890741791,0.6113907100981097,0.6948995127634677,0.952321189463697,1.1372161118512716,1.070173837048407,1.4142397307828256,1.4598233411530115,1.3867532746435116,1.3865672111007055,1.4226588493299361,1.461862650689857,1.6019723863403144,1.4190576458341488,1.4501971640475269,1.492975156420193,1.5821198896850805,1.336713701948832,1.4150084320745069,1.30162104598707,1.3535063432387515,1.200555209220736,1.0168437481968233,1.0020757067816632,0.7078333131655629,0.5320627782960093,0.38915526199595923,0.38686265171825035,0.24618510303753047,0.06861381600462499,0.24198199688475255
26.990000000000002,0.2766324275747184,0.41916429149936313,0.5511092286641242,0.8220140136062789,0.8945325476480505,1.0356116999645604,1.0706619865760623,1.2836864924742946,1.409072374213447,1.338140405982885,1.2302760507965704,1.3599516060589807,1.3951603247583055,1.565098111536014,1.4811704099743315,1.62892369840744,1.4373268103633832,1.437219330841582,1.26458724289075,1.433611098938482,1.3057715712203353,1.2615235134668719,1.1363238164522567,0.9272001386487037,1.0339573190083144,0.7505819425040345,0.5947401951780084,0.4615394157860816,0.29960945597067123,0.0906187291976959,-0.026327612231541064,0.07006508472163353
27.0,0.24643546135885275,0.44132561016062494,0.6226766752439694,0.761561446292541,1.00408547557798,1.1183537569463577,1.118868865828985,1.1926247659005034,1.4590623346624785,1.3967920955411588,1.3309834304890165,1.4046905358523958,1.4755208889906517,1.5975695062864044,1.525945544622503,1.609967565030533,1.4255824177473415,1.6267303664711303,1.38065193153101,1.424782246014166,1.3285407687347441,1.3305201676713294,1.1668447025188544,1.0169358696809703,1.0910251800621948,0.7944178477266516,0.5246228266575436,0.4589655400890921,0.4075256682830576,0.0801580153526402,0.016999445200486397,0.13103207938163397
27.009999999999998,0.2804311846847163,0.31438700663298075,0.49523237850413193,0.7633874924882911,1.0339767397574708,1.254384484627257,1.1247204604199497,1.233517725265235,1.4028474929526835,1.3515270925447584,1.269257772055597,1.4426244889250395,1.3691523302787922,1.5541057070146849,1.4083207960477908,1.5839373469607083,1.3764339037909505,1.4177892688886158,1.283562313004957,1.4015199691117202,1.326625883090838,1.2764399666598596,1.036498714150489,0.8677962050124357,0.9331885778138834,0.8482021108116259,0.5970831899360357,0.5744639771145359,0.3146662487799279,0.23052168109584953,0.05091454756264611,0.11013813846713931
27.019999999999996,0.27409237017001303,0.42493665259879204,0.6087605570760003,0.7296162043648676,0.9299443689663436,1.0705663636766645,1.1160571400561896,1.387561294188903,1.3717149435059266,1.308702613373295,1.391029640758737,1.4625783605935863,1.545922781925865,1.6641949315110331,1.4938289795219895,1.6818654272621942,1.4764186781967976,1.5293806706981516,1.36063041523009,1.4729159791960857,1.3755867701460216,1.3452375597298574,1.1775176127309654,1.0331464388840788,0.9593195643171215,0.7940720801462217,0.624567177504479,0.44403831680416117,0.3456883861985493,0.13307534485068598,-0.00428902838683309,0.15132518765233977
27.03,0.22229870606857016,0.39411212595578554,0.5945226239118887,0.6647418263553859,0.8156419644575852,1.0756535137776333,0.9704615490598866,1.233308914556886,1.4244885793246091,1.4009046861304548,1.3216000231648979,1.3812656351655015,1.4944794374754133,1.5881213538689665,1.4234907037643996,1.474640784825391,1.465569168867464,1.551438616080456,1.2947236912146312,1.423253105928061,1.275106875012853,1.312810941131305,1.1018752227111752,0.7995781008370285,0.9136790055833627,0.9019165344015501,0.6565094566793033,0.31946362468768824,0.28973636734902825,0.29800857831387684,0.09957052122993601,0.051953542619965376
27.04,0.2962955830982004,0.5060646725644203,0.5938461798603433,0.7546286069211131,0.8661208367861557,1.1113431408635075,1.234385311346386,1.2636305735931548,1.3402429680358683,1.3095028608199548,1.3281573703401812,1.4061839303371886,1.5300515235577459,1.574313484500181,1.4411291695323114,1.5176380107510412,1.4129083340058846,1.4891405467381384,1.4277275514950338,1.3778305736881487,1.3526936747038194,1.2838946714447748,1.0963710446284862,1.0100894781439143,0.9836627272338627,0.7783938826913007,0.5827483081841759,0.4521067385771308,0.486769035217359,0.29625118955729146,0.10422730657958271,0.16852356970705845
27.049999999999997,0.27037084883997525,0.39996112888582125,0.5428355939925263,0.6490026414057397,0.9249581550265885,1.1029587393675822,1.1406078514568472,1.3456673223059126,1.4524267699142632,1.3233970784883566,1.3658781957622825,1.4902681475358857,1.4350076921607686,1.6203902542612316,1.3942856391136305,1.4655913064718677,1.4006425554614343,1.3838809026419445,1.3306219606180152,1.3164959303927488,1.4008361613896605,1.35415826271235,1.0505686566082404,0.896454237874374,0.9380360993789271,0.7341504662325615,0.5998814511156816,0.3860053648673647,0.42705049897355357,0.21524737793890827,0.05953091152633502,0.15194386786833627
27.060000000000002,0.2538057205968487,0.3989633743975273,0.5573950076407924,0.7764007660649017,0.8763954688655673,0.999963763276299,1.1748149544624915,1.3231609531452764,1.5437957576682073,1.3654903386353232,1.3328527639429735,1.4885151650597788,1.5042929648758867,1.6266191043297806,1.5285806910654822,1.6101077186404185,1.416217779191125,1.4528716308813054,1.2939675613640855,1.3913281344023374,1.3977972103148395,1.3185811921256057,1.1474722935880177,0.9733119183434962,0.9950430999200242,0.7337433406321007,0.5674071739944468,0.4992939398634875,0.309593778200635,0.15754231391739643,-0.03227801330852464,-0.010921261679879578
27.07,0.3902490653883336,0.4234436104107947,0.6207396702329314,0.7519731092555046,0.9072399542344893,1.087203371114815,1.0461071338529309,1.3535802268660073,1.2407095451723313,1.2386017410705412,1.3276249720625848,1.4871554992225473,1.4671720566674469,1.5336394687577086,1.5176147740367245,1.606211950015225,1.4541769539952558,1.5977331268184858,1.3717418514086326,1.2830832019930827,1.2953159295973267,1.3133770757962981,1.0701286337362568,0.9761272866513098,0.9455290755986021,0.6781943757976587,0.5944439012083665,0.3930804866926764,0.30964764058605665,0.10047269927761161,-0.01641527780272095,0.10199011312699022
27.08,0.27365111008535836,0.4260946369443477,0.6475539736320777,0.7080965905123568,0.963426191949458,1.0320832626748448,1.1343369039154891,1.3401529631088123,1.3565514322151941,1.3514288235547518,1.2926096187611014,1.3088253653884263,1.453719071785323,1.5691705596405394,1.2917564276994713,1.437122038659598,1.4057948908578586,1.5521163090922387,1.365749159164693,1.27881934874197,1.316017857060676,1.3817527012409194,1.0482818590697915,0.919064803118741,0.8675639924395829,0.7695486599000555,0.5910209127148613,0.39152056907680405,0.18730694857729646,0.18036110174247613,0.015519789180636163,0.0742928497231947
27.089999999999996,0.3167416755527982,0.49680366800721826,0.6441755722387568,0.7370226725350632,0.9144026765423471,1.0953192473507283,1.1703996667041945,1.4211471575341807,1.3790191629262945,1.1965182825872283,1.265515522272783,1.4404132762727964,1.4837852261205033,1.5775495174358904,1.4667179247918045,1.5445215087353932,1.497873889452653,1.5701362445523266,1.3367090232529186,1.3866800054581414,1.302709428127938,1.3338316410432338,1.1244541272129818,0.9483318064761602,0.9352244414055754,0.6828274524867168,0.5509795012464059,0.34366334233124035,0.33807185157615866,0.23013889406659158,0.018218049901712243,0.07511548760177778
27.1,0.33730692473234825,0.4863782759126792,0.6208725291662169,0.7574206658246458,0.9554637886065933,1.007297664228842,1.0900557754557219,1.3340556545659075,1.2362729936548205,1.3118457668329273,1.4067025067276555,1.4472641641821726,1.44375905927366,1.546062868634089,1.297972504809598,1.4556827613236538,1.5013417378588592,1.5235304017225186,1.2670252915281013,1.332242343656417,1.2702536551841215,1.256805249856429,1.0777265764858746,0.8975415970889041,1.0051178947378903,0.7625332943126282,0.5675716015379563,0.31182521052655365,0.28438718396011714,0.14328367568964226,-0.06659059754778962,0.06976196389117478
27.11,0.19908372659391516,0.3562065972061145,0.580627382676845,0.7676441157274394,0.9666069930144514,0.9705972067571385,1.135191314888082,1.3257342258664573,1.3920116290505062,1.254939904918657,1.2652647569445437,1.3677951305300007,1.4800480821692383,1.5557660811778045,1.4620186791960876,1.584903743656387,1.4799370314475948,1.4361387739855727,1.301619452455758,1.4204235316474088,1.2824744210636,1.2763454442078068,1.0720293587799645,1.0008868472599706,0.9610941777972364,0.7475166691398037,0.48641872922576723,0.4046813957155775,0.3768939210442183,0.22785077238789078,-0.057120595884695494,0.049313822317716124
27.119999999999997,0.17431526317683,0.3848216870492162,0.5501190772737893,0.6591235707166858,0.8824041240735547,0.9683695064385148,1.1276381240942461,1.310378590236844,1.2843917990174492,1.2978739316223054,1.2074373711476802,1.3921647659511622,1.4194662403326008,1.4244112921453511,1.4099422768778342,1.4614819824517928,1.440016389800781,1.4713816364914405,1.2309451927034403,1.3150553214798373,1.2091552087505741,1.146757286352715,1.0241094170805243,1.0356562947025114,0.9667378739162328,0.7474816906529154,0.6630787396676837,0.43706725978447103,0.36906564085248317,0.16506441962624818,0.04762255351757109,0.12848133806926457
27.129999999999995,0.3109514124071764,0.47069047709667244,0.6988993081125642,0.7061656423548321,0.8512542405308292,1.064120779402293,1.1123512339942845,1.3853883149977086,1.4130068935470679,1.1653334578620795,1.2855018371934772,1.3587750111544614,1.4080122135028945,1.5040836901126833,1.4290394966208864,1.5667095061325937,1.4074550166507587,1.4631273254681436,1.293211924453258,1.3745157814374989,1.2860328092062416,1.3350732036058344,1.1152254243613227,0.8684134448860902,0.8490943137464062,0.6602327757634013,0.51478949057485,0.4869333558890988,0.36155941682274717,0.18396306447618485,-0.004543843095293336,0.11325011230985424
27.14,0.3369065633205551,0.6047230303286613,0.6599663202305793,0.8623389047500643,0.8592661568906989,1.0784340015648766,1.0055667553392966,1.2473976702574796,1.3898498703970736,1.169403858783205,1.283553643886088,1.4659881736031624,1.4915232585355989,1.5319329841446279,1.4323292678983834,1.5172877585578437,1.46035862334827,1.447010883510762,1.1586495361837152,1.3441334398803952,1.4309884480821973,1.3350744217585304,1.0527267295635458,1.0206398071644924,1.0340260067405713,0.6915883451369105,0.5528389620691877,0.40161420689337185,0.3628366756072206,0.1452381149153202,-0.11042412593948744,0.04111282240391473
27.15,0.31647845768789784,0.4543453384491953,0.6608118983651886,0.7178387487932312,0.8521544570014223,0.96896112476237,1.1177995553594842,1.402601084491557,1.3966140176528168,1.248330715055648,1.3179563617571353,1.5247904553542466,1.510188331863079,1.4860630819856695,1.468630112573778,1.5787343041958488,1.4940552586744313,1.3604988222736152,1.1963393903508406,1.3438172226753031,1.3210660287487757,1.3670295861952362,1.0745961561355633,0.9844703533706551,0.9599501915286351,0.7374969278447827,0.5699608582209521,0.43788340012347865,0.35828568372804315,0.07392475300200003,-0.001780309065852078,0.13086507339756384
27.159999999999997,0.2574764566343109,0.43496014327555677,0.6339076127187387,0.7335155852575835,0.8737673546577541,0.9631620630926794,1.102175400868909,1.3258658830792567,1.300994954153859,1.2047338431600223,1.3330589953107543,1.4362586259573837,1.4698228455289697,1.4818181607730174,1.4011471626858587,1.4847748279828976,1.5212648363841748,1.4311386837008335,1.3191942222769604,1.277305097625825,1.224828401939562,1.171341193082682,1.080588955202793,1.0568486698755362,1.0139100184824898,0.8712305005340915,0.6191032297920207,0.4027133118000018,0.3930987310320127,0.10118280133814256,-0.07383783056349265,-0.006094712900631884
27.17,0.3244798859596576,0.45784459288752616,0.5677325713349245,0.6499068986497636,0.8773648074385221,0.9951594839042143,1.024778475348465,1.388282559079002,1.2748712440364505,1.257632202074415,1.3530073356583805,1.5151808485354183,1.5083528660190948,1.451447008540232,1.2563356393663032,1.3811099841538244,1.4248866875618074,1.5462718197206722,1.399191616579568,1.3877858989769,1.3843602144372746,1.2696034737055732,1.0304971798991247,0.9533636966128372,0.9127668897171523,0.7509657856569008,0.6542599865783933,0.38265393621936983,0.31097824012782366,0.1566172471774753,0.03792927712120314,0.024769278248325335
27.18,0.26732279882294163,0.4721618570108873,0.6077352393849981,0.817598845048718,0.8212630184675673,0.9304426260200965,1.1085119988882914,1.2917756513374483,1.2693614986514792,1.249976329004931,1.402256913696441,1.5496489732015586,1.4767769128014063,1.448114695026389,1.3528863663230195,1.5714549586289277,1.5704614394981167,1.5346005130771139,1.329515082181297,1.2603187774243692,1.2561147830911854,1.2556155790353616,0.9441353439107492,0.8932668478722365,0.8729008904652257,0.8045235590088885,0.6338428683332332,0.4018123162716193,0.33534744303249436,0.1289964558615639,0.036740497815037625,0.10732387193394304
27.189999999999998,0.3302674112894612,0.4314687055622075,0.6088043046325018,0.7846965192749813,0.8465459657235096,1.007043815869799,1.1517076938492739,1.3709957647594626,1.2965561030178916,1.161897447843618,1.3475667282549582,1.5490663142966503,1.5506526240076737,1.337685633293805,1.3624376754553786,1.451547444163819,1.432280417131215,1.4641828369592569,1.2268090768054287,1.1932286692750214,1.3047466147725937,1.3490889040909926,1.0769129205586727,0.9315021436853772,0.9250476517622348,0.7309360427554309,0.5983108415454582,0.51713613261441,0.4020883112027873,0.11497718690596975,-0.015828578920776114,0.043152443451719244
27.199999999999996,0.4047517220943107,0.4998000782166728,0.6010081388230624,0.6819097884240006,0.816037284915065,0.9420113549237187,0.9355913231880938,1.2330398276799877,1.3977465889838907,1.2954604450334763,1.4420882136384308,1.5303905748726954,1.4852721838008798,1.351383497134878,1.3305160380892764,1.4509758929813685,1.3979573161669325,1.5217368383254288,1.4918149449283513,1.3158081404087252,1.3045736099589154,1.4323158102776365,1.1467216937896612,0.9402923567497418,0.8632638747685603,0.7048827807248269,0.5892286031929858,0.40848267148188383,0.358335970952258,0.16765651377723795,-0.032482381079928915,0.09408287543504272
27.21,0.24910687461796205,0.4101602969889962,0.5207814022153866,0.8214901848390793,0.9149615738655132,0.9757928989222071,1.0058167917742427,1.3330879291324265,1.3718760776683134,1.2472159653418764,1.3862009488148253,1.4302790960423422,1.5181279781708394,1.3307908499502858,1.3653428990945369,1.483487256136694,1.4851900757173637,1.55297093449499,1.4158836301606483,1.316323422720024,1.3307093511141206,1.2114097342211696,1.0448235191175455,0.9696407912980488,0.9872109563900342,0.6774185657578914,0.5769948344158453,0.4206911511343993,0.3785873948565973,0.17488031303905793,0.04377622728529011,0.10154504770676578
27.22,0.33630488531671154,0.45328264966288373,0.6215584710522618,0.7391249369739232,0.8390480162444318,0.9283140563406627,1.1122593761046249,1.2863967563030017,1.2743801188813548,1.2857206421212395,1.2740351795017275,1.4472346560394962,1.5067094520148188,1.3610321684332245,1.425850243502358,1.3910424832655341,1.5111912328967303,1.5155784770619782,1.3293803856109698,1.2380767090825253,1.236638505313477,1.2413239499222875,0.9953394701008116,0.9105842559200938,0.9891976633940577,0.7588864537157516,0.6672845585276342,0.47738524074923594,0.4070033259627537,0.09456886998602573,-0.007459085420174783,0.03883305937944288
27.229999999999997,0.3250870944610008,0.3925464968605942,0.6315119078732028,0.7184876181449467,0.8393018577613752,0.8994198184284697,1.093243886893911,1.3092120315285507,1.2633162482130567,1.083258763284673,1.3071394439363997,1.5064167921760583,1.5250007177356812,1.3377210711224712,1.3763923762742243,1.40594536713326,1.5105089177015363,1.5414052393925615,1.3800460040677796,1.273863318992967,1.2348694238819677,1.3159917177967795,1.0014966948051038,0.9318145330235872,0.8705571817366655,0.7530591241813072,0.5909094030993884,0.44793393031181666,0.4596183748802624,0.15746813826451592,0.10259765691538068,0.1792314092967022
27.240000000000002,0.3310803512116632,0.4114124952739123,0.6090516760940674,0.7214975602327951,0.8084082188445788,0.8459239907056114,1.1091376897936862,1.327957091425524,1.3655060923696873,1.1034868182752182,1.2626285125650574,1.471411672846446,1.4897793993214787,1.3538312654031994,1.4456461593100545,1.3559812949239278,1.4688324773202606,1.4573485120906033,1.2886538008209873,1.2310929003146334,1.339180323876032,1.18205581506197,1.0203896137403905,0.9318034107471026,0.9340960231142358,0.7725982161115271,0.6119301166723333,0.3531920262543613,0.4804011691305331,0.307332524143119,0.11063238713717873,0.18593250933844988
27.25,0.3480090671041144,0.4477821391349705,0.551741744204112,0.731852254252641,0.8657398320861256,0.9222869487810004,1.1750020352646788,1.3284256726788932,1.2379266238265751,1.2390045082418482,1.387269044503331,1.5388238977057815,1.5708636665711955,1.3149370858874037,1.2984598872630793,1.4201316597558307,1.617791748420865,1.5458386565109794,1.25483018331753,1.3173647709786498,1.3382831649432876,1.2261904947137432,1.0538116383213398,0.9223044253979129,0.8898096728247168,0.6900445049732833,0.5724721863166311,0.44855302388379126,0.317726536947758,0.18434058082460458,0.08147352613788186,-0.010487738267672263
27.259999999999998,0.2843391594449406,0.402579393974976,0.5227094727325501,0.6273762692437165,0.7591634127217587,0.8341462237326671,1.122314812519336,1.3315498408066035,1.331105696229446,1.1624031923629146,1.3418999187043188,1.4895983726025706,1.5520458967153472,1.3919312405980149,1.394854654131032,1.3746316449657423,1.5072360479695088,1.5796313551317693,1.2250205655047743,1.2632142767562153,1.3132969871338809,1.2590596346974106,1.1849592477834958,0.9665337222533732,0.9447080583420121,0.6783246631407909,0.6112633432819005,0.47133015646013376,0.26875830230672887,0.09715759328462464,0.10469514324513376,0.03863107415776185
27.269999999999996,0.26909859009021436,0.40688463487966675,0.5945742647636412,0.810801472563548,0.8269068208766899,0.9402503995983582,1.0388818274768528,1.262726562068269,1.1504608882305274,1.2114141053833765,1.2553642916941163,1.4327975848481929,1.5057357843905808,1.3455663902419597,1.4043486760962889,1.4438106221495317,1.4827901296354464,1.4135947576205081,1.2638301684987214,1.2683136158054786,1.2166022627996362,1.2075617706855233,1.083205543139047,0.9709179587198975,1.0054701150812146,0.7278847344603256,0.731958632903479,0.4380261037772225,0.3944259224040111,0.1804641340564672,0.09260307473651622,0.00946385734211394
27.28,0.3483328089964677,0.4785093799294277,0.5420885532615125,0.7665003443285127,0.9548244107862227,0.8598963814656297,1.0529608178620327,1.2485680719514665,1.2210758356597764,1.1846221910305503,1.409750937960627,1.4875114103621263,1.503225312061752,1.2934270063580096,1.439739252467751,1.3111973788938558,1.494987584399217,1.4921732819737024,1.3396430467874552,1.2662006807964559,1.2168799378898671,1.2246503540292806,1.0468095865946978,0.8669791021520933,0.8728677612761347,0.6654274612618296,0.5401322930641445,0.392559792121604,0.15479263469023308,0.12282877689435551,0.03787016089578081,-0.007956290446526355
27.29,0.3377132373120701,0.4512254725508059,0.5239393596664161,0.7228678372058173,0.8131780687055525,0.9360159978615372,1.1556249195760782,1.2710394783925767,1.2228180233534864,1.188928582635327,1.3966977722557044,1.4522844607882475,1.6208835242490933,1.3215489163724004,1.4743687613879568,1.4573637326255373,1.5773005771943547,1.5300448671220024,1.3260727872467448,1.2256760682286136,1.2484282848973896,1.2357797719277208,1.0640607974206788,0.9915184503973254,0.9522706866495979,0.675331535265169,0.6185824168107438,0.47408117201671024,0.3525663456293728,0.15680517239371952,0.05365259153526455,0.04395179888939177
27.299999999999997,0.3484777103931862,0.5143953663796967,0.6220296121116956,0.7282604819586598,0.8819068076517375,0.8824578041939457,1.051681383386145,1.2476604361186483,1.2877950512889447,1.2320880373118244,1.3925290839867568,1.5442974280075172,1.5958138195507139,1.3751539627967286,1.439528014994782,1.4887534658464685,1.5333314379338039,1.56982224114064,1.1698418311194683,1.1752719285476934,1.1753500837280961,1.3039507745442025,1.1289285410552035,0.8538673873704926,0.8695467398441532,0.7059429153488561,0.5568313159251111,0.3616226303838733,0.3370777314792366,0.2582103468437704,-0.004791899687347692,-0.005395019772931546
27.310000000000002,0.42599117053283647,0.5582024821699253,0.5857371098115018,0.8242698400562786,0.7593400417702943,0.9333488171195063,1.1066005287009972,1.1650303687236816,1.2147970814365,1.2569664358111041,1.4345910891894726,1.5709941288867588,1.5671586491728364,1.354687093632433,1.417254168487984,1.4142264351332046,1.505733253390984,1.6364943684100266,1.3612181474350775,1.2770609833577593,1.2930735205025823,1.2273501561894025,1.0478561224615837,0.9552465959078988,0.9195594311425558,0.7527269727247582,0.5543245266159031,0.4494797319448696,0.38670125036494823,0.02890018188197977,0.08598228272579819,0.1771438443872302
27.32,0.35688426919797067,0.4627587840748007,0.6204637611264026,0.7075698755841091,0.6917213783605259,0.8301047694164384,1.0517254388005688,1.1623895971631206,1.2110647272361916,1.3154021280215615,1.521940202167491,1.560014162755212,1.6065512464143339,1.430566889705477,1.5614414595492108,1.5463753664652449,1.5826546329059068,1.525738225171583,1.3783313300828257,1.2611483103964916,1.2171224549436073,1.2282307000815438,1.103758575555988,0.9842644466850855,0.9408816792171787,0.7286556661244347,0.6307368835973343,0.4851171855487177,0.3464479565120316,0.11992062408845763,0.1229289022636204,0.03530588089514171
27.33,0.3996705627677485,0.3948233669948048,0.5810839538863614,0.8449150058590578,0.7590280886063503,0.7650438936662171,0.9607022122065453,1.187309292180383,1.097891500756441,1.2945050182753532,1.517810162076031,1.5780685149247131,1.5408177228378828,1.2551272788303338,1.4260562858946204,1.3694363650913945,1.4936415653549537,1.5987337130182482,1.304781686295987,1.316693437919575,1.14326302768455,1.238452954058614,1.046782156857248,0.982267001029227,0.8604142936258032,0.7469603119404813,0.5859438203680428,0.5219823708257485,0.3833817525730185,0.17706461609119276,0.09532607660742672,0.11428746705859624
27.339999999999996,0.3284966011257559,0.43921904808163215,0.5700437362306141,0.7046485145923631,0.8265366368520989,0.8596290296220445,1.0138564543435233,1.1415629557413056,1.2186712066220429,1.3609021211096504,1.4686888487472847,1.5404329648588373,1.6470810585252702,1.4175950824180703,1.5500833761387267,1.4828356943405445,1.5440076944693524,1.5926666715857096,1.3746861538038697,1.2406181477068075,1.232851254623313,1.3411328997828817,1.112104479662833,1.0303828425689172,0.8867593944862749,0.7807850071941341,0.5796832861364771,0.44806216407288524,0.3502381477673217,0.13052616234283007,-0.06124128062056928,0.10240777451639167
27.35,0.28528393833795757,0.4978445784137333,0.5448486371428259,0.7790359426114433,0.6206884945484391,0.9039290781456903,0.9890574585760369,1.1764565955207695,1.1475649720923804,1.2374358880766878,1.4122776573851117,1.5090215837383543,1.5935961027646277,1.3656337490499113,1.4820701658266084,1.4385968050195195,1.5070868190986184,1.4631195901327936,1.3833437520116316,1.3552838312663724,1.2098044289223555,1.225538988831572,1.0283717413653801,0.9359364256226085,0.79496300997639,0.7477616742585358,0.46354446112052156,0.4586330653401239,0.43041926959467725,0.20226700777948456,0.06692649075886223,-0.008855801029577282
27.36,0.25841414273563545,0.48241354730039376,0.6033094631797753,0.8377500759783783,0.8072218088056686,0.8714371025205635,1.0072366215374942,1.1707325230040047,1.2554099602987425,1.3009667379842125,1.4084595297181555,1.5401357085066807,1.592145331847153,1.3305739565165393,1.3884070976898226,1.4302754799169168,1.490797583368037,1.4658400849176996,1.2534181184387898,1.2753775283669821,1.213638211664113,1.2168469278040113,1.0390850172739785,0.9312876169825872,0.8954401092131836,0.6888649406726731,0.5183681159770523,0.5875272373256601,0.45824386803772776,0.18875720247963518,0.04798735434842331,0.09025745829302056
27.369999999999997,0.33152081607355316,0.45577911956071215,0.6099300230322593,0.7547429975531975,0.7959601010297137,0.8206106668887273,1.01792967012046,1.161692865211302,1.2375465883805472,1.2717952259993301,1.4134212280995924,1.4127114191078078,1.5319710033833653,1.1910600055673213,1.503808032502142,1.4882027653612981,1.4189587838614965,1.4254132790117697,1.3723700133674286,1.2733299588938802,1.190469989342261,1.2598306156788697,0.9923743113328196,0.9039344560672169,0.9203526844841775,0.6822825930387139,0.5635985244754007,0.464730738407989,0.4273682075189047,0.2484966703724932,0.1370532079410688,0.11929704416238632
27.379999999999995,0.30317045304421014,0.308034474628487,0.4599541819821078,0.6717325447331653,0.8572538839474104,0.9271367010919332,1.041913203977774,1.1901040984023727,1.351928070653485,1.267098256386129,1.4890095931227303,1.4874836693618305,1.6299780865683544,1.3855010240130488,1.4314016768236264,1.4354147767678085,1.5686645273131836,1.498907636006086,1.2514152469427013,1.2428127612115556,1.2293926333180938,1.2174536260168285,0.9821172823643385,0.8117579313366153,0.7984664571676284,0.6607432309235846,0.603976943180116,0.43850833834565417,0.4723437995717981,0.02600316826428517,0.07048341876490051,0.11510334701814892
27.39,0.32319257302075877,0.4905447199113434,0.5040725299802337,0.6847992055421952,0.7732371626801561,0.8329645834468401,0.9867986661433903,1.1287433818218424,1.1843790711281197,1.3549438425205307,1.4758541070548086,1.5109447022147473,1.5530261212221608,1.36563933392286,1.584057967222514,1.4203512302583865,1.5813361597646294,1.5301871629288635,1.3192052251374693,1.2616147271396176,1.2329420738695367,1.2276997887992003,1.1335269859761783,0.8564754892012463,0.9103918724410055,0.6263281367035405,0.5542999751256722,0.5452466782361405,0.37550125911852944,0.18253023344695488,0.08404082787786736,0.053763399472130394
27.4,0.23497259492403932,0.33220707828506857,0.6086480327996429,0.7352707438765043,0.8498386460588252,0.8111345926660929,1.0157655234561225,1.162679189760502,1.1519782657001827,1.339567212079504,1.4109246738419496,1.5478205025212803,1.6235411897010132,1.3756695971622175,1.558429340916813,1.4618874281083345,1.653015629917896,1.5501749311585797,1.3856841796924015,1.1881275422765276,1.1023850777614435,1.1400486701214652,0.9817478032392781,0.8775280750252299,0.8518334766469492,0.6358029438963895,0.5088232130355193,0.40276833682367086,0.4029598148100721,0.10170122747843661,0.049897804211217554,0.11922259338314983
27.409999999999997,0.4325461160186568,0.48419454184081684,0.578240693782259,0.675538240797222,0.7561199369854403,0.8451754546116491,0.9686129714848141,1.0785674637974734,1.2883224809771916,1.2840163555742814,1.582814308383844,1.57758958994102,1.5572946806380603,1.4649858482161318,1.5725895319415004,1.4646452334621523,1.5923709554632657,1.4374495672344598,1.25542116880413,1.283794551641427,1.1834750614593237,1.2277797731321962,0.9506992454340439,0.9509716878796259,0.8759893995870157,0.7601340123022614,0.5689201377101084,0.4406231111075063,0.3832514477261242,0.13637171063752937,0.10323878334676248,0.08455964050216347
27.42,0.4266170304486556,0.415139330722797,0.5162505947625814,0.7444812861988612,0.8973031951746222,0.9957637518111915,1.0898303151128457,1.2535990922287903,1.145779039371243,1.195101706698963,1.4843639908131385,1.5614541777757431,1.677751843541452,1.400212816364773,1.5271908380309474,1.4403467929961906,1.6172882416562584,1.672192203786161,1.3816275282190866,1.3429623442739027,1.2317968028863544,1.1750216500422566,1.0247287913931256,0.8671544608870968,0.8902826560214272,0.6331342098417938,0.6239683886809738,0.43374634744200563,0.3592419266765286,0.15511003768466744,0.09849337538578622,0.15551255744387665
27.43,0.3414467323735272,0.42950387475161317,0.5225115376997204,0.6829697689671416,0.8152620039000685,0.8615395131846129,1.0141071222106044,1.1505567127156442,1.2623907205089204,1.3779497805312286,1.4745800009143577,1.5267998866499357,1.5509623090198525,1.49451580670046,1.6263431428935184,1.3948090406663494,1.5160548359590194,1.5396962939404453,1.2650226501078403,1.30306192195555,1.226508968235277,1.2456254214829023,0.9146307671107401,0.8164401217122726,0.8965624962663995,0.7086552966611188,0.6112735416330686,0.5082858077320259,0.4236880756276644,0.209226535140874,0.12997321677496054,0.1712599659342125
27.439999999999998,0.26160646978479096,0.40460696634326004,0.5026941657341017,0.7330790558399367,0.7911256850158953,0.867701907927188,0.9104443421825381,1.046908217254615,1.0970978196758892,1.3377955790225626,1.5199287223289284,1.583214457658758,1.588567871275619,1.3769110471624133,1.5815058903550678,1.4470153123759393,1.6532919535292065,1.4565368346155165,1.256135119338472,1.3110626572955413,1.1627261017446353,1.149758778971655,1.172311535288837,0.8681257067810414,0.8711727784589822,0.754613798718242,0.5141103868930458,0.5255073834469395,0.4695105479467511,0.17110547174564658,0.11500800742069166,0.026082070096624298
27.449999999999996,0.3133491334697171,0.4363266192377175,0.6076692893411206,0.6970316782092881,0.8010477137067347,0.9505313263990506,1.0200809581861023,1.1856665953978478,1.252456701734141,1.4434767569246134,1.488412452030716,1.481587963069536,1.589405873335848,1.4108660969029856,1.5509217583495725,1.3640581108311545,1.4473089548255964,1.5119198818143735,1.2316539276345058,1.1797569430096293,1.2145304738916536,1.1367336722993104,0.9995030852817243,0.9139543476744505,0.8528500471909422,0.6294866607096222,0.46898935379010687,0.3242310061726516,0.300103203208589,0.15253489421195476,0.1530171236546652,0.0411184513772804
27.46,0.24885655583683663,0.3851895980711682,0.46283966642726493,0.6399455212630403,0.7276077666784809,0.8881979837917335,1.0456515489658496,1.183185971527502,1.2919091797514628,1.3342694339103502,1.6031915221437,1.5489420142562262,1.6095594080537745,1.4636328479843963,1.6639476748514535,1.490040935908054,1.5629503889776972,1.4346149312839218,1.2456377701385701,1.3016550735119798,1.2227076754677282,1.0856263333692675,0.9780095107831225,0.9359174625948435,0.9026919408372925,0.7345997824166518,0.5654965301474817,0.41840654815782496,0.47519215518600266,0.18645558754554206,0.015864951843787254,0.026471386037627574
27.47,0.3580707097359959,0.4740055892592039,0.655143518737225,0.7079778916391584,0.7498648529940073,0.6709769957593874,0.9851243428349253,1.1779729814572173,1.2736786956444626,1.4526160607097296,1.5564428026741126,1.4994459074878732,1.5729439265232017,1.4955017333458407,1.5816319864738744,1.4499936049339035,1.4877343975145851,1.4288631896288704,1.2195541020177143,1.3073697481454674,1.2209297243024553,1.1317145765864616,0.9236051952596036,0.8875882169868166,0.8262497424236609,0.7415832410189848,0.5188344744656803,0.4765912397844455,0.39097007070657186,0.2208658497616353,0.18654612348031943,0.14927894980504874
27.479999999999997,0.3019178558800257,0.39117399055414764,0.4653757688725595,0.5956012965310722,0.7740510560488658,0.996912590556037,1.0229274261364536,1.214887334616858,1.2002130760055394,1.4431611453063224,1.4017117609929188,1.5476916056475243,1.6895804092466764,1.4619970609874582,1.6489029605576302,1.4528912893674515,1.494920318613517,1.4328344610832078,1.2526228052031323,1.1313910349785672,1.2223616809167812,1.1273810852736417,1.0056589826973954,0.9962080835433309,0.8840060639789954,0.7379337644112501,0.4522632776915698,0.45974607846915144,0.39638651470474656,0.13213049574591915,0.018434232772676664,0.05924042593740957
27.490000000000002,0.3680733122569689,0.35364583860299553,0.6056768598757867,0.6327426003162536,0.8107834572555878,0.9855978577338825,0.9642981655480927,1.108743150021374,1.1699801660042168,1.4281391733007558,1.567483063664751,1.5492618106991256,1.579564323901599,1.576202081678397,1.585667170008581,1.4360823924142683,1.625531762048528,1.4656088097950688,1.3065917217004186,1.2108081572773992,1.173813700152526,1.0886603438392195,0.9381951223826427,0.8795211710599541,0.969995176920976,0.7435753980535866,0.4717993772751607,0.3791268323853886,0.49216696801533333,0.1825951422184267,0.024711059609521004,0.08189516080801469
27.5,0.2722331774695751,0.4590067779029454,0.5417944350274513,0.6507262362479074,0.6514575178165746,0.874413802458386,1.002459168191142,1.1487313994140138,1.1984428140360277,1.483827179266321,1.5228935236480705,1.6521594724997783,1.5825395835881526,1.3343098141866219,1.5405832642407473,1.4827059891716097,1.4768630653358021,1.4245499763633613,1.31559199651287,1.265290664437765,1.249003287016751,1.2351257252108365,0.9506890150972476,0.8897390630290309,0.7721680918821323,0.6577973666820868,0.5469240539968335,0.41706282696550745,0.3977434916812945,0.19822042254480973,0.016364036770335294,0.0007251595170095528
27.509999999999998,0.3140671827837933,0.40627150476214036,0.6254331301245621,0.6538548504118222,0.8019016260069651,0.9899021578928845,1.0106488789338797,1.162648361584226,1.2940419118800541,1.4466235404222618,1.4239794605883649,1.5895837952770586,1.52849682689658,1.5079460308017365,1.5296653019475073,1.4352919147897885,1.4973164765091638,1.4938707387992507,1.2590666020213406,1.2129440403466352,1.242471511031896,1.1873914194719195,0.9842948229162936,0.8627894389752572,0.862804352277698,0.7234365661424981,0.5445360492961896,0.4219035273355249,0.3834830201676924,0.17987171605846727,-0.0256912104979111,0.061894863786813824
27.519999999999996,0.30335518538067124,0.4226975323413782,0.5531224607911308,0.5829070834608605,0.8367298672013207,0.9236397490830017,1.0377085461959206,1.2078883693813396,1.131998061965965,1.3729307924696028,1.5177311064141215,1.5473048705469061,1.5098514685240945,1.5321027699853877,1.6349925140084323,1.4330110253776027,1.479736507975145,1.2991497446275484,1.2059051727879475,1.3101756510994433,1.1949005919700852,1.218844478969633,1.041564699191117,1.0371031046235188,0.9671696209295906,0.750093659360718,0.5289050171964862,0.4574906728543088,0.38882310759031535,-0.004436859029396825,0.07340048484149568,0.06731283560468299
27.53,0.2964105598203016,0.49145518565584945,0.6859623668068027,0.6530846967367792,0.86754245214386,0.9894058339515441,0.9983569240132066,1.0590106593264124,1.2295108426579928,1.4966096658924102,1.4754454301717732,1.554106835674677,1.5712325119702162,1.525863449765898,1.6144206327752617,1.4284226771174722,1.5528861999198704,1.5313081920794915,1.2574546758677916,1.25906604949289,1.1661901408446669,1.134554032499014,0.9910477624633419,0.9553388296341946,0.8134325777370284,0.5826675838816151,0.5927727489438472,0.37531778681753003,0.3351363045763729,0.08592483708522577,0.10949728099796859,0.18042941894938758
27.54,0.28513129105093904,0.5387582230570396,0.5535197862660328,0.7221226772073034,0.7806476731395975,0.9881100430811524,1.0561488394375969,1.119049694108861,1.316212878600805,1.4789137342146197,1.6696346050010527,1.6233376673649054,1.531593390912527,1.6484171741696856,1.6694377205621809,1.4764548098374803,1.5501377704365888,1.4278588365711133,1.3639364521809514,1.330583971276209,1.222533281112371,1.1075392417654963,0.9754704083705998,0.8744756589735961,0.8266655408034878,0.7939802601250183,0.5510122491216738,0.39157847389074507,0.35878824613674004,0.017146395513237704,0.032188497204354835,-0.04541968928268061
27.549999999999997,0.39018408278351185,0.3265645615970887,0.6284578316446056,0.6032958961925803,0.7089942394093057,1.0377945273447347,1.02097637257693,1.0734679106935796,1.2167487752416881,1.5734692744831966,1.4753411104383767,1.5009030114229924,1.4857807226376825,1.554258976583514,1.6119493569996886,1.3887510882851495,1.5151769869811784,1.477264844616116,1.2212361592277396,1.115171036492717,1.138119266923168,1.080676270154637,1.0583872139670814,0.9412068183076092,0.9001410185818133,0.7004201732531813,0.4325517431683299,0.37480468229694475,0.3589107293150877,0.053945435285721675,0.08284598060548638,0.017642487590759932
27.560000000000002,0.35559025705959557,0.49345053229320984,0.5914553946638028,0.6151512327062427,0.7447426539671902,0.8967397408292961,0.9100859312334215,1.1606563934264866,1.2119186079795035,1.5269158486718744,1.5876649789002328,1.5000604430134827,1.501033187986026,1.5690434305027245,1.6056238126054092,1.418691504818744,1.5218253627899812,1.3014366406219233,1.2395191816214153,1.2465579564889018,1.1878874249517377,1.1774037330880824,1.0559545172249734,0.885277784927877,0.7783194630336195,0.6478661440637181,0.5344367998058674,0.4217187868347617,0.3098371333039895,0.12145562996399129,0.07596779613771032,0.05714164177889608
27.57,0.2576212533078346,0.46641262024988384,0.6491898524436468,0.7593720132463018,0.7984706458906087,1.0220698140824322,1.0410573043421087,1.1555110142424048,1.2495370656816158,1.4790912123167086,1.6333500793079194,1.5567399644039934,1.5627716516252286,1.5778457761256024,1.6441903974318675,1.3888216262399329,1.5016579147691813,1.4243754138193925,1.2137211077733583,1.2869112608526545,1.1555419550376949,1.1183365552157098,1.0084917510764388,0.9207049157476126,0.9087399731600241,0.7263241643885523,0.5528503973089097,0.49045155545168,0.5430586725610671,0.18646443839601323,0.03795135667626373,-0.02946887051076821
27.58,0.3586598125608821,0.4250973704070231,0.5842996479859526,0.6787035839247735,0.7342061914339525,0.9931747260597314,0.9898938986840231,1.155694342672286,1.3186859019373942,1.4330614041097605,1.5204023248346803,1.6051226765081799,1.4899687783426658,1.5888008215615488,1.479645980018477,1.3490241787867445,1.4590808788034098,1.3908805242640736,1.248837714990767,1.2338463721646662,1.198279288986833,1.1294601082330338,0.9515493672302373,0.802434289155491,0.7117774059417232,0.6880069347940571,0.5267709688137973,0.4409339339288678,0.3779262165851304,0.07567936253083336,-0.017367665382098652,0.12051416935241197
27.589999999999996,0.2534833670985116,0.3308446949273397,0.6044838196650346,0.6829747601124059,0.830167137732093,1.1063726391472664,0.9641810209189594,1.1234747250551587,1.2934025190411225,1.5107464406937718,1.575565540431041,1.5763857232054743,1.5128043766684933,1.6188756253042598,1.5835200224761747,1.3832154575367022,1.4617025366285767,1.3537576954603032,1.2299218087354673,1.1394952482837688,1.069184992874719,0.9781401472412398,0.939826530078633,0.8575682925861118,0.8591007453021103,0.7367873931532369,0.6203821911318461,0.4845009162528109,0.4017211575580774,0.04703553601685754,-0.038397803042200744,0.05050917074546696
27.6,0.34496983975359863,0.4466984435557213,0.7403415820336834,0.8261591356140614,0.8223110107550626,1.097368643645478,1.0687540258323904,1.0545471754197613,1.1383281993391194,1.488732396228059,1.4789994171842962,1.5289669162043584,1.4483239053297479,1.5101974945095376,1.5981168215815464,1.4364200632441064,1.488455147295575,1.3664007810910237,1.293319249419756,1.068670201588101,1.062858767246537,1.0546346892790535,0.9710988836711778,0.8385715297248898,0.7948969274327374,0.658117108294685,0.5350167052980414,0.37839135481259245,0.4126933292812619,0.17101358913816578,0.07131722364687244,0.10942341023239446
27.61,0.2694415296343453,0.4518062087085827,0.6437048195561994,0.7216068585676209,0.7281374873389714,1.0732163585713308,1.048609055626319,1.1083642106031055,1.1896859914592492,1.4327483164033978,1.590970965915607,1.5546921588404816,1.5195141197980098,1.5522960341527083,1.560579005214369,1.323046561467594,1.4033341078290307,1.3646407332505257,1.2941363159695152,1.2763241264712417,1.0650064039797476,1.1138540627876612,1.0596853990271877,0.8444400558968869,0.9244235104182258,0.6303729818842891,0.5067924695930399,0.46259490670880743,0.3815956102932958,0.1578393511159809,0.007150960372027056,0.008185240183069376
27.619999999999997,0.43015631952296507,0.544147254728408,0.6358303128006945,0.691214563709002,0.8730371424349559,1.0865581693741428,1.1366692070708002,1.104997555581234,1.3140168506167433,1.5753902138048088,1.518600054791975,1.58974515743387,1.5391596270003123,1.5780170956810116,1.6131650122465349,1.3730471033544496,1.377442484789486,1.2610519305039045,1.3001174943601048,1.26772301808977,1.1597635002301538,1.136289973181209,0.9035393573982795,0.8352596705077461,0.8320244827739539,0.7600010126116197,0.6378322203052771,0.39670701558997523,0.3000780671736405,0.10273061754991372,0.17051348502666527,-0.013023079827695981
27.629999999999995,0.34691149004935196,0.5179105417585737,0.6643850854058164,0.6698438133053779,0.7945469580384918,0.9700313046564312,0.9795227868320543,1.0366377495984633,1.2685905425936803,1.5020832105645363,1.4381230422841544,1.5739323116451245,1.490666564624587,1.5345346484032336,1.5054484336229768,1.3195887814122629,1.4140260390689385,1.403896223940544,1.314680945975822,1.214213889036953,1.1960852855236563,1.0360148244216212,0.9285509013125198,0.8662113501996945,0.8448892935442353,0.5971385858606382,0.5301505724095601,0.4425348831793244,0.38291370347851045,0.15572301778077524,-0.02890846416065076,0.039938236490265414
27.64,0.42489897142579475,0.47300812079934257,0.683035319340881,0.687016949897455,0.8498361101258984,0.998099452852982,0.9586413603051364,1.1444831325170086,1.2903233610113105,1.542748194419284,1.5084423278496235,1.5241729375832462,1.3954080444948245,1.5770883511548714,1.5426282483075875,1.4407415218109496,1.4883903020636469,1.2934819862731652,1.181718297613116,1.1711289934004745,1.157916291056296,1.16550378061807,0.931544495554762,0.9517895794884332,0.9204702481087371,0.6697887405212057,0.585861049956655,0.420245916336755,0.34214883205207697,0.02353586783266757,-0.039136404016588314,0.012232709797652189
27.65,0.27603169798947197,0.37639487151369655,0.6788394702757029,0.6583483348630255,0.831857607849356,1.0974691187195909,1.075435251514616,1.1024270151182536,1.2710816572018675,1.5170999513061332,1.4090471928781043,1.5442992490054706,1.4023059396237385,1.5380357992128795,1.626595415894414,1.3580960072427686,1.3062300699750828,1.3397930374217975,1.2878618439424931,1.105437746658819,1.1199689923442477,1.0096687271530014,0.9841587481277786,0.8534839229283602,0.8756960017787858,0.7019379535524078,0.4989113636176636,0.48683207295946435,0.346433471034764,0.08317799775351699,-0.03335128062387546,0.06361578412769585
27.659999999999997,0.39046293810892635,0.34230520168037826,0.5956942846655547,0.6598253538839687,0.9032797027877265,1.070433719460898,1.0073261402069635,1.023574318652767,1.1615907017061604,1.4423801740170679,1.4105924208634613,1.4845310853503026,1.4509161825688857,1.6324966191013788,1.5263363935725551,1.3832216789078913,1.4259087250305362,1.2140670644176086,1.180583765511414,1.2441510024452573,1.1102035924774347,0.995162760908416,0.9884593501694646,0.945474927853304,0.8363795236737024,0.7342181437991722,0.4978095541262175,0.3383961494490739,0.4125927396649527,0.1561117567924556,0.06540277862496355,0.09823486434397778
27.67,0.23520140744533638,0.38948602030545326,0.6451680364933453,0.7708820139080277,0.7950245185349644,1.0713620302485072,1.0504818952286634,1.071729378787292,1.1565206842036337,1.3634713527694442,1.373772306400648,1.5301935508634923,1.419314653009772,1.5535664428404967,1.629782367480951,1.4492067480884891,1.3292233131672921,1.367173526109585,1.3065283504934204,1.0916531875757394,1.1391586984147426,1.0524086403256507,0.9148926718642655,0.9868321953870924,0.8731728102967198,0.7662132242629939,0.6218586894266561,0.5356724168712105,0.43500411292064467,0.16623449084164116,0.09299186872447823,0.03841591297681496
27.68,0.3343192612558743,0.46494185759965034,0.738270821905267,0.8114562717357378,0.861654512979148,1.031160410439281,1.111297299129052,1.1933530098700371,1.3377282012070895,1.4872757229721159,1.4891920249693222,1.5388888718435365,1.4285507502468344,1.503247809251377,1.4996473990467922,1.3632241147441402,1.4134925110889793,1.3318928176196447,1.340380900020342,1.1812534372964771,1.2757668292130582,1.0343999010806575,1.0159856571156114,0.919476406350094,0.8007467723205435,0.7738902711422639,0.5319015814303885,0.4105452226841438,0.37972162570228296,0.07020895514936153,0.05351419325502089,0.09010651158171185
27.689999999999998,0.3306160368758122,0.44389507884662954,0.6839983721500726,0.6142703096606533,0.8582594074409218,1.0887737484482367,1.0465120781047674,1.1149602936468819,1.3345078637113588,1.5171585970392383,1.5253473766538466,1.424620069724349,1.3757657202354212,1.6111648546969668,1.5740040617042403,1.281711682143712,1.4631727948164284,1.3420295569261174,1.2681237496395872,1.078559053491842,1.216327467166951,1.1338717167400099,0.9628065646619409,0.8842569361127203,0.8737204749543144,0.6663514400406497,0.6030497840917669,0.47817851339544376,0.4379822707798008,0.14345871852879677,-0.006034248844476942,0.09551354642785262
27.699999999999996,0.5458520376425801,0.5168592890455619,0.842013252342405,0.6834289569127455,0.8008492440710653,1.0787224799235624,1.0618322969785177,1.0908618064520872,1.2108982933114019,1.4486222024098014,1.4248468459308141,1.5091646688984026,1.4900717386104785,1.641061870988305,1.4900167971350773,1.3563256213095027,1.3582586168447703,1.2162808328346908,1.216969806905578,1.1977748228497656,1.2065707048235235,1.2018463219952022,1.0552575923207574,0.8475336873391972,0.8997964401601791,0.7999406814352146,0.5611634537038772,0.4512228140347132,0.36162927818480217,0.10013539829433163,0.02189389374225419,0.133420629658859
27.71,0.18628372764677498,0.43843375612202434,0.7468264735662082,0.7134925176091905,0.7024201446810965,1.1498818527380479,1.149702144345512,1.188258963420003,1.2146357479153134,1.2936053658976212,1.3479965400413028,1.4475804669534598,1.2940068587185465,1.359334629426055,1.565290426083526,1.3911896380535564,1.4157234769452054,1.312955986980325,1.2333192354010032,1.2154551765870116,1.2889013706156256,1.1222311388074409,0.9769345646915801,0.9142143056781632,0.7811771645114175,0.692327266031041,0.5188538198211883,0.44424888493260256,0.3805483430122064,0.11901788245863358,0.012539900532150289,-0.013913324410126209
27.72,0.38947385420852443,0.5155228210896126,0.7042506443950934,0.7185713809431359,0.8378029266753375,1.0895458897258048,1.0363694863444721,1.1428459784473086,1.2311662344158512,1.4609186854102132,1.3656860392449066,1.4596435251127597,1.300705173986862,1.5684790291896324,1.5166243810915987,1.4048292383451362,1.3202192140072115,1.2725121479280275,1.1777195685267126,1.1753581914985411,1.2296585669849724,1.0602453355206343,1.0810627507947494,0.9933940314982691,0.8817864921176483,0.6766173486555643,0.5712344418446111,0.39892149486012246,0.3785780722332111,0.12536688580255925,0.01353043039464142,0.012018761119204024
27.729999999999997,0.47397378653639943,0.5575450396877585,0.8511546167497224,0.7907938211833213,0.8232615991379062,1.0673920623691018,1.0736053103127075,1.1659178410100837,1.3260279963890742,1.4338126535416431,1.3534007222040334,1.4111175394463904,1.4016690381913124,1.5385627859107687,1.464808491136314,1.3974879912342184,1.275758365104954,1.1935876968788697,1.234328426062732,1.3065172462438506,1.2064767551401736,1.0575324155702068,1.0123184455909318,1.0100049963945936,0.8901482873163389,0.6647541717655672,0.5994088996338957,0.6332936213272546,0.3955615632451848,0.14764442963013752,0.019382305883042347,0.11074819651593958
27.740000000000002,0.3919374040510738,0.45591256183532464,0.6505839389882031,0.7086912723877953,0.8345281595156905,0.9451323274167871,0.7953663821693364,1.1265092662170888,1.333071171325504,1.3001073945200177,1.1855865155762102,1.4502524949537903,1.362283400316492,1.5896387141779695,1.4384043919159069,1.386950045328022,1.3906181705128933,1.272354355284182,1.1850269764371315,1.132831579470983,1.1484578253074371,1.1392383059828317,1.0664785517779467,0.9345221823066204,0.9221916546331753,0.721615358404005,0.562066446430946,0.5081206688596327,0.39021012239048486,0.18554749405934673,0.08186122559925176,0.015022996749732717
27.75,0.3586853745860644,0.4625468340309178,0.7312239819228519,0.7195244787570075,0.7844265955585298,0.9979628704170714,0.9749947539802134,1.0945440211826254,1.2683322000310575,1.393947754679859,1.295588223137614,1.4063088680367462,1.4000099391157295,1.5561823416158362,1.4720793556472778,1.252801941712429,1.4315895209546303,1.3697096882322777,1.2873836101909524,1.133799193245332,1.1974324883883816,1.0079200256429819,1.024253327204173,0.8489575834882401,0.8506546591960125,0.7067464032407432,0.5290208592912162,0.3765458706391363,0.3898922988016419,0.13297652692031864,-0.10944205522553621,0.0453489928460668
27.759999999999998,0.32057856378199723,0.5003973868014175,0.7847185786514901,0.7217440842215043,0.8733342157873253,1.1595554165397726,0.9576836807728072,1.1801113282348288,1.2224676558679972,1.3854664081345593,1.3734062419795618,1.395242686996693,1.345589635861348,1.6192282140717593,1.3824381514463555,1.419011402499756,1.4043327013118774,1.268698342819696,1.3089100953369086,1.2807906478823858,1.214269714990721,1.0414209264130494,0.9678702592858107,0.9506359267987798,0.9420768690339463,0.7577229313958793,0.597302008468553,0.471987611436726,0.419838106507579,0.042381377835937525,-0.06377224091417891,0.055652898800307084
27.769999999999996,0.3890034805113598,0.5468821632573586,0.6993747427677576,0.752636085929767,0.8249719222530842,1.1437967067446297,1.0516619845619515,1.089424109141669,1.2176579662972757,1.1557037144044915,1.2541353825201986,1.3865825696793392,1.378414695077826,1.5592859666829544,1.435580233933196,1.3827842042610472,1.2151268985220636,1.2634014139248795,1.2930980932135592,1.1805925763623626,1.1909550207036976,1.0294298826795856,1.0025444492786022,0.9425046720553956,0.9155853251281756,0.7901133338186139,0.7503485321590904,0.5197814309213726,0.4632999408208947,0.22408022858413204,0.01186034829864224,0.17719698258127592
27.78,0.31638724459840173,0.37385630924818847,0.6523179437393308,0.6768933838419061,0.8964167254524991,1.102286161917216,1.0468281143144764,1.1988847306295538,1.2837562708140169,1.3484579640985335,1.284749070811832,1.4976068800717945,1.38921956303708,1.534337931925796,1.395915094200468,1.3106839848655347,1.3657289422282624,1.2646887980201074,1.2242915770363816,1.2194867400187797,1.2097508319145098,1.1070014415348168,1.2170499491743438,0.9124103893588219,0.8352957154750894,0.7467269634084848,0.5617125922852922,0.46280401986164327,0.3548500019924215,0.21369342990701046,-0.012664768944262722,0.028477964009103924
27.79,0.22332083710583284,0.4548187582768187,0.7459209131833797,0.7976990555128622,0.8741329400772655,1.091811966047033,0.9863295909051635,1.069885639614738,1.3551676332028093,1.456012556391038,1.3291846322224508,1.3353167433635116,1.3525647473546,1.5034960744731214,1.389101002641357,1.378529905016062,1.3487930030475337,1.259594340467644,1.3473431409638184,1.2676394894267733,1.178209757561989,0.9651869222852593,1.0053914094865894,1.0682108817894889,0.9281302956244977,0.8036801256125219,0.6378458587132422,0.5770335157014465,0.3975582837802743,0.1672900725734309,-0.10595620285882985,-0.06912179708380108
27.799999999999997,0.3460082746122626,0.5551435547435277,0.6507345300811055,0.7702979559970428,0.8944929309683174,1.0922059491554577,1.0422734089502048,1.1485818749790702,1.3163947856150502,1.3498473443748296,1.217814533101623,1.4348447396763622,1.3785896724160116,1.532613317909342,1.4439840243766922,1.431371373951756,1.3585737070597577,1.3252843059302688,1.356436867501519,1.2892758479251052,1.1321095554824103,1.1133834521830304,1.0475847346891982,0.9418609613300712,0.8978387319577654,0.708007568142175,0.583435165182158,0.42305388269149846,0.3288470547135585,0.07593006698931622,0.023365588260729767,0.11369145888392017
27.810000000000002,0.25632513001616697,0.48288922344493085,0.7626536511636651,0.7607764495613617,0.8580969385050609,1.0249537138049458,0.9211329751812223,1.2057856356641947,1.3569607220365933,1.3280545486027622,1.1946200393730073,1.3330977889159086,1.2863048209531889,1.524609088563841,1.5066260348616414,1.4726701900644106,1.3163160613977005,1.3354856256210477,1.4320955348941,1.3037263566623076,1.2453874807694454,1.1504687082932854,1.029562136831252,0.8644627116000718,0.8847112090079223,0.7815863494268791,0.6082464413681071,0.5212122959559552,0.46850315247992147,0.17951523675952152,0.035597696369960616,0.04064330185235704
27.82,0.39077357314700123,0.4999528005342747,0.783201718778959,0.6707494858108878,0.8452445730137454,1.158002830737621,1.0854897907427854,1.1318408396586928,1.3460667714397325,1.3789383930456292,1.2780842508886272,1.4308435126199321,1.3365308704310335,1.528764564897523,1.3580942922533357,1.3800531095838529,1.2102595831341119,1.3614869685957172,1.4599973524178174,1.3724972462500853,1.280806528931117,1.1320504788787225,1.0261824556667722,0.9198577092116609,1.0033086533748452,0.8181092044680205,0.6078690453894829,0.5664967867750627,0.40378580563091643,0.14834175768184502,-0.12559185985460208,0.031158824760116263
27.83,0.32437575604784147,0.49046200248204563,0.7847149514578268,0.7892283039973637,0.9465048534647864,1.0610892335550652,1.0875662703549513,1.1314130568559595,1.2876698933531177,1.2979856080213354,1.2081548876131367,1.3071151982642162,1.3904535450437165,1.5431145658537135,1.474174262622877,1.4299746802256676,1.3980206167987261,1.4437255085037004,1.4469695581993836,1.3615431715631239,1.1728113582603765,1.0982720725149135,1.0947651438742314,1.0084450123294062,0.9332619056757372,0.7637112182021464,0.6549567719222482,0.4617813728232627,0.2955748139976536,0.18793744555678307,-0.026198199123756837,-0.005865828027782821
27.839999999999996,0.3267119983258128,0.44672913190356783,0.7492785986512835,0.7349355881746603,0.8659376487399918,1.0954324253193166,1.0441956484034873,1.1636572186530003,1.1730292869018357,1.1816959551449924,1.1658571142872645,1.3493073193252205,1.4236893562058226,1.5744251704887473,1.3735331326944586,1.436808906678868,1.2880464481676441,1.3079645089883092,1.2937349369771811,1.46144611742113,1.2346369622351405,1.0670065518302403,1.0102173615051757,1.0119599608718461,0.8771184412029317,0.7515989946307992,0.6978112699900522,0.6551200890627746,0.409853036466026,0.07532014097058867,0.00020956299633203591,0.024151148688364706
27.85,0.4089514015494049,0.5159956382840001,0.6765505720390005,0.7572249964717916,0.9552678783465074,1.125759803160326,1.0176197003649599,1.2305842521238723,1.372823154054697,1.4171412665189371,1.2466155709323752,1.2724745285397767,1.361795638958672,1.5791341818605438,1.3740200675346443,1.4333104900732216,1.288716817090231,1.3594784402733002,1.4238770213522505,1.3858486465589592,1.185021551656391,1.0732430392954955,1.0701112465629659,1.0241544073602311,1.038226907366303,0.8749540290574136,0.6235265556818128,0.5489738184457952,0.43336964774140513,0.16316755969273272,-0.08328985900870553,-0.010271829966686588
27.86,0.298319689636679,0.42126641375900115,0.7130058858276523,0.7376181127887483,0.9419850698980387,1.1359566635947147,1.2114138106367363,1.28222404811933,1.3435389269143678,1.3172226105102665,1.190618585427381,1.2845490490343339,1.4139687482500958,1.5980060490440933,1.3659981529399488,1.5194502368849383,1.3066687141126792,1.2353395210018172,1.3536156256109064,1.4356250427185107,1.2624128586190344,1.2320602651435486,1.1829287936645434,1.0436042902190519,0.8987540256650961,0.8479697359618225,0.6256078145063592,0.5356411132880637,0.32415435353284017,0.15357213733078,0.03111370251159584,0.09114481381644478
27.869999999999997,0.3690271827186447,0.5387670399061448,0.7129788123411597,0.8359138355936908,0.8649247969845453,1.0090636692033934,1.1749974503005105,1.2860230889762607,1.4046089618410156,1.2654982392995366,1.1505399732647958,1.2262365416087502,1.4516979688842226,1.5528899548569632,1.3855869787940462,1.4638062531670837,1.3071250041385056,1.3501892188042297,1.4564174848166251,1.3292884031498886,1.228149946229861,1.0582918653742397,1.0568931817548093,0.9801407533851056,0.9712174499939702,0.7924235531682254,0.5917299529172233,0.4774352989954418,0.42930938566107824,0.12914347125930853,-0.11220751859496637,0.006735479354054358
27.879999999999995,0.3761211438349898,0.4792907898258314,0.7502492266531778,0.7805852187582677,0.8695280176103029,1.0338196400191182,1.1292607255056932,1.2955077864969469,1.3374108710937707,1.2604600310869534,1.2938488062259257,1.3251597760881104,1.255416545695106,1.5269988164879622,1.3660234324497766,1.522151985863754,1.4396344873264044,1.2156090904862797,1.3773113648756794,1.3563178590347555,1.251655609048124,1.2160378510790073,1.053257280529012,0.9501117230482187,0.8429848344228977,0.8429862896115548,0.6512033187169592,0.580591420364062,0.3040115157555188,0.002438881788353907,-0.10627635324870796,0.018111083089538342
27.89,0.39644895833105565,0.499944470301802,0.6759771243642623,0.7965505126595681,0.9434442700420141,1.1070618859563148,1.1079855081398837,1.2966280069813647,1.3653546344585394,1.2513525244514794,1.2145240305303664,1.285675737180093,1.3206614398867718,1.493877294717104,1.416932149469098,1.4843678405365313,1.2473857021046477,1.2805262965321682,1.4371516493447285,1.4732063423080595,1.1934855770477264,1.1511447314236372,1.0754414524654305,1.0426428649872552,0.933932539735859,0.8169634311400442,0.6675658575483819,0.5165392957799385,0.33846458661961554,0.23297675857814523,0.012053326990737639,0.05417296062155723
27.9,0.35671525145910926,0.58288030395899,0.717787108474644,0.7391396739206382,0.9094757486195587,1.023220470283596,1.0499810449560694,1.2911616404069115,1.3713831993189802,1.3426810250109211,1.2021898222866654,1.2926634349109325,1.4235913456345604,1.56802375093055,1.3653224723394408,1.4890946904679656,1.3641983244750964,1.3657237253422214,1.4435927328123188,1.36175790441938,1.2941781530404157,1.253904773178844,1.0949427361321518,0.981544100790416,0.9048066598611014,0.8655636355211466,0.6772156992286175,0.5479559476202599,0.35103599127037133,0.23355134526767266,-0.06803050431499655,-0.05272222165081738
27.909999999999997,0.37078005090265614,0.4376413840133136,0.6877269180793111,0.8203084822862753,0.8402706151356898,1.0706585675985232,1.0562909890749406,1.2037825725826583,1.3477392811739968,1.2351258799737281,1.351990513139492,1.3153527955296906,1.3796031185864712,1.5200479362061288,1.3114665592546597,1.5209844609353338,1.3745716195774524,1.4525453125309065,1.4478468057747487,1.340053710786133,1.2414929073876826,1.2246746854500399,1.11347933359159,0.9248675192574227,0.8121749241062409,0.8081916779577738,0.6169646779781421,0.5193752178331167,0.3527401489793496,0.25723020883364994,-0.04804647602490779,-0.010615672851672413
27.92,0.3953625735546748,0.4840496022734868,0.5911691150748061,0.6833732936260678,0.8558343156908212,1.1206725198819238,1.149263707433747,1.2933777718813495,1.4110973956705213,1.3063876554537912,1.310719595043967,1.3252909129109507,1.3226464548692543,1.5069174687453792,1.405303644784691,1.6209273632079193,1.483131839292379,1.4574234325074606,1.453514612381047,1.388531188771373,1.3202520752421008,1.2609853851602795,1.1106677231623565,0.9749148185618346,0.9321571352525815,0.923029834288652,0.6441479231633614,0.6565098973603336,0.33463772839778805,0.07648094309441021,-0.07136632362023622,0.017861216620453268
27.93,0.42431442707091377,0.49612323676311987,0.7829720724777778,0.7764138332987724,0.9051271862871613,1.0101942458667157,1.1102109938806468,1.294563217512104,1.399259661103736,1.2764133245988172,1.2614638456064982,1.3724500555201975,1.4673709557934103,1.6241074295294633,1.4014894743582236,1.551176368374707,1.398865269593591,1.46548987080567,1.4828513685389955,1.3070786250081654,1.1954602321482843,1.215629776818095,1.0982916686855684,0.9798006424964117,0.8048393333900741,0.8052317465849288,0.7068438519276619,0.6533922224244388,0.4012104548422507,0.18960215912432393,-0.020097290045281647,0.028808241748293353
27.939999999999998,0.35120635440731685,0.5743892001732849,0.7831698663908963,0.8579024571149566,0.9111101276193145,1.025291573632327,1.0959371554250075,1.2350718805800094,1.3581153172282834,1.2225644192378278,1.266999537845244,1.304182256170791,1.4229159330483856,1.4728211496025132,1.3771945954424913,1.4956584328614337,1.3055501528689277,1.4099162032295092,1.474718372944786,1.3300871726416381,1.2463718033230815,1.2247625356895855,1.230975468206955,0.9948051544801895,0.9064782368877233,0.8946020321895897,0.6730248013820606,0.6051618414925732,0.364199122588066,0.14074067381003513,-0.04640624081241023,-0.07133014661381502
27.949999999999996,0.4664727259393705,0.5693125321276731,0.7521482376848039,0.8004815526637122,0.8595029513982679,1.042054424910792,1.0983569371148918,1.1912737354960277,1.3458296153885967,1.3134597681941018,1.3603611144078012,1.2898773697468982,1.3235325755390974,1.4533194925635164,1.361240106554805,1.4691782391896213,1.4139640483577145,1.453591240351508,1.4092101580959937,1.4702449390341132,1.2550704478506909,1.15896474326002,1.0687805992458146,0.9427563388515318,0.8698102780438491,0.8139507632311358,0.6183988333492916,0.6014854202783645,0.3617551267383672,0.11409095462997111,-0.029546613075999494,0.06272148014706173
27.96,0.2771636196253466,0.5781352075196751,0.6624867348431118,0.8096757409880628,1.004012941515679,1.0171529051525239,1.1240240955585183,1.303906138599581,1.3616212517842823,1.2142754371273154,1.2504556889189757,1.3383045988754416,1.3855703315742383,1.458058163308533,1.459099033372491,1.5741186874859743,1.4025216614407432,1.5069054996959033,1.4770578672388783,1.4460634612960759,1.1885195245969988,1.2309708055774242,1.1643974946284963,1.0946433208284043,0.9060721403815652,0.8028487052832799,0.7317731024903273,0.6257298778837594,0.23541569003799295,0.16688366899145615,-0.05311187605597495,0.03253877349069511
27.97,0.40869827739802145,0.5785508016960267,0.6946302223973302,0.7684348873573558,0.9717806023914988,1.0119952615907242,1.1879250779623804,1.3222462545222764,1.3935231874806613,1.329727530841375,1.331663220518538,1.3834848933173358,1.4716330124145878,1.532939677040475,1.3025442901790438,1.6067875094807305,1.3795433889463686,1.4678257315109537,1.4751824660481505,1.505740064400409,1.2440700394462314,1.2643998286087232,1.12009075580362,1.0922704256088729,0.9213929312205287,0.8729003231970287,0.7195237651617719,0.5716101328190093,0.3161375113154245,0.03489639060765155,-0.08942939982580239,0.05348801890202644
27.979999999999997,0.3957816554287164,0.5917425926778317,0.6883557594038814,0.7249889576560722,1.0058071702170859,1.0280520230005834,1.1306640034197666,1.3367572162868804,1.3536267513198843,1.1863668483181653,1.20119402742031,1.331889313310251,1.4697197444136956,1.4079595804367675,1.4256401016101405,1.4478495082849157,1.3617408222419631,1.526685060154669,1.576590290673297,1.5787250295818436,1.2313517185686587,1.2707742054596909,1.0326324853130455,0.9974162321199772,0.8409358910017394,0.8512788718550567,0.7058498775085353,0.5219984715505479,0.38177503434629184,0.20474838723765068,-0.05089407072924847,0.009128213944357998
27.990000000000002,0.3981634806736043,0.5043175969200298,0.7059394430623829,0.8003830530678264,0.9089099239860152,1.0247272161344316,1.1830070478286787,1.2867794669474053,1.3414593808011972,1.1647851263376314,1.3047192449407996,1.384689006215997,1.397960200451171,1.4635967559070895,1.4974411846617368,1.6478140741851308,1.3832675945699338,1.4360027578309582,1.45741302694089,1.4747564501414552,1.3273137220001363,1.2172654797298257,1.148082598250944,1.036953198696505,0.8684009331244792,0.9370853644222352,0.6574082515927346,0.5798651650368024,0.35646220509788146,0.17590778371786697,0.0022506477203806862,0.07521393561131547
28.0,0.27714018555597764,0.5450032055858924,0.7371538324638496,0.8023500716546799,0.9090126711037884,1.0220620978379447,1.154649718658502,1.311177572218857,1.385451007288382,1.2969408643728217,1.2386479374357982,1.257457564895323,1.4093615915209994,1.5135965573129633,1.4232114022957072,1.5427722274760365,1.4004849051675667,1.3577965206355027,1.5090611558503437,1.4914340198657852,1.1783757912906871,1.1744768996683617,1.1123300781388885,1.0428557343867115,0.7851518906737529,0.818061528686124,0.6719765745479298,0.5904297027277665,0.33681914559334253,0.12443956117714937,-0.10789359980641863,-0.05777071837669806
28.009999999999998,0.3936271595577422,0.468747750741122,0.7775298343023087,0.8404950312066424,0.8998161963218195,1.0364459784333055,1.0763095291493838,1.288129995179048,1.3619979325326923,1.1661307414589435,1.3579306940986473,1.2938505259377546,1.4538300670288906,1.4897999515940241,1.4005258899298805,1.5268589378007258,1.4263189289409246,1.445146862355137,1.4615787349080829,1.4464381467095349,1.2289497158491165,1.2678398561280182,1.1837560175155044,1.063445551426949,0.8808592551374896,0.876650471899622,0.7017745314831205,0.5821662773479981,0.35406742987246176,0.0569109415022997,-0.030113786555668643,-0.018247432153180275
28.019999999999996,0.3400372149024784,0.5421426169743961,0.6548549245750552,0.7986870322354352,0.9443575071816593,0.9595139944875887,1.0973345679417956,1.2865607884130092,1.3571408326248453,1.1539654177338474,1.3473092475574677,1.3533736520318191,1.3906457385092024,1.4402576171690182,1.285138541771734,1.602532957250831,1.4448970271909853,1.5687936714738357,1.4624694921997656,1.3162477634110132,1.145577772621118,1.3316611522307058,1.0637554206253912,0.9486350107554067,0.7821756506590575,0.8251605585436903,0.7145563854536712,0.6305894762276197,0.3078617275635574,0.08878024178754296,-0.013056266101439864,0.004257653343526825
28.03,0.4152392071505513,0.6229986144546598,0.7030415207908678,0.752864442098362,0.9882335607554084,1.065394422627398,1.0537259013757023,1.379048048175463,1.3643939479727902,1.1742521233380707,1.3126994048931788,1.3526002032090962,1.4280931635635747,1.474087591831295,1.4294337996238493,1.66766225207719,1.5477769363717997,1.5319363334852896,1.5288352423682723,1.426656522293447,1.3183054153311513,1.3230269410675435,1.1699287575511739,0.991480925396915,0.8007402915114635,0.8527953196576497,0.6549349630556047,0.530302015522474,0.24842865867990807,0.07938955860819169,-0.09362762266402425,-0.10582505041862114
28.04,0.3601072512694857,0.5212351937367684,0.7429247403334784,0.7486835758355395,1.0195781011001146,1.0546114978514776,1.179956872725655,1.42038641277815,1.469264419814059,1.180639354758514,1.2945044187439287,1.3361312046935994,1.4542037980152767,1.4672759577698553,1.4584708364695693,1.603391803158334,1.5264755749632148,1.5591734976669638,1.4493439029438087,1.4129434096436664,1.2607283889760597,1.2505649369810643,0.9691731737463278,0.996065053309792,0.7951336692740251,0.8724766773627762,0.6623149868699176,0.6123315120210879,0.2883237902096732,0.10561260534928406,-0.06231972106235152,-0.000745230717047865
28.049999999999997,0.4587720644871631,0.6148316365291324,0.8026062767647751,0.7982771342455757,1.0348164698369122,1.1697183229161887,1.2092318757341882,1.3634845002458749,1.4713309866870765,1.2257559002272673,1.4145883813257047,1.3745994339178,1.5204926620082007,1.583225982867544,1.4888565650554706,1.608291934580373,1.5299970031337677,1.4616062269329602,1.4300640300138487,1.4327777914075737,1.093146406610127,1.208279955389775,1.055312729701376,0.9392410990490614,0.8207692072996393,0.9708360620045157,0.7069860966198682,0.5869967892148864,0.33833811090468724,0.07398392318829781,-0.07346491014736284,-0.023879090994869366
28.060000000000002,0.3289092852856205,0.5421579466851653,0.7140180516245829,0.8746066843383948,1.0197726833432048,1.0519580998039584,1.183944394110305,1.3425384709599322,1.3573066095528667,1.3486190052488358,1.3346728335381333,1.3258224753579686,1.3926590753705703,1.4681750146773402,1.477594068632437,1.6564768173058722,1.606762259829276,1.579727169565761,1.5295176128302306,1.303484157528676,1.1324562432649272,1.3270193778299357,1.1453359465053465,0.9837458487639497,0.8850388985772044,0.854542780587345,0.6793951112249795,0.5390443672151344,0.2879105160647995,0.04692727185877081,-0.032305997242594545,-0.07408780275064498
28.07,0.47930789071869595,0.6608331370547255,0.7024865950122146,0.8191800080717031,0.9727020421526242,1.0420081697904293,1.16414612181029,1.253001309080292,1.2774854222847913,1.1771579625409643,1.2946555020832615,1.4684710864121415,1.5517215064390737,1.4484711585709187,1.396702057650907,1.604487016199342,1.6474050240241753,1.5608851482837764,1.519218880524436,1.6295159482943018,1.2580758172242485,1.2613050706327489,1.0922387481678586,0.9771213790095562,0.7897748102694044,0.8852077610186576,0.6702531954838444,0.5836263019877438,0.2917222058605903,0.16375925207575395,-0.041989230701412444,-0.06922745996890524
28.08,0.43558258682987594,0.5911760772499833,0.6994434027894193,0.8304518106462447,0.9467112042602073,0.9310321672293509,1.1168379616402837,1.2394187889183104,1.3845375816954124,1.333378854886004,1.441374483737731,1.4187346960138425,1.4519963273145828,1.4483831762937227,1.4534555683974006,1.6276085705036543,1.6088589654023422,1.6414247495356216,1.4870236515016098,1.3708829813787033,1.255322639294787,1.2492299789634391,1.0403544129423141,0.9759175769148136,0.8445258907866379,0.8003682425709312,0.5948470925695274,0.501846442999797,0.22318258143600653,0.10510691234548396,0.024772553481887623,-0.030696789858093577
28.089999999999996,0.5205910956252614,0.7500618857023225,0.7149629593658577,0.9108296448880933,0.9690850245745035,1.1028429437464027,1.2348818397023826,1.3192389914467861,1.2933454447362356,1.3524228562421063,1.3671212579094192,1.3269999536059143,1.459077411404604,1.513810538052308,1.4861501821625547,1.5683007371588182,1.6857263136707066,1.5367013642195861,1.526710719622023,1.445690655569643,1.161774573605435,1.2702072671920208,1.0586452362849434,0.8981623921529938,0.8446426173612919,0.9718589039476551,0.5996207340629164,0.5158758808770355,0.30878371088042905,0.049162920018118055,-0.04641415041340291,-0.152169295274226
